ISOTime,Flow,Sal,Temp,ones,zeroes,TSS,Oxy,Sil,Amm,Nit,FRP,DOC_T,POC_T,DON_T,PON_T,OP,CHLA,TN,TP
01/01/2007 00:00:00,0.0338,0.5961,25.4890,1.0000,0.0000,6.8200,158.6413,68.5152,1.5037,1.0492,0.8550,595.1885,211.0377,19.0628,8.9787,0.5543,13.0355,40.5895,1.4948
02/01/2007 00:00:00,0.0334,0.6068,25.6839,1.0000,0.0000,7.3233,156.2992,68.5152,1.4339,0.9933,0.8141,650.7055,222.1411,18.0804,9.1156,0.6054,14.6941,40.7353,1.5009
03/01/2007 00:00:00,2.3147,0.6070,25.6089,1.0000,0.0000,7.8266,157.4359,68.5152,2.6601,1.7556,1.2688,632.7616,218.5523,32.0193,40.9729,0.9869,16.3527,72.6948,2.3825
04/01/2007 00:00:00,0.0485,0.6015,25.4247,1.0000,0.0000,7.3532,159.9788,68.5152,1.7019,1.0560,0.8363,585.1756,209.0351,19.2965,11.4539,0.6617,18.0113,43.3157,1.5817
05/01/2007 00:00:00,0.0490,0.5960,25.2405,1.0000,0.0000,6.3665,162.5217,68.5152,1.8918,1.1073,0.8714,537.5896,199.5179,20.2722,12.9853,0.7019,19.6699,44.9869,1.6604
06/01/2007 00:00:00,0.0482,0.5905,25.0564,1.0000,0.0000,5.3797,165.0646,68.5152,2.0156,1.1162,0.8633,490.0036,190.0007,20.4749,12.7709,0.7083,21.3285,44.9124,1.6580
07/01/2007 00:00:00,0.0458,0.5850,24.8722,1.0000,0.0000,4.3930,167.6075,68.5152,2.1226,1.1152,0.8478,442.4176,180.4835,20.4957,12.1519,0.7091,22.9871,44.4331,1.6417
08/01/2007 00:00:00,0.0431,0.5795,24.6881,1.0000,0.0000,3.4063,170.1503,68.5152,2.2222,1.1104,0.8290,394.8316,170.9663,20.4463,11.3814,0.7074,24.6457,43.8025,1.6193
09/01/2007 00:00:00,0.0407,0.5739,24.5039,1.0000,0.0000,3.5083,172.6932,68.5152,2.3289,1.1092,0.8132,347.2456,161.4491,20.4637,10.7550,0.7087,26.3043,43.3160,1.6032
10/01/2007 00:00:00,0.6330,0.5723,24.2517,1.0000,0.0000,4.3723,171.4769,68.5152,3.4497,1.3587,0.8795,350.2070,162.0414,25.1158,19.9561,0.7060,25.7420,53.1706,1.6734
11/01/2007 00:00:00,0.4653,0.5731,23.9713,1.0000,0.0000,5.2364,168.7050,68.5152,3.8926,1.2473,0.8882,374.0520,166.8104,23.1001,15.0772,0.6357,23.5750,49.1574,1.6127
12/01/2007 00:00:00,0.0466,0.5740,23.6908,1.0000,0.0000,6.1005,165.9331,68.5152,4.1536,1.1210,0.9417,397.8970,171.5794,20.8026,9.5510,0.6072,21.4081,44.4969,1.6431
13/01/2007 00:00:00,0.0437,0.5748,23.4104,1.0000,0.0000,6.9646,163.1612,68.5152,4.8242,1.1241,0.9900,421.7420,176.3484,20.8996,9.1226,0.5797,19.2412,44.9343,1.6687
14/01/2007 00:00:00,0.0391,0.5756,23.1300,1.0000,0.0000,7.8287,160.3893,68.5152,5.3014,1.0863,0.9936,445.5870,181.1174,20.2354,7.0514,0.5321,17.0742,43.7288,1.6250
15/01/2007 00:00:00,0.0331,0.5764,22.8496,1.0000,0.0000,8.6928,157.6174,68.5152,5.6181,1.0268,0.9696,469.4320,185.8864,19.1649,4.0830,0.4776,14.9073,41.6261,1.5442
16/01/2007 00:00:00,0.0329,0.5772,22.5692,1.0000,0.0000,8.7251,154.8455,68.5152,6.1991,1.0221,0.9956,493.2770,190.6554,19.1149,3.3190,0.4534,12.7404,41.7278,1.5485
17/01/2007 00:00:00,0.0329,0.5784,22.5895,1.0000,0.0000,8.2985,156.9151,68.5152,5.9689,1.0347,0.9968,482.8967,188.5793,19.3890,3.8273,0.4531,12.0000,41.7745,1.5496
18/01/2007 00:00:00,0.0317,0.5798,22.7281,1.0000,0.0000,7.8719,160.8907,68.5152,5.3738,1.0496,0.9845,459.0777,183.8155,19.7061,4.6276,0.4609,12.0000,41.5919,1.5439
19/01/2007 00:00:00,0.0312,0.5812,22.8668,1.0000,0.0000,7.4453,164.8663,68.5152,4.7804,1.0698,0.9748,435.2587,179.0517,20.1244,5.6091,0.4719,12.0000,41.5904,1.5442
20/01/2007 00:00:00,0.0295,0.5826,23.0055,1.0000,0.0000,7.0188,168.8419,68.5152,4.0909,1.0724,0.9461,411.4397,174.2879,20.2129,5.8867,0.4760,12.0000,40.8852,1.5167
21/01/2007 00:00:00,0.0287,0.5840,23.1441,1.0000,0.0000,6.5922,172.8174,68.5152,3.4384,1.0886,0.9282,387.6207,169.5241,20.5602,6.6686,0.4881,12.0000,40.6841,1.5091
22/01/2007 00:00:00,0.0262,0.5854,23.2828,1.0000,0.0000,6.1656,176.7930,68.5152,2.7083,1.0836,0.8883,363.8018,164.7604,20.5047,6.6407,0.4918,12.0000,39.6733,1.4690
23/01/2007 00:00:00,0.0252,0.5868,23.4214,1.0000,0.0000,6.2643,180.7686,68.5152,2.0168,1.0974,0.8623,339.9828,159.9966,20.8071,7.2944,0.5075,12.0000,39.3442,1.4561
24/01/2007 00:00:00,0.0249,0.5905,23.8112,1.0000,0.0000,6.6964,178.7208,68.5152,1.9424,1.0819,0.8254,376.2018,167.2404,20.5551,7.4492,0.5519,12.0911,39.4282,1.4598
25/01/2007 00:00:00,0.0246,0.5954,24.2979,1.0000,0.0000,7.1284,174.3502,68.5152,2.0849,1.0457,0.7819,435.6725,179.1345,19.9058,7.0130,0.5936,12.2317,39.2746,1.4536
26/01/2007 00:00:00,0.0208,0.6002,24.7845,1.0000,0.0000,7.5605,169.9797,68.5152,2.0957,0.9556,0.6991,495.1432,191.0286,18.2272,4.4186,0.5908,12.3723,36.9627,1.3598
27/01/2007 00:00:00,0.0167,0.6051,25.2711,1.0000,0.0000,7.9925,165.6092,68.5152,2.0099,0.8398,0.5992,554.6139,202.9228,16.0512,0.6039,0.5551,12.5128,33.4306,1.2143
28/01/2007 00:00:00,0.0147,0.6100,25.7578,1.0000,0.0000,8.4245,161.2386,68.5152,1.9957,0.7693,0.5391,614.0846,214.8169,14.7329,0.0000,0.5411,12.6534,31.4929,1.1340
29/01/2007 00:00:00,0.2045,0.6149,26.2444,1.0000,0.0000,8.8566,156.8681,68.5152,2.9586,1.0582,0.7587,673.5554,226.7111,20.3069,11.1303,0.8174,12.7940,44.5220,1.6519
30/01/2007 00:00:00,0.0163,0.6197,26.7311,1.0000,0.0000,10.6154,152.4976,68.5152,2.3528,0.7847,0.5499,733.0261,238.6052,15.0880,0.2331,0.6309,12.9346,33.9074,1.2357
31/01/2007 00:00:00,0.0173,0.6220,26.3827,1.0000,0.0000,13.0334,153.6073,68.5152,2.6942,0.7918,0.6092,733.0097,238.6019,15.2544,0.8699,0.6161,12.3763,35.1179,1.2862
01/02/2007 00:00:00,0.0185,0.6229,25.7008,1.0000,0.0000,15.4514,156.9063,68.5152,3.1238,0.8031,0.6958,709.2332,233.8466,15.5047,1.6061,0.5798,11.2100,36.5441,1.3451
02/02/2007 00:00:00,0.0190,0.6238,25.0189,1.0000,0.0000,17.8694,160.2053,68.5152,3.4824,0.7954,0.7650,685.4567,229.0913,15.3863,1.4807,0.5271,10.0436,37.1088,1.3686
03/02/2007 00:00:00,0.0177,0.6247,24.3370,1.0000,0.0000,20.2874,163.5043,68.5152,3.6854,0.7569,0.7974,661.6802,224.3360,14.6719,0.0000,0.4544,8.8773,36.1902,1.3316
04/02/2007 00:00:00,0.0165,0.6256,23.6551,1.0000,0.0000,22.7055,166.8033,68.5152,3.8630,0.7205,0.8251,637.9037,219.5807,13.9942,0.0000,0.3876,7.7109,35.2860,1.2952
05/02/2007 00:00:00,0.0153,0.6265,22.9732,1.0000,0.0000,25.1235,170.1024,68.5152,3.9935,0.6819,0.8425,614.1272,214.8254,13.2718,0.0000,0.3240,6.5446,34.1922,1.2507
06/02/2007 00:00:00,0.0143,0.6274,22.2913,1.0000,0.0000,24.8203,173.4014,68.5152,4.1317,0.6504,0.8628,590.3507,210.0701,12.6835,0.0000,0.2684,5.3783,33.3718,1.2174
07/02/2007 00:00:00,0.0142,0.6293,22.2360,1.0000,0.0000,22.9698,174.9100,68.5152,4.0526,0.6611,0.8664,600.1191,212.0238,12.9919,0.0000,0.2655,5.6742,33.3876,1.2185
08/02/2007 00:00:00,0.0146,0.6319,22.4432,1.0000,0.0000,21.1192,175.6691,68.5152,3.9120,0.6990,0.8747,623.9333,216.7867,13.8768,0.0000,0.2879,6.6720,34.1378,1.2501
09/02/2007 00:00:00,0.0142,0.6345,22.6504,1.0000,0.0000,19.2687,176.4281,68.5152,3.6290,0.7183,0.8525,647.7476,221.5495,14.4073,0.0000,0.3014,7.6699,33.8603,1.2391
10/02/2007 00:00:00,0.0143,0.6371,22.8575,1.0000,0.0000,17.4181,177.1871,68.5152,3.3851,0.7529,0.8466,671.5618,226.3124,15.2573,0.0000,0.3216,8.6677,34.1823,1.2529
11/02/2007 00:00:00,0.0160,0.6397,23.0647,1.0000,0.0000,15.5676,177.9461,68.5152,3.2627,0.8305,0.8870,695.3761,231.0752,17.0069,1.6473,0.3619,9.6655,36.2342,1.3376
12/02/2007 00:00:00,0.0165,0.6423,23.2719,1.0000,0.0000,13.7171,178.7052,68.5152,2.9455,0.8795,0.8840,719.1903,235.8381,18.2015,3.0444,0.3877,10.6633,36.7802,1.3601
13/02/2007 00:00:00,0.0159,0.6449,23.4791,1.0000,0.0000,12.6508,179.4642,68.5152,2.5066,0.9092,0.8543,743.0046,240.6009,19.0173,3.4556,0.4029,11.6612,36.3401,1.3427
14/02/2007 00:00:00,0.0159,0.6463,23.4805,1.0000,0.0000,12.0808,179.8450,68.5152,2.2169,0.9119,0.8324,724.7768,236.9554,19.2815,4.0710,0.4328,11.2300,36.4720,1.3484
15/02/2007 00:00:00,0.0168,0.6471,23.3962,1.0000,0.0000,11.5107,180.0682,68.5152,1.9037,0.8594,0.7507,689.0625,229.8125,18.3709,3.0154,0.4319,10.0640,35.0858,1.2576
16/02/2007 00:00:00,0.1412,0.6478,23.3120,1.0000,0.0000,10.9406,180.2914,68.5152,1.7831,0.8941,0.7355,653.3482,222.6696,19.3227,5.5176,0.4653,8.8980,37.2574,1.2744
17/02/2007 00:00:00,0.0283,0.6486,23.2277,1.0000,0.0000,10.3705,180.5146,68.5152,1.4644,0.8280,0.7288,617.6339,215.5268,18.0946,3.8112,0.5043,7.7320,35.2204,1.3060
18/02/2007 00:00:00,0.4195,0.6493,23.1434,1.0000,0.0000,9.8005,180.7378,68.5152,1.6292,1.0593,0.8262,581.9196,208.3839,23.4130,14.9225,0.6223,6.5660,46.0010,1.5311
19/02/2007 00:00:00,0.0180,0.6500,23.0591,1.0000,0.0000,9.2304,180.9610,68.5152,1.1400,0.8756,0.7535,546.2054,201.2411,19.5752,8.0709,0.6155,5.4000,38.8189,1.4444
20/02/2007 00:00:00,0.0170,0.6508,22.9749,1.0000,0.0000,9.4288,181.1842,68.5152,0.8957,0.8447,0.7169,510.4911,194.0982,19.1018,7.8124,0.6329,5.3281,38.2298,1.4215
21/02/2007 00:00:00,0.0156,0.6521,23.1649,1.0000,0.0000,10.1484,178.1287,68.5152,1.0613,0.7815,0.6905,483.1578,188.6316,18.7460,5.0828,0.6202,5.8275,37.1822,1.3798
22/02/2007 00:00:00,0.0149,0.6537,23.4697,1.0000,0.0000,10.8681,173.7018,68.5152,1.4045,0.7424,0.6820,459.3104,183.8621,17.9673,4.0247,0.6085,6.3270,36.6493,1.3587
23/02/2007 00:00:00,0.0142,0.6554,23.7745,1.0000,0.0000,11.5877,169.2748,68.5152,1.7200,0.7054,0.6731,435.4630,179.0926,17.2259,2.9629,0.5968,6.8264,36.1126,1.3372
24/02/2007 00:00:00,0.0127,0.6570,24.0793,1.0000,0.0000,12.3073,164.8479,68.5152,1.9590,0.6533,0.6455,411.6157,174.3231,16.1025,0.9997,0.5689,7.3258,34.6745,1.2790
25/02/2007 00:00:00,0.0111,0.6586,24.3840,1.0000,0.0000,13.0270,160.4210,68.5152,2.1250,0.5949,0.6064,387.7683,169.5537,14.7995,0.0000,0.5313,7.8253,32.7166,1.1984
26/02/2007 00:00:00,0.0107,0.6603,24.6888,1.0000,0.0000,13.7466,155.9940,68.5152,2.3562,0.5664,0.5986,363.9209,164.7842,14.2242,0.0000,0.5215,8.3247,32.2644,1.1800
27/02/2007 00:00:00,1.2038,0.6619,24.9936,1.0000,0.0000,13.7837,151.5671,68.5152,5.4889,1.1524,1.1895,340.0735,160.0147,29.2208,32.7246,1.0307,8.8242,67.9748,2.3391
28/02/2007 00:00:00,0.0965,0.6716,25.0188,1.0000,0.0000,13.4498,153.7253,68.5152,4.0797,0.8332,0.9467,341.8472,160.3694,21.3339,14.9280,0.8299,9.2780,50.1613,1.8712
01/03/2007 00:00:00,0.6885,0.6859,24.9333,1.0000,0.0000,13.1160,158.4878,68.5152,4.2885,0.8860,0.8561,353.7154,162.7431,22.9130,19.1460,0.7653,9.7071,54.1487,1.7071
02/03/2007 00:00:00,0.9029,0.7001,24.8478,1.0000,0.0000,12.7821,163.2503,68.5152,4.5396,0.9492,0.9141,365.5837,165.1167,24.7972,24.1281,0.8347,10.1362,58.9003,1.8401
03/03/2007 00:00:00,0.2043,0.7143,24.7624,1.0000,0.0000,12.4483,168.0128,68.5152,3.3292,0.7049,0.8212,377.4520,167.4904,18.6038,9.8733,0.7674,10.5653,44.4149,1.6707
04/03/2007 00:00:00,0.0187,0.7286,24.6769,1.0000,0.0000,12.1145,172.7753,68.5152,2.9142,0.6251,0.7256,389.3202,169.8640,16.6702,5.6909,0.6954,10.9943,40.0020,1.4935
05/03/2007 00:00:00,0.0163,0.7428,24.5915,1.0000,0.0000,11.7806,177.5378,68.5152,2.7357,0.5948,0.6921,401.1885,172.2377,16.0317,4.5858,0.6818,11.4234,38.6663,1.4431
06/03/2007 00:00:00,0.0136,0.7571,24.5060,1.0000,0.0000,11.4468,182.3004,68.5152,2.5056,0.5525,0.6410,413.0567,174.6113,15.0526,2.6409,0.6511,11.8525,36.4909,1.3561
07/03/2007 00:00:00,0.0116,0.8014,24.2717,1.0000,0.0000,11.1129,184.8399,68.5152,2.3036,0.5204,0.5990,449.8939,181.9788,14.3352,0.8444,0.6130,11.4688,34.4206,1.2719
08/03/2007 00:00:00,0.0101,0.8664,23.9723,1.0000,0.0000,11.3955,186.4068,68.5152,2.1203,0.4936,0.5625,497.6456,191.5291,13.7478,0.0000,0.5736,10.6594,32.4769,1.1923
09/03/2007 00:00:00,0.0098,0.9314,23.6729,1.0000,0.0000,11.9932,187.9737,68.5152,2.0496,0.4926,0.5588,545.3973,201.0795,13.8751,0.0000,0.5678,9.8499,32.2360,1.1825
10/03/2007 00:00:00,0.0094,0.9963,23.3735,1.0000,0.0000,12.5909,189.5405,68.5152,1.9660,0.4887,0.5516,593.1490,210.6298,13.9261,0.0000,0.5584,9.0405,31.8078,1.1651
11/03/2007 00:00:00,0.0099,1.0613,23.0741,1.0000,0.0000,13.1886,191.1074,68.5152,1.9641,0.5062,0.5713,640.9007,220.1801,14.5936,0.3505,0.5762,8.2310,32.7558,1.2046
12/03/2007 00:00:00,0.0101,1.1263,22.7747,1.0000,0.0000,13.7862,192.6743,68.5152,1.9268,0.5161,0.5811,688.6523,229.7305,15.0578,1.0867,0.5839,7.4216,33.1993,1.2231
13/03/2007 00:00:00,0.0104,1.1912,22.4753,1.0000,0.0000,13.0882,194.2412,68.5152,1.8859,0.5264,0.5913,736.4040,239.2808,15.5488,1.8401,0.5920,6.8593,33.6600,1.2424
14/03/2007 00:00:00,0.0109,1.2292,22.6353,1.0000,0.0000,11.6688,191.5568,68.5152,1.8005,0.5216,0.5948,732.9594,238.5919,15.4260,2.8196,0.6191,6.5658,34.4157,1.2734
15/03/2007 00:00:00,0.0111,1.2519,22.9784,1.0000,0.0000,10.2494,187.1789,68.5152,1.6740,0.5025,0.5843,709.1357,233.8271,14.8171,3.2741,0.6416,6.2722,34.6739,1.2842
16/03/2007 00:00:00,0.0109,1.2746,23.3215,1.0000,0.0000,8.8300,182.8011,68.5152,1.5427,0.4806,0.5684,685.3120,229.0624,14.1259,3.4038,0.6566,5.9787,34.6072,1.2818
17/03/2007 00:00:00,0.0107,1.2972,23.6646,1.0000,0.0000,7.4105,178.4233,68.5152,1.4204,0.4598,0.5526,661.4883,224.2977,13.4742,3.4921,0.6700,5.6851,34.4992,1.2778
18/03/2007 00:00:00,0.0286,1.3199,24.0077,1.0000,0.0000,5.9911,174.0455,68.5152,1.3224,0.4455,0.3502,637.6646,219.5329,13.0149,3.9592,0.4446,5.3916,34.7699,0.8298
19/03/2007 00:00:00,0.0095,1.3426,24.3507,1.0000,0.0000,4.5717,169.6677,68.5152,1.1670,0.4099,0.5053,613.8409,214.7682,11.9365,2.6094,0.6704,5.0981,33.2238,1.2262
20/03/2007 00:00:00,0.0173,1.3653,24.6938,1.0000,0.0000,4.0856,165.2899,68.5152,1.0282,0.3772,0.4902,590.0172,210.0034,10.9495,1.2907,0.6784,7.6510,31.7088,1.2177
21/03/2007 00:00:00,0.0097,1.3969,24.2430,1.0000,0.0000,4.2289,164.8598,68.5152,1.1705,0.4041,0.5173,566.3269,205.2654,11.6958,3.1095,0.6731,11.6317,33.6016,1.2421
22/03/2007 00:00:00,0.0097,1.4337,23.4828,1.0000,0.0000,4.3722,165.9678,68.5152,1.3379,0.4207,0.5544,542.6885,200.5377,12.1376,3.2724,0.6467,15.6123,33.9440,1.2566
23/03/2007 00:00:00,0.0172,1.4704,22.7227,1.0000,0.0000,4.5155,167.0757,68.5152,1.3227,0.3819,0.4272,519.0502,195.8100,10.9832,0.0000,0.4417,19.5930,29.8714,0.9116
24/03/2007 00:00:00,0.0101,1.5071,21.9625,1.0000,0.0000,4.6588,168.1837,68.5152,1.7074,0.4556,0.6389,495.4119,191.0824,13.0627,3.4864,0.5775,23.5736,34.5167,1.2803
25/03/2007 00:00:00,0.0099,1.5438,21.2024,1.0000,0.0000,4.8021,169.2917,68.5152,1.8901,0.4689,0.6794,471.7735,186.3547,13.4008,3.1574,0.5274,27.5542,34.3671,1.2748
26/03/2007 00:00:00,0.0098,1.5805,20.4422,1.0000,0.0000,4.9454,170.3996,68.5152,2.0917,0.4848,0.7274,448.1352,181.6270,13.8108,2.9477,0.4735,31.5349,34.3368,1.2737
27/03/2007 00:00:00,0.1047,1.6173,19.6821,1.0000,0.0000,5.0000,171.5076,68.5152,2.6362,0.5733,0.8638,424.4969,176.8994,16.2803,7.6248,0.4559,31.1049,39.1932,1.4062
28/03/2007 00:00:00,0.0104,1.6183,19.5256,1.0000,0.0000,5.0000,174.1765,68.5152,2.2897,0.5026,0.7787,432.6178,178.5236,14.1921,3.4575,0.4390,28.1061,34.9153,1.2956
29/03/2007 00:00:00,0.0104,1.5952,19.6688,1.0000,0.0000,5.0000,177.6201,68.5152,2.1158,0.4860,0.7354,456.4699,183.2940,13.6307,3.9497,0.4999,25.1073,35.1531,1.3089
30/03/2007 00:00:00,0.0101,1.5722,19.8119,1.0000,0.0000,5.0000,181.0636,68.5152,1.9306,0.4650,0.6858,480.3220,188.0644,12.9511,3.9998,0.5471,22.1085,34.9488,1.3015
31/03/2007 00:00:00,0.0100,1.5491,19.9550,1.0000,0.0000,5.0000,184.5072,68.5152,1.7639,0.4463,0.6425,504.1741,192.8348,12.3460,4.1067,0.5898,19.1097,34.8013,1.2966
01/04/2007 00:00:00,0.0112,1.5261,20.0981,1.0000,0.0000,5.0000,187.9507,68.5152,1.5943,0.4247,0.5908,528.0262,197.6052,11.6678,3.8623,0.6147,16.1109,34.3025,1.2646
02/04/2007 00:00:00,0.0109,1.5031,20.2412,1.0000,0.0000,5.0000,191.3942,68.5152,1.5169,0.4264,0.5888,551.8784,202.3757,11.6356,5.4401,0.6860,13.1121,35.6259,1.3337
03/04/2007 00:00:00,0.0108,1.4800,20.3843,1.0000,0.0000,5.0000,194.8378,68.5152,1.3928,0.4143,0.5612,575.7305,207.1461,11.2281,5.8244,0.7253,11.9103,35.7558,1.3427
04/04/2007 00:00:00,0.0103,1.3627,20.0786,1.0000,0.0000,5.0000,210.6376,68.5152,1.2718,0.4118,0.5424,576.2401,207.2480,11.0856,5.6220,0.7275,11.7679,35.2228,1.3241
05/04/2007 00:00:00,0.0105,1.1875,19.5624,1.0000,0.0000,5.0000,232.2351,68.5152,1.1811,0.4250,0.5422,565.8279,205.1656,11.3615,6.0860,0.7339,11.6254,35.3207,1.3303
06/04/2007 00:00:00,0.2400,1.0123,19.0461,1.0000,0.0000,5.0000,253.8326,68.5152,1.3595,0.5499,0.6514,555.4158,203.0832,14.6011,15.5163,0.8901,11.4829,44.3848,1.6066
07/04/2007 00:00:00,0.0457,0.8371,18.5298,1.0000,0.0000,5.0000,275.4301,68.5152,1.0723,0.4947,0.4436,545.0036,201.0007,13.0453,10.2474,0.6123,11.3404,38.7496,1.1003
08/04/2007 00:00:00,0.2024,0.6618,18.0136,1.0000,0.0000,5.0000,297.0276,68.5152,1.1409,0.6117,0.6537,534.5915,198.9183,16.0221,18.3359,0.9119,11.1979,46.4719,1.6309
09/04/2007 00:00:00,0.4381,0.4866,17.4973,1.0000,0.0000,5.0000,318.6251,68.5152,1.0986,0.7021,0.6663,524.1793,196.8359,18.2658,23.9249,0.9401,11.0554,51.6947,1.6731
10/04/2007 00:00:00,0.0129,0.7070,18.1757,1.0000,0.0000,5.0000,281.4397,68.5152,0.6654,0.5254,0.5709,513.7672,194.7534,13.5766,10.0584,0.8151,14.1494,37.4620,1.4432
11/04/2007 00:00:00,0.0134,1.2021,19.4268,1.0000,0.0000,4.8003,216.0663,68.5152,0.5368,0.5533,0.5803,503.3550,192.6710,14.2002,11.1327,0.8391,19.3030,38.1702,1.4774
12/04/2007 00:00:00,0.0135,1.2828,19.8887,1.0000,0.0000,4.4664,193.3080,68.5152,0.8898,0.5578,0.5961,481.1990,188.2398,14.2180,10.8830,0.8387,24.4566,38.4569,1.4944
13/04/2007 00:00:00,0.0136,1.0920,19.9752,1.0000,0.0000,4.1325,190.8115,68.5152,1.4663,0.5530,0.6170,453.4597,182.6919,13.9993,10.1547,0.8299,29.6102,38.6941,1.5086
14/04/2007 00:00:00,0.0144,0.9012,20.0617,1.0000,0.0000,3.7986,188.3150,68.5152,2.0554,0.5554,0.6452,425.7205,177.1441,13.9651,9.9265,0.8316,34.7638,39.4315,1.5413
15/04/2007 00:00:00,0.0154,0.7105,20.1483,1.0000,0.0000,3.4647,185.8185,68.5152,2.6671,0.5624,0.6792,397.9812,171.5962,14.0444,10.0273,0.8406,39.9174,40.4978,1.5877
16/04/2007 00:00:00,8.3075,0.5197,20.2348,1.0000,0.0000,3.1308,183.3220,68.5152,7.5402,1.3052,1.2977,370.2419,166.0484,32.3715,63.8645,1.5448,45.0710,95.3006,2.9723
17/04/2007 00:00:00,0.0561,0.3289,20.3214,1.0000,0.0000,4.2931,180.8255,68.5152,2.4604,0.3616,0.3747,342.5027,160.5005,8.9069,0.0000,0.4298,45.8546,26.7631,0.8420
18/04/2007 00:00:00,0.0980,0.2572,20.3864,1.0000,0.0000,6.4186,182.6007,68.5152,3.7065,0.6053,0.6862,349.2788,161.8558,13.8945,9.0435,0.7953,44.0240,41.1750,1.5501
19/04/2007 00:00:00,0.0331,0.2629,20.4407,1.0000,0.0000,8.5442,186.4862,68.5152,3.6991,0.7672,0.7716,373.0978,166.6196,16.0191,14.7387,0.9275,42.1933,45.9900,1.7762
20/04/2007 00:00:00,0.0334,0.2686,20.4950,1.0000,0.0000,10.6698,190.3716,68.5152,3.3016,0.8854,0.7700,396.9168,171.3834,16.9460,16.7020,0.9640,40.3627,47.0730,1.8109
21/04/2007 00:00:00,0.0369,0.2744,20.5493,1.0000,0.0000,12.7953,194.2571,68.5152,2.8406,1.0150,0.7618,420.7357,176.1471,17.9225,18.6146,0.9985,38.5321,48.1054,1.8365
22/04/2007 00:00:00,0.0565,0.2801,20.6036,1.0000,0.0000,14.9209,198.1425,68.5152,2.1389,1.0712,0.6681,444.5547,180.9109,17.5462,16.8284,0.9227,36.7014,45.4389,1.6576
23/04/2007 00:00:00,0.4501,0.2858,20.6579,1.0000,0.0000,17.0464,202.0280,68.5152,1.7957,1.3829,0.7115,468.3737,185.6747,21.1130,24.9383,1.0433,34.8708,52.6685,1.8260
24/04/2007 00:00:00,0.0474,0.2915,20.7122,1.0000,0.0000,16.8865,205.9134,68.5152,1.0173,1.4847,0.7216,492.1927,190.4385,21.2173,24.0477,1.1344,33.4696,50.8976,1.9282
25/04/2007 00:00:00,2.6299,0.2939,20.5791,1.0000,0.0000,14.8671,206.6470,68.5152,1.5737,2.4640,0.9419,508.0090,193.6018,33.0786,50.0657,1.4401,32.4581,76.9207,2.4763
26/04/2007 00:00:00,0.0591,0.2942,20.3547,1.0000,0.0000,12.8476,205.8428,68.5152,1.5413,1.8655,0.7838,519.9232,195.9846,23.6051,26.1174,1.1064,31.4466,53.4092,1.9685
27/04/2007 00:00:00,0.0636,0.2944,20.1302,1.0000,0.0000,10.8282,205.0386,68.5152,2.0668,2.0782,0.8375,531.8374,198.3675,24.8573,26.9422,1.0903,30.4350,54.6707,2.0115
28/04/2007 00:00:00,0.0654,0.2946,19.9058,1.0000,0.0000,8.8088,204.2344,68.5152,2.6208,2.2862,0.8841,543.7517,200.7503,25.9180,27.1878,1.0602,29.4235,55.3531,2.0327
29/04/2007 00:00:00,0.4512,0.2948,19.6813,1.0000,0.0000,6.7893,203.4302,68.5152,3.2499,2.5310,0.9695,555.6659,203.1332,27.2591,27.8672,1.0691,28.4119,56.4693,2.1356
30/04/2007 00:00:00,2.8259,0.2950,19.4568,1.0000,0.0000,4.7699,202.6260,68.5152,5.0419,3.5771,1.1575,567.5801,205.5160,36.6800,44.5773,1.1713,27.4004,73.6161,2.4446
01/05/2007 00:00:00,3.0072,0.2952,19.2324,1.0000,0.0000,4.0876,201.8218,68.5152,6.0507,3.9696,1.2264,579.4943,207.8989,38.8310,45.9316,1.1363,25.0991,75.4072,2.4853
02/05/2007 00:00:00,0.5980,0.2911,19.1465,1.0000,0.0000,4.2292,203.2852,68.5152,4.1324,2.9522,0.8884,575.2717,207.0543,27.5991,27.3524,0.9622,21.9528,56.6907,1.9394
03/05/2007 00:00:00,0.7208,0.2837,19.1265,1.0000,0.0000,4.3708,205.8277,68.5152,3.5170,2.9803,0.8312,563.3776,204.6755,26.6718,31.1317,1.1331,18.8065,60.0598,2.0475
04/05/2007 00:00:00,0.1642,0.2763,19.1065,1.0000,0.0000,4.5124,208.3701,68.5152,2.9531,3.0227,0.8094,551.4835,202.2967,25.9349,35.0479,1.3405,15.6602,63.5659,2.2308
05/05/2007 00:00:00,0.8418,0.2689,19.0865,1.0000,0.0000,4.6540,210.9126,68.5152,2.2022,2.7923,0.6768,539.5893,199.9179,23.0019,32.8839,1.3284,12.5140,60.9918,2.0729
06/05/2007 00:00:00,0.1728,0.2616,19.0665,1.0000,0.0000,4.7956,213.4550,68.5152,1.7632,2.8737,0.6779,527.6952,197.5390,22.7578,37.2454,1.5483,9.3677,64.9432,2.2940
07/05/2007 00:00:00,0.1724,0.2542,19.0465,1.0000,0.0000,4.9372,215.9975,68.5152,1.2524,2.7807,0.6264,515.8010,195.1602,21.1965,37.5150,1.6414,6.2214,64.8026,2.3304
08/05/2007 00:00:00,0.1774,0.2468,19.0266,1.0000,0.0000,4.9204,218.5400,68.5152,0.8093,2.7167,0.6001,503.9069,192.7814,19.9557,38.2236,1.7847,5.2583,65.1011,2.4447
09/05/2007 00:00:00,0.1806,0.2484,18.7455,1.0000,0.0000,4.7774,216.7655,68.5152,0.7756,2.7819,0.6350,500.0000,192.0000,19.7120,38.2512,1.8508,5.6806,65.1158,2.5494
10/05/2007 00:00:00,0.1781,0.2560,18.3367,1.0000,0.0000,4.6343,212.8797,68.5152,0.9312,2.9144,0.6880,500.0000,192.0000,19.9412,38.0313,1.8376,6.1028,65.0773,2.5944
11/05/2007 00:00:00,0.1779,0.2635,17.9280,1.0000,0.0000,4.4913,208.9939,68.5152,1.0959,3.0630,0.7422,500.0000,192.0000,20.2566,38.0653,1.8203,6.5251,65.2927,2.6368
12/05/2007 00:00:00,0.6451,0.2711,17.5192,1.0000,0.0000,4.3483,205.1081,68.5152,1.1800,2.9961,0.6785,500.0000,192.0000,19.1675,33.5974,1.5300,6.9473,61.0062,2.2763
13/05/2007 00:00:00,0.4082,0.2786,17.1104,1.0000,0.0000,4.2052,201.2223,68.5152,1.3009,3.0404,0.7594,500.0000,192.0000,18.8322,31.5805,1.5763,7.3696,59.1708,2.4117
14/05/2007 00:00:00,0.1913,0.2862,16.7017,1.0000,0.0000,4.0622,197.3366,68.5152,1.6226,3.5272,0.9680,500.0000,192.0000,21.1683,37.8692,1.8509,7.7918,65.6409,2.9157
15/05/2007 00:00:00,0.1904,0.2937,16.2929,1.0000,0.0000,4.0812,193.4508,68.5152,1.8218,3.7144,1.0255,500.0000,192.0000,21.6153,38.1789,1.8075,8.1442,66.1320,2.9356
16/05/2007 00:00:00,0.1911,0.3018,16.1426,1.0000,0.0000,4.2248,194.8092,68.5152,1.8326,3.6167,1.0746,701.0995,232.2199,22.2594,38.8857,1.7626,8.4288,66.4823,2.9447
17/05/2007 00:00:00,0.1967,0.3103,16.1169,1.0000,0.0000,4.3684,198.6937,68.5152,1.7478,3.3706,1.1479,998.7186,291.7437,23.0859,39.9296,1.7531,8.7133,66.9116,3.0158
18/05/2007 00:00:00,0.6204,0.3188,16.0912,1.0000,0.0000,4.5120,202.5783,68.5152,1.4279,2.6761,0.9059,1296.3376,351.2675,20.6809,31.7331,1.2810,8.9978,58.1005,2.2774
19/05/2007 00:00:00,0.2013,0.3273,16.0655,1.0000,0.0000,4.6556,206.4629,68.5152,1.5440,2.7912,1.2927,1593.9567,410.7913,24.7740,41.6249,1.6818,9.2824,67.3776,3.1038
20/05/2007 00:00:00,1.0449,0.3358,16.0398,1.0000,0.0000,4.7992,210.3474,68.5152,1.3608,2.3470,1.0118,1891.5757,470.3151,24.4962,39.2703,1.2019,9.5669,64.4084,2.3150
21/05/2007 00:00:00,0.2299,0.3443,16.0141,1.0000,0.0000,4.9429,214.2320,68.5152,1.2719,2.0573,1.4342,2189.1948,529.8390,26.1011,41.7275,1.5415,9.8514,66.2510,3.1191
22/05/2007 00:00:00,0.2323,0.3528,15.9883,1.0000,0.0000,5.0000,218.1166,68.5152,1.1419,1.6833,1.4907,2486.8138,589.3628,27.2824,42.8365,1.4335,9.9308,66.7454,3.0733
23/05/2007 00:00:00,0.2320,0.3398,15.9549,1.0000,0.0000,5.0000,219.0128,68.5152,2.0721,1.7491,1.5316,2390.2586,570.0517,27.9161,42.6053,1.3216,9.7860,67.1407,3.0063
24/05/2007 00:00:00,0.2720,0.3117,15.9177,1.0000,0.0000,5.0000,218.4771,68.5152,3.3826,1.9469,1.4844,2104.5160,512.9032,26.8926,38.4623,1.1533,9.6412,64.2199,2.7861
25/05/2007 00:00:00,0.2348,0.2835,15.8806,1.0000,0.0000,5.0000,217.9414,68.5152,5.0523,2.3368,1.6400,1818.7734,455.7547,28.4243,40.4087,1.1439,9.4964,67.3886,2.9478
26/05/2007 00:00:00,2.0235,0.2553,15.8435,1.0000,0.0000,5.0000,217.4057,68.5152,7.1978,2.8808,1.4979,1533.0307,398.6061,31.2782,45.4101,0.9343,9.3516,73.6122,2.5820
27/05/2007 00:00:00,1.7442,0.2272,15.8063,1.0000,0.0000,5.0000,216.8700,68.5152,8.4198,3.0379,1.5462,1247.2881,341.4576,29.7615,40.0982,0.8584,9.2068,69.5226,2.5593
28/05/2007 00:00:00,6.3269,0.1990,15.7692,1.0000,0.0000,5.0000,216.3343,68.5152,13.0731,4.3611,1.9322,961.5455,284.3091,38.8949,59.5262,0.9491,9.0619,90.1728,3.0745
29/05/2007 00:00:00,0.6436,0.1708,15.7320,1.0000,0.0000,5.0000,215.7986,68.5152,9.8989,3.1051,2.1169,675.8028,227.1606,25.3983,26.5628,0.9133,11.4804,58.4317,3.2419
30/05/2007 00:00:00,0.4893,0.1678,15.6339,1.0000,0.0000,5.0000,216.4428,68.5152,11.0920,3.4323,1.8542,576.2931,207.2586,28.3648,33.0646,0.7476,15.8152,64.8074,2.7873
31/05/2007 00:00:00,0.4683,0.1825,15.5065,1.0000,0.0000,5.0000,217.6528,68.5152,10.4804,3.2621,1.7341,565.8846,205.1769,28.5555,33.8438,0.6726,20.1499,64.8157,2.5800
01/06/2007 00:00:00,0.4476,0.1972,15.3791,1.0000,0.0000,5.0000,218.8628,68.5152,9.8132,3.0750,1.6732,555.4760,203.0952,28.6269,34.3450,0.6213,24.4846,64.5460,2.4618
02/06/2007 00:00:00,0.4322,0.2119,15.2517,1.0000,0.0000,5.0000,220.0728,68.5152,9.1466,2.8883,1.6554,545.0675,201.0135,28.7290,34.9092,0.5850,28.8194,64.3392,2.4059
03/06/2007 00:00:00,0.4228,0.2266,15.1243,1.0000,0.0000,5.0000,221.2827,68.5152,8.4894,2.7051,1.6660,534.6590,198.9318,28.8994,35.6186,0.5562,33.1541,64.2776,2.3888
04/06/2007 00:00:00,0.4136,0.2413,14.9969,1.0000,0.0000,5.0000,222.4927,68.5152,7.8224,2.5193,1.6808,524.2504,196.8501,29.0864,36.3558,0.5254,37.4889,64.2439,2.3742
05/06/2007 00:00:00,0.4027,0.2560,14.8695,1.0000,0.0000,5.0000,223.7027,68.5152,7.1363,2.3279,1.6992,513.8419,194.7684,29.2576,37.0490,0.4915,41.8236,64.1660,2.3606
06/06/2007 00:00:00,0.3789,0.2707,14.7421,1.0000,0.0000,4.7218,224.9127,68.5152,6.4185,2.1268,1.6819,503.4334,192.6867,29.3508,37.5631,0.4433,42.0569,63.9092,2.2934
07/06/2007 00:00:00,0.8080,0.2845,14.6575,1.0000,0.0000,4.2210,227.8275,68.5152,5.6473,2.2705,1.3479,490.6774,190.1355,28.1968,34.6718,0.5701,38.1545,60.6993,2.0528
08/06/2007 00:00:00,1.1687,0.2977,14.5941,1.0000,0.0000,3.7201,231.5836,68.5152,5.6078,2.9121,1.1836,476.7660,187.3532,30.2788,38.3618,0.8181,34.2520,64.2933,2.1201
09/06/2007 00:00:00,0.5477,0.3108,14.5306,1.0000,0.0000,3.2193,235.3398,68.5152,4.9700,3.2732,1.1029,462.8545,184.5709,29.2351,35.3772,1.0832,30.3496,61.2128,2.2965
10/06/2007 00:00:00,0.3980,0.3240,14.4672,1.0000,0.0000,2.7185,239.0959,68.5152,4.7701,3.9438,1.0173,448.9431,181.7886,30.8402,37.9145,1.3212,26.4472,63.6541,2.4403
11/06/2007 00:00:00,0.3933,0.3371,14.4038,1.0000,0.0000,2.2177,242.8521,68.5152,4.3739,4.5222,0.8860,435.0317,179.0063,31.4194,38.2611,1.4569,22.5447,63.9048,2.4315
12/06/2007 00:00:00,0.3833,0.3503,14.3403,1.0000,0.0000,2.0812,246.6082,68.5152,3.9421,5.1058,0.7708,421.1203,176.2241,31.8885,38.3445,1.5599,20.9144,63.8923,2.4078
13/06/2007 00:00:00,0.3796,0.6424,14.2744,1.0000,0.0000,2.2249,246.5699,68.5152,3.9301,5.1151,0.7974,392.4028,170.4806,31.3804,38.4730,1.5414,20.7727,64.0023,2.4185
14/06/2007 00:00:00,2.3317,1.1052,14.2073,1.0000,0.0000,2.3686,244.7408,68.5152,4.7176,5.5729,0.8802,356.7133,163.3427,34.9256,48.0506,1.4318,20.6310,73.5978,2.4001
15/06/2007 00:00:00,0.4456,1.5679,14.1402,1.0000,0.0000,2.5122,242.9118,68.5152,4.2111,4.5334,1.0761,321.0238,156.2048,29.0430,37.6198,1.4411,20.4893,63.1850,2.6248
16/06/2007 00:00:00,0.4258,2.0307,14.0731,1.0000,0.0000,2.6559,241.0828,68.5152,4.3975,4.3292,1.1449,285.3343,149.0669,28.3708,38.0935,1.2239,20.3476,63.6767,2.4832
17/06/2007 00:00:00,0.4170,2.4934,14.0060,1.0000,0.0000,2.7996,239.2537,68.5152,4.5525,4.1106,1.2727,249.6448,141.9290,27.5759,38.2071,1.0366,20.2059,63.8082,2.4365
18/06/2007 00:00:00,0.4067,2.9562,13.9389,1.0000,0.0000,2.9432,237.4247,68.5152,4.6939,3.8968,1.4380,213.9553,134.7911,26.7814,38.2275,0.8258,20.0643,63.8465,2.4076
19/06/2007 00:00:00,0.4059,3.4189,13.8718,1.0000,0.0000,2.9568,235.5956,68.5152,4.8388,3.7012,1.6752,178.2658,127.6532,26.0805,38.3821,0.5818,20.6229,64.0191,2.4245
20/06/2007 00:00:00,0.3998,3.3667,13.7450,1.0000,0.0000,2.8853,239.0020,68.5152,5.1264,4.6499,1.6744,206.8253,133.3651,25.7559,37.5050,0.5799,21.7627,64.1382,2.4217
21/06/2007 00:00:00,0.3947,2.9790,13.5894,1.0000,0.0000,2.8138,244.9367,68.5152,5.4832,6.1316,1.5570,266.3196,145.2639,25.6184,36.1666,0.7128,22.9025,64.2670,2.4255
22/06/2007 00:00:00,0.3847,2.5913,13.4338,1.0000,0.0000,2.7423,250.8713,68.5152,5.8286,7.5847,1.4373,325.8139,157.1628,25.4540,34.7539,0.8330,24.0423,64.3216,2.4140
23/06/2007 00:00:00,5.4396,2.2036,13.2781,1.0000,0.0000,2.6709,256.8059,68.5152,8.6759,12.6791,1.5889,385.3082,169.0616,35.5725,59.5066,1.1327,25.1822,90.5414,2.8805
24/06/2007 00:00:00,4.5383,1.8159,13.1225,1.0000,0.0000,2.5994,262.7406,68.5152,8.2817,13.2730,1.4224,444.8025,180.9605,32.0056,49.5443,1.2229,26.3220,82.0464,2.7875
25/06/2007 00:00:00,1.7809,1.4282,12.9668,1.0000,0.0000,2.5279,268.6752,68.5152,7.3824,12.7588,1.2631,504.2968,192.8594,26.9848,35.6967,1.2911,27.4618,69.6660,2.6804
26/06/2007 00:00:00,0.7763,1.0405,12.8112,1.0000,0.0000,2.4564,274.6098,68.5152,7.4937,13.7932,1.1797,563.7911,204.7582,25.9884,32.1283,1.4190,29.2160,67.5648,2.7167
27/06/2007 00:00:00,0.6486,0.8345,12.8780,1.0000,0.0000,2.3849,274.5836,68.5152,7.8372,13.2949,1.0621,567.3303,205.4661,25.2425,30.9503,1.3104,31.5200,66.7923,2.4786
28/06/2007 00:00:00,5.4340,0.7479,13.0539,1.0000,0.0000,2.3135,271.6342,68.5152,11.0696,16.2166,1.2445,543.4995,200.6999,32.9308,53.3774,1.4725,33.8240,89.1056,2.8414
29/06/2007 00:00:00,1.6407,0.6614,13.2298,1.0000,0.0000,2.2420,268.6849,68.5152,9.2428,11.7101,1.1859,519.6687,195.9337,25.5507,35.0458,1.3410,36.1280,70.6602,2.6455
30/06/2007 00:00:00,2.5959,0.5749,13.4057,1.0000,0.0000,2.1705,265.7355,68.5152,10.5661,11.5758,1.2095,495.8379,191.1676,27.2841,41.5757,1.3014,38.4320,77.0763,2.6318
01/07/2007 00:00:00,2.6931,0.4883,13.5816,1.0000,0.0000,2.0990,262.7861,68.5152,11.1245,10.5214,1.2674,472.0071,186.4014,26.9548,42.3575,1.2914,40.7360,77.7442,2.6855
02/07/2007 00:00:00,6.8781,0.4018,13.7575,1.0000,0.0000,2.0275,259.8368,68.5152,13.8549,11.2749,1.5654,448.1763,181.6353,31.6266,57.8157,1.5021,43.0400,93.0885,3.2241
03/07/2007 00:00:00,5.9644,0.3152,13.9333,1.0000,0.0000,2.0877,256.8874,68.5152,14.3665,10.0072,1.5942,424.3455,176.8691,31.0043,57.9252,1.4308,44.0834,93.0843,3.1845
04/07/2007 00:00:00,2.5088,0.3081,13.9426,1.0000,0.0000,2.2303,253.7603,68.5152,13.3325,9.1882,1.5574,392.4771,170.4954,28.0958,49.3039,1.3031,44.2263,84.8192,3.0162
05/07/2007 00:00:00,1.6847,0.3570,13.8726,1.0000,0.0000,2.3730,250.5486,68.5152,12.5778,9.1714,1.4975,356.7876,163.3575,26.2584,43.0871,1.1791,44.3693,79.1823,2.8264
06/07/2007 00:00:00,1.4951,0.4060,13.8027,1.0000,0.0000,2.5157,247.3370,68.5152,11.9636,9.1920,1.4103,321.0981,156.2196,24.7462,37.8627,1.0536,44.5123,74.5377,2.6049
07/07/2007 00:00:00,1.3136,0.4549,13.7328,1.0000,0.0000,2.6583,244.1253,68.5152,11.5621,9.3267,1.3505,285.4086,149.0817,23.6981,34.0452,0.9635,44.6552,71.2999,2.4491
08/07/2007 00:00:00,1.2361,0.5038,13.6628,1.0000,0.0000,2.8010,240.9136,68.5152,11.3232,9.5590,1.3171,249.7191,141.9438,22.9999,31.2868,0.9022,44.7982,69.1214,2.3510
09/07/2007 00:00:00,2.8552,0.5528,13.5929,1.0000,0.0000,2.9436,237.7020,68.5152,13.1073,11.5469,1.4382,214.0296,134.8059,26.3874,40.7981,0.9502,44.9411,79.2124,2.5322
10/07/2007 00:00:00,1.2334,0.6017,13.5229,1.0000,0.0000,2.9141,234.4903,68.5152,11.7836,10.8050,1.3794,178.3401,127.6680,23.5143,31.5141,0.8823,42.5709,70.5082,2.3997
11/07/2007 00:00:00,1.1560,0.8090,13.6066,1.0000,0.0000,2.7722,233.7978,68.5152,11.0713,10.7173,1.3233,214.7465,134.9493,23.3337,30.3256,0.8834,38.4412,68.8421,2.3390
12/07/2007 00:00:00,1.0883,1.1190,13.7653,1.0000,0.0000,2.6303,234.3337,68.5152,10.1183,10.4819,1.2455,286.1963,149.2393,23.3762,29.8106,0.9026,34.3114,67.3356,2.2727
13/07/2007 00:00:00,1.0126,1.4290,13.9239,1.0000,0.0000,2.4883,234.8697,68.5152,9.2009,10.2868,1.1810,357.6461,163.5292,23.5112,29.5545,0.9340,30.1817,66.0879,2.2331
14/07/2007 00:00:00,0.9723,1.7391,14.0826,1.0000,0.0000,2.3464,235.4056,68.5152,8.3672,10.2019,1.1319,429.0960,177.8192,23.9095,30.0064,0.9830,26.0519,65.5482,2.2281
15/07/2007 00:00:00,0.9307,2.0491,14.2412,1.0000,0.0000,2.2044,235.9416,68.5152,7.5020,10.1072,1.0744,500.5458,192.1092,24.3033,30.3956,1.0322,21.9222,64.9459,2.2140
16/07/2007 00:00:00,0.9069,2.3591,14.3998,1.0000,0.0000,2.0625,236.4775,68.5152,6.6651,10.0922,1.0260,571.9956,206.3991,24.9130,31.2973,1.1002,17.7924,64.8560,2.2288
17/07/2007 00:00:00,0.8887,2.6691,14.5585,1.0000,0.0000,2.0000,237.0135,68.5152,5.7919,10.0837,0.9727,643.4455,220.6891,25.5706,32.2415,1.1767,16.0000,64.8087,2.2467
18/07/2007 00:00:00,0.8678,2.5924,14.5840,1.0000,0.0000,2.0000,239.4478,68.5152,5.0871,9.6210,0.9422,626.5239,217.3048,24.9669,32.8364,1.2164,16.0000,64.8119,2.2529
19/07/2007 00:00:00,1.2342,2.2619,14.5454,1.0000,0.0000,2.0000,242.7950,68.5152,4.6317,9.2049,0.9352,567.0532,205.4106,24.4030,34.7912,1.2498,16.0000,66.3677,2.2786
20/07/2007 00:00:00,5.1493,1.9313,14.5068,1.0000,0.0000,2.0000,246.1423,68.5152,5.4388,11.4128,1.1565,507.5825,193.5165,30.9221,56.7350,1.6006,16.0000,87.9125,2.8727
21/07/2007 00:00:00,2.7076,1.6008,14.4683,1.0000,0.0000,2.0000,249.4896,68.5152,4.4837,9.9903,1.0556,448.1118,181.6224,27.6753,51.3082,1.5135,16.0000,82.0866,2.6747
22/07/2007 00:00:00,4.7713,1.2703,14.4297,1.0000,0.0000,2.0000,252.8368,68.5152,4.3829,10.4386,1.1415,388.6411,169.7282,29.5791,60.9825,1.6961,16.0000,91.3619,2.9517
23/07/2007 00:00:00,2.3984,0.9397,14.3912,1.0000,0.0000,2.0000,256.1841,68.5152,3.8528,9.8871,1.0820,329.1704,157.8341,28.6705,62.0818,1.6672,16.0000,92.0622,2.8574
24/07/2007 00:00:00,7.8805,0.6092,14.3526,1.0000,0.0000,1.9119,259.5313,68.5152,3.7414,10.4469,1.2402,269.6997,145.9399,31.0161,73.7958,1.9823,16.5606,103.3771,3.3465
25/07/2007 00:00:00,6.3284,0.4507,14.3015,1.0000,0.0000,1.7689,262.0680,68.5152,5.8531,16.5288,1.3349,281.8737,148.3747,39.3979,106.7537,2.2714,17.5571,138.6265,3.7398
26/07/2007 00:00:00,7.9581,0.4101,14.2444,1.0000,0.0000,1.6259,264.2114,68.5152,7.9166,21.9747,1.4054,329.5353,157.9071,40.1819,114.5970,2.5464,18.5536,150.0940,4.0923
27/07/2007 00:00:00,4.1115,0.3695,14.1872,1.0000,0.0000,1.4829,266.3547,68.5152,13.4736,37.0074,1.7463,377.1969,167.4394,54.9183,177.8871,3.3318,19.5502,217.0083,5.2528
28/07/2007 00:00:00,8.2214,0.3289,14.1301,1.0000,0.0000,1.3399,268.4981,68.5152,9.0458,24.6697,1.1591,424.8585,176.9717,30.8185,85.6744,2.3093,20.5467,128.4199,3.5843
29/07/2007 00:00:00,5.3103,0.2883,14.0729,1.0000,0.0000,1.1969,270.6414,68.5152,13.7024,37.1780,1.3802,472.5201,186.5040,40.1169,129.4169,2.8530,21.5433,175.7866,4.3713
30/07/2007 00:00:00,11.0034,0.2477,14.0157,1.0000,0.0000,1.0539,272.7847,68.5152,11.2636,30.4426,1.1892,520.1817,196.0363,28.9203,82.9275,2.5375,22.5398,132.9214,3.8457
31/07/2007 00:00:00,12.5021,0.2071,13.9586,1.0000,0.0000,1.4432,274.9281,68.5152,15.8205,42.6297,1.3151,567.8433,205.5687,36.1827,120.4131,2.8849,23.9232,174.0311,4.3315
01/08/2007 00:00:00,8.9316,0.1962,13.9545,1.0000,0.0000,2.1546,275.5347,68.5152,16.6233,47.1369,1.3011,599.3952,211.8790,36.2157,122.3094,2.7505,25.6385,178.9837,4.1817
02/08/2007 00:00:00,7.1170,0.2057,13.9759,1.0000,0.0000,2.8661,275.4008,68.5152,13.6962,41.6412,1.1873,623.1906,216.6381,29.2481,87.8175,2.3471,27.3538,147.2743,3.6532
03/08/2007 00:00:00,4.3153,0.2151,13.9973,1.0000,0.0000,3.5776,275.2670,68.5152,13.3082,43.0731,1.1883,646.9859,221.3972,27.8693,80.6820,2.1960,29.0691,142.9214,3.5031
04/08/2007 00:00:00,3.3659,0.2246,14.0187,1.0000,0.0000,4.2890,275.1331,68.5152,11.5522,39.5648,1.1237,670.7813,226.1563,23.7340,58.8914,1.9406,30.7844,123.9135,3.1766
05/08/2007 00:00:00,2.7982,0.2340,14.0401,1.0000,0.0000,5.0005,274.9993,68.5152,10.2844,37.0818,1.0774,694.5766,230.9153,20.7376,42.3814,1.7378,32.4997,110.1861,2.9230
06/08/2007 00:00:00,5.7161,0.2435,14.0615,1.0000,0.0000,5.7120,274.8654,68.5152,10.0004,37.7949,1.1248,718.3720,235.6744,19.7990,36.4359,1.6933,34.2150,107.0232,2.9306
07/08/2007 00:00:00,7.2227,0.2529,14.0829,1.0000,0.0000,5.9154,274.7316,68.5152,11.2790,44.5115,1.2538,742.1674,240.4335,21.9336,47.2069,1.7599,33.2053,120.5768,3.1390
08/08/2007 00:00:00,4.7699,0.2658,14.1926,1.0000,0.0000,5.7733,268.8144,68.5152,12.2741,49.3379,1.3360,734.0167,238.8033,24.3758,59.8762,1.7882,29.8963,133.0171,3.2578
09/08/2007 00:00:00,3.3734,0.2809,14.3456,1.0000,0.0000,5.6312,260.0583,68.5152,11.2176,45.4426,1.2998,710.1906,234.0381,23.2173,52.8220,1.6798,26.5873,124.2562,3.1097
10/08/2007 00:00:00,7.6726,0.2960,14.4985,1.0000,0.0000,5.4891,251.3021,68.5152,10.2840,42.0105,1.3432,686.3645,229.2729,22.2197,46.8624,1.6785,23.2782,116.5898,3.1561
11/08/2007 00:00:00,10.7816,0.3112,14.6515,1.0000,0.0000,5.3471,242.5460,68.5152,12.1552,50.1042,1.5807,662.5385,224.5077,27.4651,73.2238,1.9127,19.9692,141.2445,3.6515
12/08/2007 00:00:00,5.5187,0.3263,14.8045,1.0000,0.0000,5.2050,233.7898,68.5152,14.9893,62.3926,1.8104,638.7124,219.7425,35.4893,112.5000,2.1238,16.6602,178.8139,4.1153
13/08/2007 00:00:00,3.9711,0.3414,14.9574,1.0000,0.0000,5.0629,225.0337,68.5152,11.5416,48.5538,1.5329,614.8863,214.9773,28.6954,76.9950,1.7453,13.3512,141.6022,3.4314
14/08/2007 00:00:00,5.0278,0.3565,15.1104,1.0000,0.0000,4.9204,216.2776,68.5152,9.5406,40.6025,1.4124,591.0603,210.2121,24.9679,57.7215,1.5626,11.4969,120.6219,3.1163
15/08/2007 00:00:00,3.3451,0.3665,15.0694,1.0000,0.0000,4.7777,219.9712,68.5152,10.3525,45.2183,1.5802,599.3926,211.8785,28.0297,72.8381,1.6395,10.6467,135.2873,3.3777
16/08/2007 00:00:00,2.8282,0.3732,14.9354,1.0000,0.0000,4.6350,229.6415,68.5152,8.8471,39.9394,1.5070,623.1597,216.6319,24.5696,57.0391,1.4347,9.7965,119.6397,3.0924
17/08/2007 00:00:00,2.5034,0.3800,14.8013,1.0000,0.0000,4.4923,239.3119,68.5152,7.7143,36.0126,1.4647,646.9268,221.3854,21.9876,45.2544,1.2718,8.9463,108.0064,2.8829
18/08/2007 00:00:00,2.2376,0.3867,14.6673,1.0000,0.0000,4.3496,248.9822,68.5152,6.7694,32.6960,1.4307,670.6939,226.1388,19.8143,35.2714,1.1248,8.0960,98.1748,2.6985
19/08/2007 00:00:00,2.0313,0.3935,14.5332,1.0000,0.0000,4.2069,258.6525,68.5152,6.0085,30.0433,1.4157,694.4609,230.8922,18.0728,27.2593,0.9992,7.2458,90.3141,2.5565
20/08/2007 00:00:00,3.6071,0.4002,14.3992,1.0000,0.0000,4.0642,268.3228,68.5152,6.0614,31.3945,1.5556,718.2280,235.6456,18.7481,31.2768,0.9754,6.3956,94.4830,2.6865
21/08/2007 00:00:00,2.4473,0.4070,14.2651,1.0000,0.0000,4.0790,277.9931,68.5152,5.8823,31.5801,1.6270,741.9951,240.3990,18.7229,31.7897,0.8945,6.0000,95.1473,2.6843
22/08/2007 00:00:00,2.0464,0.4068,14.3520,1.0000,0.0000,4.2227,280.1220,68.5152,5.0656,29.4631,1.5972,726.2532,237.2506,17.7450,26.9378,0.8070,6.0000,89.2191,2.5638
23/08/2007 00:00:00,5.8004,0.4018,14.5511,1.0000,0.0000,4.3664,278.4213,68.5152,5.1100,33.4162,1.8191,690.4466,230.0893,20.6964,41.3536,0.8646,6.0000,101.9350,2.8656
24/08/2007 00:00:00,2.8587,0.3968,14.7502,1.0000,0.0000,4.5100,276.7205,68.5152,4.5463,34.2204,1.8111,654.6399,222.9280,21.8112,46.3123,0.8030,6.0000,105.1939,2.7952
25/08/2007 00:00:00,2.9381,0.3918,14.9493,1.0000,0.0000,4.6537,275.0197,68.5152,3.5520,31.8147,1.8124,618.8333,215.7667,20.8839,41.4085,0.7420,6.0000,98.5904,2.7356
26/08/2007 00:00:00,4.5729,0.3868,15.1483,1.0000,0.0000,4.7974,273.3190,68.5152,2.8919,32.4213,1.9232,583.0267,208.6053,21.9358,45.8420,0.7174,6.0000,101.3241,2.8328
27/08/2007 00:00:00,4.6025,0.3818,15.3474,1.0000,0.0000,4.9410,271.6182,68.5152,2.1967,33.5936,1.9714,547.2200,201.4440,23.4472,52.1438,0.6586,6.0000,105.9260,2.8271
28/08/2007 00:00:00,3.2604,0.3768,15.5465,1.0000,0.0000,5.2532,269.9175,68.5152,1.3139,32.7638,1.9594,511.4134,194.2827,23.6121,52.1991,0.5726,5.8309,104.2816,2.7280
29/08/2007 00:00:00,3.9602,0.3735,15.7039,1.0000,0.0000,5.6827,271.2599,68.5152,1.0160,29.9151,2.0348,540.5184,200.1037,23.4156,51.5114,0.5269,5.5455,101.0553,2.7651
30/08/2007 00:00:00,7.7952,0.3711,15.8417,1.0000,0.0000,6.1122,274.0275,68.5152,1.1355,29.9172,2.2339,599.9950,211.9990,26.3008,64.2557,0.5179,5.2601,110.8685,2.9753
31/08/2007 00:00:00,4.6612,0.3688,15.9796,1.0000,0.0000,6.5418,276.7951,68.5152,1.2308,28.5908,2.1161,659.4716,223.8943,28.6535,74.2374,0.4363,4.9747,117.9191,2.7640
01/09/2007 00:00:00,3.4574,0.3665,16.1174,1.0000,0.0000,6.9713,279.5627,68.5152,1.1714,23.5307,2.1436,718.9483,235.7897,27.4091,69.3121,0.3897,4.6893,110.0627,2.7476
02/09/2007 00:00:00,2.8529,0.3641,16.2553,1.0000,0.0000,7.4008,282.3304,68.5152,1.1037,18.6771,2.1058,778.4249,247.6850,25.9559,63.8247,0.3340,4.4039,101.6442,2.6504
03/09/2007 00:00:00,2.4116,0.3618,16.3931,1.0000,0.0000,7.8303,285.0980,68.5152,1.0089,13.8562,1.9958,837.9015,259.5803,23.8483,56.1356,0.2726,4.1185,91.0241,2.4679
04/09/2007 00:00:00,2.3460,0.3595,16.5310,1.0000,0.0000,7.4855,287.8656,68.5152,0.9460,9.9524,1.9568,897.3781,271.4756,22.4743,51.5981,0.2261,3.8326,83.5555,2.3786
05/09/2007 00:00:00,2.9259,0.3571,16.6688,1.0000,0.0000,6.6348,290.6332,68.5152,1.0037,8.9196,2.0731,876.4228,267.2846,23.9690,56.3488,0.1622,3.5462,86.8211,2.4426
06/09/2007 00:00:00,2.0930,0.3548,16.8066,1.0000,0.0000,5.7842,293.4008,68.5152,0.9589,7.6820,2.0474,816.8635,255.3727,23.0154,51.5259,0.0706,3.2599,81.2071,2.3227
07/09/2007 00:00:00,1.9423,0.3525,16.9445,1.0000,0.0000,4.9335,296.1684,68.5152,0.9380,6.6879,2.0797,757.3043,243.4609,22.6305,48.8410,0.0000,2.9736,77.7311,2.2723
08/09/2007 00:00:00,8.9414,0.3501,17.0823,1.0000,0.0000,4.0829,298.9360,68.5152,1.3284,8.2911,2.9859,697.7450,231.5490,32.2140,79.5423,0.0000,2.6872,107.6414,3.1430
09/09/2007 00:00:00,4.5892,0.3478,17.2202,1.0000,0.0000,3.2323,301.7037,68.5152,2.0620,11.0246,3.8142,638.1858,219.6372,50.2645,135.9693,0.0000,2.4009,163.2773,3.8686
10/09/2007 00:00:00,3.2279,0.3455,17.3580,1.0000,0.0000,2.3816,304.4713,68.5152,1.7710,7.8712,3.3917,578.6265,207.7253,43.3941,110.4140,0.0000,2.1145,136.9310,3.3917
11/09/2007 00:00:00,2.6469,0.3431,17.4959,1.0000,0.0000,2.3945,307.2389,68.5152,1.5068,5.3276,2.9532,519.0672,195.8134,37.1135,87.9502,0.0000,2.3425,113.6761,2.9532
12/09/2007 00:00:00,10.7051,0.3422,17.4431,1.0000,0.0000,3.1099,306.5502,68.5152,1.4131,6.3765,2.6805,532.3070,198.4614,34.9870,88.2513,0.1337,2.9134,114.8492,3.0823
13/09/2007 00:00:00,9.9400,0.3422,17.3005,1.0000,0.0000,3.8253,304.2337,68.5152,1.4427,9.2208,2.0464,579.8271,207.9654,35.9064,102.7500,0.7812,3.4842,131.0028,3.0322
14/09/2007 00:00:00,6.1214,0.3422,17.1580,1.0000,0.0000,4.5407,301.9172,68.5152,1.3127,10.8758,1.5917,627.3471,217.4694,32.8425,101.8991,1.1564,4.0551,131.8070,2.9073
15/09/2007 00:00:00,6.8032,0.3422,17.0154,1.0000,0.0000,5.2562,299.6008,68.5152,1.0527,10.7304,1.3030,674.8672,226.9734,26.4751,84.3236,1.4136,4.6260,115.8865,2.8469
16/09/2007 00:00:00,4.8007,0.3422,16.8729,1.0000,0.0000,5.9716,297.2843,68.5152,0.9850,11.9352,1.1021,722.3872,236.4774,24.9036,84.8275,1.6066,5.1968,118.0455,2.8190
17/09/2007 00:00:00,3.4866,0.3422,16.7303,1.0000,0.0000,6.6870,294.9678,68.5152,0.8769,12.3261,0.9542,769.9073,245.9815,22.2889,78.8462,1.7615,5.7677,113.7191,2.8112
18/09/2007 00:00:00,4.6319,0.3422,16.5878,1.0000,0.0000,6.6762,292.6513,68.5152,0.7421,11.8805,0.8060,817.4273,255.4855,18.9610,67.0564,1.8141,5.8940,103.5844,2.7007
19/09/2007 00:00:00,4.9350,0.3387,16.5390,1.0000,0.0000,6.1006,293.7767,68.5152,0.7691,12.3114,0.8258,817.4761,255.4952,19.7569,70.6764,1.9473,5.7154,107.1731,2.8556
20/09/2007 00:00:00,3.1003,0.3327,16.5376,1.0000,0.0000,5.5250,296.6371,68.5152,0.8253,12.3857,0.8339,793.6405,250.7281,21.3129,74.9126,1.9252,5.5367,110.5296,2.8424
21/09/2007 00:00:00,2.5809,0.3267,16.5362,1.0000,0.0000,4.9494,299.4974,68.5152,0.7537,10.5517,0.7676,769.8050,245.9610,19.5677,62.0857,1.7325,5.3581,96.8229,2.5769
22/09/2007 00:00:00,3.0563,0.3207,16.5348,1.0000,0.0000,4.3738,302.3578,68.5152,0.7345,9.5369,0.7358,745.9695,241.1939,19.1714,56.4552,1.6209,5.1794,90.3127,2.4302
23/09/2007 00:00:00,2.1572,0.3147,16.5333,1.0000,0.0000,3.7982,305.2181,68.5152,0.7359,8.8014,0.7383,722.1339,236.4268,19.3106,53.4203,1.5846,5.0008,86.3981,2.3967
24/09/2007 00:00:00,5.9395,0.3086,16.5319,1.0000,0.0000,3.2226,308.0785,68.5152,0.8845,9.6659,0.8814,698.2984,231.6597,23.3354,66.7993,1.8393,4.8221,98.8974,2.8088
25/09/2007 00:00:00,5.7638,0.3026,16.5305,1.0000,0.0000,3.3795,310.9388,68.5152,0.9372,9.2669,0.8681,674.4629,226.8926,24.8602,68.2884,1.7574,4.6435,99.5068,2.7123
26/09/2007 00:00:00,3.9355,0.3098,16.6141,1.0000,0.0000,3.9985,308.5621,68.5152,1.1354,10.0349,0.9495,666.6667,225.3333,30.2789,86.7191,1.9199,4.4648,117.0577,2.9643
27/09/2007 00:00:00,4.1954,0.3255,16.7392,1.0000,0.0000,4.6174,303.6374,68.5152,1.0441,8.1236,0.8680,666.6667,225.3333,27.9952,76.2869,1.7800,4.2861,105.7458,2.7348
28/09/2007 00:00:00,3.7806,0.3412,16.8643,1.0000,0.0000,5.2363,298.7127,68.5152,1.0972,7.3670,0.8939,666.6667,225.3333,29.5806,80.5384,1.8602,4.1075,109.1175,2.8435
29/09/2007 00:00:00,2.6474,0.3568,16.9894,1.0000,0.0000,5.8552,293.7880,68.5152,1.0657,6.0091,0.8523,666.6667,225.3333,28.8865,76.3089,1.8008,3.9288,104.0083,2.7383
30/09/2007 00:00:00,2.2952,0.3725,17.1144,1.0000,0.0000,6.4742,288.8633,68.5152,0.9565,4.3567,0.7697,666.6667,225.3333,26.0706,64.7556,1.6521,3.7502,91.5753,2.4988
01/10/2007 00:00:00,2.1324,0.3881,17.2395,1.0000,0.0000,7.0931,283.9386,68.5152,0.9176,3.1760,0.7406,666.6667,225.3333,25.1455,60.1790,1.6161,3.5715,86.1190,2.4307
02/10/2007 00:00:00,1.8728,0.4038,17.3646,1.0000,0.0000,7.7120,279.0138,68.5152,0.8324,1.9634,0.6702,666.6667,225.3333,22.9365,51.4852,1.4878,3.3929,76.5455,2.2249
03/10/2007 00:00:00,1.7370,0.4195,17.4896,1.0000,0.0000,7.4573,274.0891,68.5152,0.8047,1.0035,0.6432,666.6667,225.3333,22.2963,48.2816,1.4538,3.2142,72.4622,2.1613
04/10/2007 00:00:00,1.6034,0.4028,17.8243,1.0000,0.0000,6.4424,262.9859,68.5152,0.7428,0.7092,0.5714,666.6667,225.3333,20.6964,44.0808,1.4496,3.0356,68.0479,2.0782
05/10/2007 00:00:00,1.5035,0.3661,18.2588,1.0000,0.0000,5.4275,248.9392,68.5152,0.6872,0.7264,0.4964,666.6667,225.3333,19.2535,41.1071,1.4856,2.8569,65.1786,2.0316
06/10/2007 00:00:00,1.3964,0.3293,18.6933,1.0000,0.0000,4.4125,234.8924,68.5152,0.6322,0.7334,0.4233,666.6667,225.3333,17.8118,37.8523,1.5039,2.6782,62.0280,1.9695
07/10/2007 00:00:00,1.2956,0.2926,19.1278,1.0000,0.0000,3.3976,220.8457,68.5152,0.5876,0.7427,0.3576,666.6667,225.3333,16.6456,35.2994,1.5225,2.4996,59.5795,1.9159
08/10/2007 00:00:00,5.2918,0.2558,19.5624,1.0000,0.0000,2.3827,206.7989,68.5152,0.8350,1.1429,0.4334,666.6667,225.3333,23.7863,63.0523,2.2412,2.3209,87.4367,2.7179
09/10/2007 00:00:00,8.7258,0.2191,19.9969,1.0000,0.0000,2.0881,192.7521,68.5152,0.9705,1.4312,0.4186,666.6667,225.3333,27.8044,80.3979,2.6811,2.1423,104.8866,3.1416
10/10/2007 00:00:00,5.6922,0.2246,20.1784,1.0000,0.0000,2.2294,189.2038,68.5152,0.9619,1.5090,0.2886,642.7094,220.5419,27.4940,80.9160,2.2499,1.9636,105.5152,2.5674
11/10/2007 00:00:00,4.5971,0.2590,20.2356,1.0000,0.0000,2.3708,190.8124,68.5152,1.0376,1.7183,0.2844,606.9596,213.3919,29.4783,89.8972,2.6360,1.7850,114.6099,2.9488
12/10/2007 00:00:00,3.0874,0.2934,20.2928,1.0000,0.0000,2.5122,192.4211,68.5152,0.9708,1.6912,0.2286,571.2099,206.2420,27.4153,83.1349,2.5076,1.6063,107.9612,2.7590
13/10/2007 00:00:00,2.4704,0.3278,20.3499,1.0000,0.0000,2.6535,194.0298,68.5152,0.8187,1.4956,0.1746,535.4601,199.0920,22.9831,66.7149,2.2616,1.4277,91.6548,2.4537
14/10/2007 00:00:00,2.0557,0.3622,20.4071,1.0000,0.0000,2.7949,195.6385,68.5152,0.6986,1.3345,0.1340,499.7104,191.9421,19.4946,53.6605,2.0496,1.2490,78.7139,2.1970
15/10/2007 00:00:00,1.7735,0.3966,20.4643,1.0000,0.0000,2.9363,197.2472,68.5152,0.6147,1.2249,0.1052,463.9606,184.7921,17.0543,44.5406,1.9050,1.0703,69.7076,2.0208
16/10/2007 00:00:00,1.5484,0.4310,20.5215,1.0000,0.0000,3.0792,198.8558,68.5152,0.5468,1.1339,0.0826,428.2109,177.6422,15.0808,37.1079,1.7771,1.0289,62.3884,1.8679
17/10/2007 00:00:00,1.3889,0.4456,20.1484,1.0000,0.0000,3.2234,203.3029,68.5152,0.5233,1.1272,0.0813,432.7797,178.5559,14.3516,32.7715,1.6954,1.0767,58.1655,1.7848
18/10/2007 00:00:00,1.8471,0.4477,19.5702,1.0000,0.0000,3.3676,209.1026,68.5152,0.6002,1.3402,0.1024,456.5774,183.3155,16.3671,38.4141,1.8655,1.1244,63.9217,1.9781
19/10/2007 00:00:00,1.2889,0.4498,18.9921,1.0000,0.0000,3.5118,214.9022,68.5152,0.5753,1.3293,0.1098,480.3751,188.0750,15.5989,33.0068,1.7392,1.1722,58.6280,1.8600
20/10/2007 00:00:00,1.7002,0.4519,18.4139,1.0000,0.0000,3.6560,220.7019,68.5152,0.6739,1.6088,0.1423,504.1729,192.8346,18.1684,39.8859,1.9472,1.2199,65.6206,2.1036
21/10/2007 00:00:00,1.8540,0.4540,17.8357,1.0000,0.0000,3.8002,226.5016,68.5152,0.7397,1.8220,0.1738,527.9706,197.5941,19.8330,42.8836,2.0389,1.2676,68.7318,2.2300
22/10/2007 00:00:00,1.2214,0.4561,17.2575,1.0000,0.0000,3.9444,232.3012,68.5152,0.7212,1.8303,0.1896,551.7683,202.3537,19.2301,37.8747,1.8854,1.3154,63.8365,2.0940
23/10/2007 00:00:00,1.1027,0.4582,16.6793,1.0000,0.0000,3.9126,238.1009,68.5152,0.7012,1.8311,0.2072,575.5660,207.1132,18.5933,32.9412,1.7209,1.3631,59.0166,1.9488
24/10/2007 00:00:00,1.0052,0.4523,16.6002,1.0000,0.0000,3.7704,238.5502,68.5152,0.6885,1.7822,0.2262,575.2677,207.0535,18.1579,30.1931,1.6117,1.4109,56.2988,1.8605
25/10/2007 00:00:00,0.9298,0.4412,16.7640,1.0000,0.0000,3.6281,236.3946,68.5152,0.6876,1.7327,0.2505,563.2941,204.6588,18.0355,29.1252,1.5475,1.4586,55.2210,1.8231
26/10/2007 00:00:00,0.8676,0.4301,16.9278,1.0000,0.0000,3.4859,234.2390,68.5152,0.6932,1.7000,0.2827,551.3204,202.2641,18.0848,28.5875,1.4950,1.5063,54.6732,1.8060
27/10/2007 00:00:00,3.8655,0.4191,17.0917,1.0000,0.0000,3.3437,232.0833,68.5152,0.9943,2.3722,0.4466,539.3468,199.8694,25.8038,50.9388,1.9888,1.5541,77.0146,2.4801
28/10/2007 00:00:00,2.8399,0.4080,17.2555,1.0000,0.0000,3.2015,229.9277,68.5152,0.9238,2.1432,0.4680,527.3731,197.4746,23.8472,44.1926,1.7162,1.6018,70.2584,2.2310
29/10/2007 00:00:00,1.5660,0.3970,17.4193,1.0000,0.0000,3.0593,227.7720,68.5152,0.9314,2.1004,0.5365,515.3995,195.0799,23.9182,43.4947,1.5697,1.6496,69.5506,2.1598
30/10/2007 00:00:00,1.4160,0.3859,17.5832,1.0000,0.0000,3.0842,225.6164,68.5152,0.9064,1.9858,0.6331,503.4258,192.6852,23.1546,40.3988,1.4095,1.6973,66.4448,2.1059
31/10/2007 00:00:00,1.2716,0.4172,17.9187,1.0000,0.0000,3.2285,223.1511,68.5152,0.8813,1.8751,0.6609,483.0026,188.6005,22.3980,36.0494,1.2720,1.7451,62.0853,1.9990
01/11/2007 00:00:00,1.1864,0.4721,18.3230,1.0000,0.0000,3.3728,220.5618,68.5152,0.8942,1.8466,0.6836,459.1931,183.8386,22.6100,33.9046,1.2164,1.7928,59.9306,1.9683
02/11/2007 00:00:00,1.0414,0.5270,18.7273,1.0000,0.0000,3.5171,217.9724,68.5152,0.8694,1.7417,0.6621,435.3836,179.0767,21.8704,29.3080,1.0869,1.8405,55.3241,1.8152
03/11/2007 00:00:00,0.9088,0.5819,19.1316,1.0000,0.0000,3.6615,215.3831,68.5152,0.8717,1.6932,0.6552,411.5741,174.3148,21.8187,26.5538,0.9898,1.8883,52.5599,1.7105
04/11/2007 00:00:00,0.8081,0.6368,19.5359,1.0000,0.0000,3.8058,212.7938,68.5152,0.9036,1.7008,0.6718,387.7645,169.5529,22.5038,25.5052,0.9312,1.9360,51.5013,1.6702
05/11/2007 00:00:00,0.7110,0.6917,19.9401,1.0000,0.0000,3.9501,210.2045,68.5152,0.9375,1.7089,0.6905,363.9550,164.7910,23.2319,24.3917,0.8753,1.9838,50.3778,1.6349
06/11/2007 00:00:00,0.6579,0.7466,20.3444,1.0000,0.0000,4.2783,207.6151,68.5152,0.9970,1.7588,0.7291,340.1455,160.0291,24.5850,24.3907,0.8418,2.2814,50.3669,1.6439
07/11/2007 00:00:00,0.6206,0.7535,20.9162,1.0000,0.0000,4.7038,203.3985,68.5152,1.0029,1.7112,0.6888,341.8354,160.3671,24.6108,24.7330,0.9083,2.7079,50.6992,1.6659
08/11/2007 00:00:00,0.5870,0.7341,21.5551,1.0000,0.0000,5.1292,198.5304,68.5152,0.9837,1.6221,0.6287,353.7449,162.7490,24.0234,25.0631,0.9947,3.1344,51.0194,1.6863
09/11/2007 00:00:00,0.5527,0.7148,22.1939,1.0000,0.0000,5.5547,193.6624,68.5152,0.9643,1.5355,0.5805,365.6544,165.1309,23.4354,25.3134,1.0647,3.5609,51.2597,1.7032
10/11/2007 00:00:00,0.5199,0.6955,22.8327,1.0000,0.0000,5.9801,188.7944,68.5152,0.9467,1.4546,0.5420,377.5638,167.5128,22.8971,25.5972,1.1249,3.9874,51.5336,1.7211
11/11/2007 00:00:00,0.4658,0.6762,23.4715,1.0000,0.0000,6.4056,183.9264,68.5152,0.9154,1.3559,0.4999,389.4733,169.8947,22.0353,25.0607,1.1531,4.4139,50.9871,1.7031
12/11/2007 00:00:00,0.4106,0.6568,24.1104,1.0000,0.0000,6.8310,179.0583,68.5152,0.8633,1.2317,0.4496,401.3828,172.2766,20.6837,23.2478,1.1367,4.8404,49.1642,1.6313
13/11/2007 00:00:00,0.3806,0.6375,24.7492,1.0000,0.0000,6.6526,174.1903,68.5152,0.8329,1.1434,0.4185,413.2923,174.6585,19.8630,22.5565,1.1473,4.8209,48.4630,1.6077
14/11/2007 00:00:00,0.3638,0.6312,24.8691,1.0000,0.0000,6.0763,171.9964,68.5152,0.8385,1.1064,0.3752,467.9182,185.5836,19.9031,22.6788,1.2040,4.5345,48.5754,1.6167
15/11/2007 00:00:00,0.3475,0.6319,24.7841,1.0000,0.0000,5.5000,170.8581,68.5152,0.8517,1.0789,0.3264,539.4319,199.8864,20.1228,22.7464,1.2645,4.2482,48.6329,1.6235
16/11/2007 00:00:00,0.3252,0.6326,24.6991,1.0000,0.0000,4.9238,169.7198,68.5152,0.8555,1.0392,0.2782,610.9456,214.1891,20.1190,22.2702,1.3030,3.9619,48.1468,1.6090
17/11/2007 00:00:00,0.3129,0.6332,24.6141,1.0000,0.0000,4.3475,168.5815,68.5152,0.8713,1.0136,0.2386,682.4593,228.4919,20.3985,22.4663,1.3577,3.6756,48.3330,1.6202
18/11/2007 00:00:00,0.4570,0.6339,24.5291,1.0000,0.0000,3.7712,167.4432,68.5152,0.9355,1.0407,0.2168,753.9730,242.7946,21.8035,25.2909,1.5111,3.3893,51.1475,1.7495
19/11/2007 00:00:00,0.2989,0.6346,24.4441,1.0000,0.0000,3.1949,166.3049,68.5152,0.9045,0.9607,0.1676,825.4867,257.0973,20.9861,22.8894,1.4516,3.1030,48.7361,1.6359
20/11/2007 00:00:00,0.2872,0.6353,24.3591,1.0000,0.0000,3.0936,165.1667,68.5152,0.9278,0.9393,0.1376,897.0004,271.4001,21.4299,23.4267,1.5134,3.0916,49.2634,1.6648
21/11/2007 00:00:00,0.2840,0.6401,24.2741,1.0000,0.0000,3.2351,164.0284,68.5152,0.9387,0.9043,0.1602,856.3278,263.2656,21.5867,24.0965,1.5170,3.2347,49.9233,1.6932
22/11/2007 00:00:00,0.2660,0.6470,24.1891,1.0000,0.0000,3.3766,162.8901,68.5152,0.9196,0.8412,0.1987,773.1018,246.6204,21.0546,23.4647,1.4535,3.3778,49.2815,1.6721
23/11/2007 00:00:00,0.2475,0.6539,24.1041,1.0000,0.0000,3.5180,161.7518,68.5152,0.8976,0.7779,0.2365,689.8758,229.9752,20.4618,22.6582,1.3839,3.5209,48.4650,1.6441
24/11/2007 00:00:00,0.2327,0.6607,24.0191,1.0000,0.0000,3.6595,160.6135,68.5152,0.8802,0.7210,0.2757,606.6498,213.3300,19.9777,22.0774,1.3212,3.6640,47.8743,1.6244
25/11/2007 00:00:00,0.2221,0.6676,23.9341,1.0000,0.0000,3.8010,159.4752,68.5152,0.8707,0.6723,0.3186,523.4238,196.6848,19.6771,21.9134,1.2719,3.8070,47.7004,1.6224
26/11/2007 00:00:00,0.2201,0.6745,23.8492,1.0000,0.0000,3.9424,158.3369,68.5152,0.8773,0.6366,0.3703,440.1978,180.0396,19.7405,22.6237,1.2457,3.9501,48.4007,1.6530
27/11/2007 00:00:00,0.2140,0.6814,23.7642,1.0000,0.0000,3.7439,157.1986,68.5152,0.8745,0.5943,0.4201,356.9718,163.3944,19.5947,22.8177,1.2012,4.0000,48.5847,1.6633
28/11/2007 00:00:00,0.2037,0.6846,23.5519,1.0000,0.0000,3.3119,160.0060,68.5152,0.8852,0.6093,0.4343,341.8568,160.3714,18.9247,22.2999,1.1735,4.0000,48.1945,1.6512
29/11/2007 00:00:00,0.1951,0.6858,23.2890,1.0000,0.0000,2.8800,164.3810,68.5152,0.9064,0.6486,0.4375,353.7616,162.7523,18.2417,21.8867,1.1642,4.0000,47.9635,1.6455
30/11/2007 00:00:00,0.8629,0.6870,23.0262,1.0000,0.0000,2.4481,168.7560,68.5152,1.1697,0.8652,0.5511,365.6663,165.1333,22.2384,34.0477,1.4453,4.0000,60.3068,2.0515
01/12/2007 00:00:00,0.9509,0.6882,22.7633,1.0000,0.0000,2.0162,173.1310,68.5152,1.2241,0.9318,0.5571,377.5711,167.5142,22.0548,35.1826,1.4410,4.0000,61.6239,2.0539
02/12/2007 00:00:00,0.2578,0.6894,22.5005,1.0000,0.0000,1.5843,177.5059,68.5152,1.0391,0.8111,0.4753,389.4759,169.8952,17.7945,24.5572,1.2134,4.0000,51.1807,1.7362
03/12/2007 00:00:00,0.2210,0.6906,22.2376,1.0000,0.0000,1.1524,181.8809,68.5152,1.1000,0.8779,0.5083,401.3806,172.2761,17.9498,26.2918,1.2818,4.0000,53.0975,1.8409
04/12/2007 00:00:00,0.2134,0.6918,21.9748,1.0000,0.0000,2.2834,186.2559,68.5152,1.1150,0.9075,0.5099,413.2854,174.6571,17.3769,25.8344,1.2707,3.9076,52.8224,1.8316
05/12/2007 00:00:00,0.2102,0.6875,21.8409,1.0000,0.0000,4.2663,188.5831,68.5152,1.1427,0.9427,0.5378,425.1657,177.0331,17.8485,25.9903,1.2495,3.7653,53.0217,1.8411
06/12/2007 00:00:00,1.4139,0.6802,21.7583,1.0000,0.0000,6.2491,190.0966,68.5152,1.4500,1.2106,0.6909,437.0363,179.4073,23.1314,38.7184,1.4459,3.6230,65.7383,2.2059
07/12/2007 00:00:00,0.2621,0.6729,21.6756,1.0000,0.0000,8.2320,191.6100,68.5152,1.2528,1.0588,0.6508,448.9069,181.7814,20.4202,28.4031,1.2074,3.4807,55.4114,1.9234
08/12/2007 00:00:00,0.2495,0.6656,21.5930,1.0000,0.0000,10.2149,193.1235,68.5152,1.2739,1.0902,0.7022,460.7775,184.1555,21.2230,27.8750,1.1305,3.3384,54.8717,1.9028
09/12/2007 00:00:00,0.2244,0.6584,21.5104,1.0000,0.0000,12.1978,194.6370,68.5152,1.2640,1.0958,0.7435,472.6481,186.5296,21.5345,25.9404,1.0088,3.1961,52.9255,1.8266
10/12/2007 00:00:00,0.1992,0.6511,21.4278,1.0000,0.0000,14.1807,196.1504,68.5152,1.2495,1.0978,0.7938,484.5187,188.9037,21.7784,23.7756,0.8694,3.0539,50.7491,1.7426
11/12/2007 00:00:00,0.1742,0.6438,21.3452,1.0000,0.0000,14.7458,197.6639,68.5152,1.2299,1.0956,0.8571,496.3894,191.2779,21.9430,21.3804,0.7072,3.1778,48.3423,1.6501
12/12/2007 00:00:00,0.5662,0.6366,21.2662,1.0000,0.0000,14.3127,199.1217,68.5152,1.3944,1.2945,0.9725,500.0000,192.0000,26.1776,29.1793,0.9156,3.4638,56.0939,1.9853
13/12/2007 00:00:00,0.1831,0.6293,21.1888,1.0000,0.0000,13.8796,200.5551,68.5152,1.1994,1.1783,0.7398,500.0000,192.0000,24.0593,23.9560,0.9368,3.7498,50.8077,1.7506
14/12/2007 00:00:00,0.1787,0.6220,21.1114,1.0000,0.0000,13.4465,201.9885,68.5152,1.1353,1.1855,0.6391,500.0000,192.0000,24.4434,24.0729,1.0512,4.0358,50.8616,1.7542
15/12/2007 00:00:00,0.1636,0.6147,21.0340,1.0000,0.0000,13.0133,203.4219,68.5152,1.0402,1.1605,0.5341,500.0000,192.0000,24.1657,22.8112,1.1171,4.3217,49.5369,1.7047
16/12/2007 00:00:00,0.5338,0.6075,20.9566,1.0000,0.0000,12.5802,204.8553,68.5152,1.0597,1.2706,0.4859,500.0000,192.0000,26.7219,27.2904,1.2761,4.6077,53.9532,1.8106
17/12/2007 00:00:00,0.8147,0.6002,20.8792,1.0000,0.0000,12.1471,206.2887,68.5152,1.0657,1.3832,0.4480,500.0000,192.0000,29.3818,31.8200,1.4686,4.8937,58.4198,1.9614
18/12/2007 00:00:00,1.2554,0.5929,20.8018,1.0000,0.0000,10.9715,207.7220,68.5152,1.0259,1.4535,0.3661,500.0000,192.0000,31.1853,34.5120,1.4974,4.7297,61.0489,1.9001
19/12/2007 00:00:00,0.2852,0.5864,21.0275,1.0000,0.0000,9.4141,206.4064,68.5152,0.9378,1.3266,0.3837,509.9704,193.9941,28.9397,30.1375,1.5526,4.2997,56.6748,1.9746
20/12/2007 00:00:00,0.2345,0.5802,21.3717,1.0000,0.0000,7.8567,204.0157,68.5152,0.9503,1.2931,0.4150,523.8288,196.7658,28.7642,30.1418,1.5256,3.8697,56.7044,1.9821
21/12/2007 00:00:00,0.2184,0.5740,21.7160,1.0000,0.0000,6.2994,201.6251,68.5152,0.9424,1.2338,0.4340,537.6872,199.5374,27.9925,28.9574,1.4586,3.4397,55.5452,1.9360
22/12/2007 00:00:00,0.2060,0.5678,22.0602,1.0000,0.0000,4.7420,199.2344,68.5152,0.9389,1.1827,0.4542,551.5456,202.3091,27.3784,28.0673,1.4028,3.0097,54.6803,1.9024
23/12/2007 00:00:00,0.1952,0.5616,22.4045,1.0000,0.0000,3.1846,196.8438,68.5152,0.9372,1.1359,0.4745,565.4040,205.0808,26.8400,27.3125,1.3528,2.5796,53.9507,1.8748
24/12/2007 00:00:00,0.1650,0.5555,22.7488,1.0000,0.0000,1.6273,194.4531,68.5152,0.8930,1.0414,0.4687,579.2624,207.8525,25.1265,24.1660,1.2383,2.1496,50.8294,1.7539
25/12/2007 00:00:00,0.1421,0.5728,23.0165,1.0000,0.0000,1.0860,191.7323,68.5152,0.8566,0.9611,0.4456,583.3333,208.6667,23.6866,21.5666,1.1673,2.0000,48.2553,1.6574
26/12/2007 00:00:00,0.1220,0.6030,23.2523,1.0000,0.0000,1.2301,188.8740,68.5152,0.8198,0.8849,0.4156,583.3333,208.6667,22.2866,19.0209,1.1075,2.0000,45.7348,1.5646
27/12/2007 00:00:00,0.1053,0.6332,23.4881,1.0000,0.0000,1.3742,186.0157,68.5152,0.7878,0.8180,0.3912,583.3333,208.6667,21.0622,16.7957,1.0588,2.0000,43.5348,1.4892
28/12/2007 00:00:00,0.0968,0.6634,23.7239,1.0000,0.0000,1.5183,183.1574,68.5152,0.7802,0.7791,0.3819,583.3333,208.6667,20.5184,15.9504,1.0484,2.0000,42.7147,1.4684
29/12/2007 00:00:00,0.0918,0.6937,23.9597,1.0000,0.0000,1.6623,180.2991,68.5152,0.7807,0.7497,0.3761,583.3333,208.6667,20.2043,15.5699,1.0462,2.0000,42.3594,1.4599
30/12/2007 00:00:00,0.0894,0.7239,24.1955,1.0000,0.0000,1.8064,177.4408,68.5152,0.7913,0.7307,0.3760,583.3333,208.6667,20.1582,15.7452,1.0585,2.0000,42.5599,1.4721
31/12/2007 00:00:00,0.0832,0.7541,24.4313,1.0000,0.0000,1.9505,174.5825,68.5152,0.7855,0.6972,0.3682,583.3333,208.6667,19.7012,15.0448,1.0481,2.0000,41.8848,1.4531
01/01/2008 00:00:00,0.0785,0.7960,24.6348,1.0000,0.0000,2.0000,174.7755,68.5152,0.7787,0.6635,0.3732,583.3333,208.6667,19.2160,14.5824,1.0311,2.3641,41.4485,1.4417
02/01/2008 00:00:00,0.0747,0.8444,24.8250,1.0000,0.0000,2.0000,176.2225,68.5152,0.7734,0.6323,0.3848,583.3333,208.6667,18.7768,14.3145,1.0143,2.9352,41.2073,1.4376
03/01/2008 00:00:00,0.0737,0.8928,25.0152,1.0000,0.0000,2.0000,177.6694,68.5152,0.7802,0.6117,0.4031,583.3333,208.6667,18.6403,14.6875,1.0134,3.5064,41.6069,1.4569
04/01/2008 00:00:00,0.0714,0.9412,25.2055,1.0000,0.0000,2.0000,179.1164,68.5152,0.7798,0.5862,0.4180,583.3333,208.6667,18.3390,14.6749,1.0018,4.0775,41.6210,1.4616
05/01/2008 00:00:00,0.0702,0.9896,25.3957,1.0000,0.0000,2.0000,180.5633,68.5152,0.7841,0.5650,0.4358,583.3333,208.6667,18.1569,14.9130,0.9954,4.6487,41.8857,1.4747
06/01/2008 00:00:00,0.0670,1.0380,25.5859,1.0000,0.0000,2.0000,182.0102,68.5152,0.7787,0.5376,0.4486,583.3333,208.6667,17.7604,14.6335,0.9760,5.2198,41.6328,1.4695
07/01/2008 00:00:00,0.0661,1.0864,25.7761,1.0000,0.0000,2.0000,183.4572,68.5152,0.7851,0.5191,0.4694,583.3333,208.6667,17.6427,14.9866,0.9722,5.7910,42.0125,1.4885
08/01/2008 00:00:00,0.0595,1.1348,25.9663,1.0000,0.0000,2.0000,184.9041,68.5152,0.7592,0.4805,0.4693,583.3333,208.6667,16.8115,13.6040,0.9249,6.5429,40.6566,1.4411
09/01/2008 00:00:00,0.0569,1.2341,25.8447,1.0000,0.0000,2.0000,184.0629,68.5152,0.7976,0.4704,0.4604,583.3333,208.6667,16.5439,13.2895,0.9306,7.3992,40.4467,1.4371
10/01/2008 00:00:00,0.0551,1.3603,25.6004,1.0000,0.0000,2.0000,182.3219,68.5152,0.8574,0.4692,0.4476,583.3333,208.6667,16.4269,13.2334,0.9532,8.2555,40.5258,1.4456
11/01/2008 00:00:00,0.0538,1.4866,25.3561,1.0000,0.0000,2.0000,180.5809,68.5152,0.9174,0.4686,0.4355,583.3333,208.6667,16.3326,13.2276,0.9750,9.1118,40.6553,1.4541
12/01/2008 00:00:00,0.0526,1.6129,25.1118,1.0000,0.0000,2.0000,178.8399,68.5152,0.9754,0.4674,0.4231,583.3333,208.6667,16.2193,13.1692,0.9933,9.9681,40.7321,1.4588
13/01/2008 00:00:00,0.0531,1.7392,24.8676,1.0000,0.0000,2.0000,177.0989,68.5152,1.0453,0.4721,0.4167,583.3333,208.6667,16.3081,13.6168,1.0236,10.8244,41.3150,1.4820
14/01/2008 00:00:00,0.0513,1.8655,24.6233,1.0000,0.0000,2.0000,175.3579,68.5152,1.0963,0.4684,0.4035,583.3333,208.6667,16.1116,13.3386,1.0351,11.6807,41.1721,1.4790
15/01/2008 00:00:00,0.0479,1.9918,24.3790,1.0000,0.0000,2.5391,173.6169,68.5152,1.1305,0.4586,0.3858,583.3333,208.6667,15.7048,12.5089,1.0317,11.4611,40.4776,1.4561
16/01/2008 00:00:00,0.0436,2.0522,24.1993,1.0000,0.0000,3.3884,174.3097,68.5152,1.1944,0.4495,0.3758,574.8041,206.9608,15.3275,11.1129,0.9991,10.6016,39.2681,1.4124
17/01/2008 00:00:00,0.0388,2.0768,24.0451,1.0000,0.0000,4.2377,175.9609,68.5152,1.2559,0.4370,0.3645,562.9029,204.5806,14.8368,9.2014,0.9467,9.7422,37.5632,1.3476
18/01/2008 00:00:00,0.0366,2.1014,23.8909,1.0000,0.0000,5.0870,177.6120,68.5152,1.3500,0.4372,0.3644,551.0017,202.2003,14.7776,8.3999,0.9252,8.8827,36.9684,1.3261
19/01/2008 00:00:00,0.0383,2.1260,23.7367,1.0000,0.0000,5.9363,179.2632,68.5152,1.5205,0.4607,0.3857,539.1005,199.8201,15.5083,9.5552,0.9581,8.0233,38.3303,1.3824
20/01/2008 00:00:00,0.0389,2.1507,23.5824,1.0000,0.0000,6.7856,180.9144,68.5152,1.6741,0.4769,0.3998,527.1992,197.4398,15.9859,10.0498,0.9721,7.1638,39.0316,1.4119
21/01/2008 00:00:00,0.0365,2.1753,23.4282,1.0000,0.0000,7.6349,182.5656,68.5152,1.7687,0.4757,0.3976,515.2980,195.0596,15.8793,9.1081,0.9468,6.3044,38.2965,1.3841
22/01/2008 00:00:00,0.0329,2.1999,23.2740,1.0000,0.0000,7.7845,184.2167,68.5152,1.8244,0.4650,0.3864,503.3968,192.6794,15.4570,7.4218,0.9015,6.2418,36.8168,1.3265
23/01/2008 00:00:00,0.0311,2.2289,23.4328,1.0000,0.0000,7.4066,183.3477,68.5152,1.7629,0.4637,0.3974,507.4397,193.4879,15.3492,6.7527,0.8614,6.6162,36.1030,1.2986
24/01/2008 00:00:00,0.0285,2.2602,23.7164,1.0000,0.0000,7.0287,181.4736,68.5152,1.6138,0.4543,0.4054,517.8509,195.5702,14.9750,5.5732,0.7991,6.9906,34.7782,1.2450
25/01/2008 00:00:00,0.0269,2.2915,24.0000,1.0000,0.0000,6.6508,179.5995,68.5152,1.4936,0.4518,0.4199,528.2622,197.6524,14.8327,4.9485,0.7524,7.3649,34.0083,1.2142
26/01/2008 00:00:00,0.0256,2.3228,24.2836,1.0000,0.0000,6.2729,177.7253,68.5152,1.3839,0.4520,0.4369,538.6734,199.7347,14.7788,4.5332,0.7113,7.7393,33.4478,1.1920
27/01/2008 00:00:00,0.0243,2.3541,24.5672,1.0000,0.0000,5.8949,175.8512,68.5152,1.2684,0.4497,0.4511,549.0847,201.8169,14.6460,3.9458,0.6663,8.1137,32.7151,1.1625
28/01/2008 00:00:00,0.0235,2.3854,24.8508,1.0000,0.0000,5.5170,173.9771,68.5152,1.1735,0.4546,0.4736,559.4959,203.8992,14.7457,3.8798,0.6338,8.4881,32.5038,1.1547
29/01/2008 00:00:00,0.0235,2.4167,25.1345,1.0000,0.0000,5.1391,172.1029,68.5152,1.0965,0.4676,0.5069,569.9072,205.9814,15.1078,4.3797,0.6131,8.8625,32.8585,1.1707
30/01/2008 00:00:00,0.0233,2.4480,25.4181,1.0000,0.0000,4.7909,170.2288,68.5152,1.0130,0.4800,0.5404,580.3184,208.0637,15.4453,4.8064,0.5891,9.1053,33.1400,1.1836
31/01/2008 00:00:00,0.0228,2.4803,25.5664,1.0000,0.0000,4.4600,169.6134,68.5152,0.9965,0.4724,0.5563,573.4573,206.6915,15.1425,4.7135,0.5705,9.2718,33.0879,1.1824
01/02/2008 00:00:00,0.0222,2.5130,25.6599,1.0000,0.0000,4.1290,169.5091,68.5152,1.0103,0.4589,0.5672,559.5555,203.9111,14.6514,4.5105,0.5559,9.4382,33.0016,1.1798
02/02/2008 00:00:00,0.0218,2.5458,25.7533,1.0000,0.0000,3.7981,169.4048,68.5152,1.0256,0.4473,0.5808,545.6538,201.1308,14.2257,4.3912,0.5419,9.6047,32.9988,1.1808
03/02/2008 00:00:00,0.0211,2.5786,25.8467,1.0000,0.0000,3.4672,169.3006,68.5152,1.0233,0.4294,0.5831,531.7520,198.3504,13.6029,3.7419,0.5159,9.7711,32.4662,1.1573
04/02/2008 00:00:00,0.0200,2.6113,25.9401,1.0000,0.0000,3.1363,169.1963,68.5152,1.0209,0.4129,0.5889,517.8502,195.5700,13.0291,3.1273,0.4917,9.9376,31.9683,1.1395
05/02/2008 00:00:00,0.0192,2.6441,26.0335,1.0000,0.0000,3.0847,169.0921,68.5152,1.0189,0.3978,0.5955,503.9485,192.7897,12.5062,2.5626,0.4666,10.0000,31.5202,1.1216
06/02/2008 00:00:00,0.3411,2.4413,25.8780,1.0000,0.0000,3.2287,169.3821,68.5152,2.3400,0.8315,1.1759,508.5159,193.7032,26.0408,36.4371,0.9959,10.0000,65.6487,2.2893
07/02/2008 00:00:00,2.5951,2.1138,25.6239,1.0000,0.0000,3.3726,169.8281,68.5152,3.2115,1.0261,1.3049,520.4100,196.0820,32.0133,50.3691,1.2593,10.0000,79.8892,2.6947
08/02/2008 00:00:00,4.8287,1.7863,25.3699,1.0000,0.0000,3.5166,170.2740,68.5152,3.8910,1.1303,1.2965,532.3042,198.4608,35.1323,56.9502,1.4200,10.0000,86.7788,2.8462
09/02/2008 00:00:00,0.1015,1.4588,25.1159,1.0000,0.0000,3.6606,170.7200,68.5152,1.1012,0.2935,0.2531,544.1983,200.8397,9.0888,0.0000,0.3137,10.0000,22.2190,0.5921
10/02/2008 00:00:00,0.0467,1.1313,24.8619,1.0000,0.0000,3.8045,171.1660,68.5152,2.0693,0.5098,0.5108,556.0924,203.2185,15.7295,7.6094,0.7150,10.0000,38.0550,1.2768
11/02/2008 00:00:00,0.0430,0.8038,24.6078,1.0000,0.0000,3.9485,171.6120,68.5152,2.1946,0.5031,0.4663,567.9866,205.5973,15.4637,6.2670,0.7365,10.0000,37.0211,1.2494
12/02/2008 00:00:00,0.0378,0.4763,24.3538,1.0000,0.0000,4.1818,172.0579,68.5152,2.2609,0.4848,0.4145,579.8807,207.9761,14.8486,4.1115,0.7386,10.8066,35.1741,1.1945
13/02/2008 00:00:00,0.0312,0.3791,24.0883,1.0000,0.0000,4.4647,173.0433,68.5152,2.0644,0.4460,0.3685,583.3333,208.6667,13.6553,1.0850,0.6935,12.0845,32.1541,1.0989
14/02/2008 00:00:00,0.0276,0.4065,23.8181,1.0000,0.0000,4.7477,174.2496,68.5152,1.8891,0.4237,0.3453,583.3333,208.6667,12.9878,0.0000,0.6674,13.3624,30.4576,1.0472
15/02/2008 00:00:00,0.0283,0.4338,23.5479,1.0000,0.0000,5.0307,175.4559,68.5152,1.8993,0.4429,0.3585,583.3333,208.6667,13.5919,0.9089,0.7109,14.6402,31.7440,1.1052
16/02/2008 00:00:00,0.0306,0.4612,23.2777,1.0000,0.0000,5.3136,176.6622,68.5152,1.9543,0.4746,0.3808,583.3333,208.6667,14.5809,3.1961,0.7741,15.9181,33.9143,1.1930
17/02/2008 00:00:00,0.0324,0.4886,23.0075,1.0000,0.0000,5.5966,177.8685,68.5152,1.9625,0.4972,0.3932,583.3333,208.6667,15.2918,4.8207,0.8184,17.1959,35.4219,1.2509
18/02/2008 00:00:00,0.0327,0.5159,22.7373,1.0000,0.0000,5.8795,179.0748,68.5152,1.9198,0.5084,0.3962,583.3333,208.6667,15.6514,5.6216,0.8439,18.4738,36.1057,1.2797
19/02/2008 00:00:00,0.0306,0.5433,22.4670,1.0000,0.0000,5.9174,180.2810,68.5152,1.8061,0.5009,0.3849,583.3333,208.6667,15.4383,5.1004,0.8383,18.4987,35.4675,1.2618
20/02/2008 00:00:00,0.0279,0.5640,22.4787,1.0000,0.0000,5.7736,180.3382,68.5152,1.6393,0.4772,0.3687,566.3346,205.2669,14.7241,4.1265,0.8210,17.6463,34.3766,1.2266
21/02/2008 00:00:00,0.0293,0.5812,22.6028,1.0000,0.0000,5.6298,179.9371,68.5152,1.5783,0.4834,0.3785,542.5463,200.5093,14.9334,5.5678,0.8630,16.7940,35.7009,1.2793
22/02/2008 00:00:00,0.0275,0.5984,22.7269,1.0000,0.0000,5.4860,179.5359,68.5152,1.4352,0.4638,0.3663,518.7581,195.7516,14.3431,5.0745,0.8569,15.9417,35.0906,1.2598
23/02/2008 00:00:00,0.0260,0.6156,22.8510,1.0000,0.0000,5.3422,179.1347,68.5152,1.3045,0.4462,0.3548,494.9698,190.9940,13.8129,4.6638,0.8529,15.0894,34.5630,1.2431
24/02/2008 00:00:00,0.0248,0.6328,22.9751,1.0000,0.0000,5.1983,178.7336,68.5152,1.1881,0.4315,0.3445,471.1815,186.2363,13.3738,4.4254,0.8531,14.2371,34.2075,1.2321
25/02/2008 00:00:00,0.0239,0.6500,23.0992,1.0000,0.0000,5.0545,178.3324,68.5152,1.0829,0.4193,0.3353,447.3932,181.4786,13.0082,4.3288,0.8571,13.3847,33.9939,1.2259
26/02/2008 00:00:00,0.0227,0.6672,23.2233,1.0000,0.0000,5.0775,177.9312,68.5152,0.9767,0.4049,0.3233,423.6049,176.7210,12.5762,4.0130,0.8557,12.5174,33.5612,1.2113
27/02/2008 00:00:00,0.0218,0.6738,23.5077,1.0000,0.0000,5.2023,175.5262,68.5152,0.9031,0.4028,0.3347,416.6667,175.3333,12.5263,3.8224,0.8324,11.6376,33.2536,1.2006
28/02/2008 00:00:00,0.0202,0.6745,23.8595,1.0000,0.0000,5.3271,172.2787,68.5152,0.8226,0.3971,0.3459,416.6667,175.3333,12.3624,2.9808,0.7820,10.7579,32.2949,1.1625
29/02/2008 00:00:00,0.0196,0.6752,24.2113,1.0000,0.0000,5.4519,169.0312,68.5152,0.7623,0.4011,0.3646,416.6667,175.3333,12.4982,2.9246,0.7551,9.8782,32.1217,1.1561
01/03/2008 00:00:00,0.0197,0.6758,24.5632,1.0000,0.0000,5.5768,165.7837,68.5152,0.7158,0.4137,0.3914,416.6667,175.3333,12.9064,3.5467,0.7472,8.9984,32.6268,1.1777
02/03/2008 00:00:00,0.0200,0.6765,24.9150,1.0000,0.0000,5.7016,162.5362,68.5152,0.6680,0.4283,0.4197,416.6667,175.3333,13.3760,4.2883,0.7425,8.1187,33.2514,1.2042
03/03/2008 00:00:00,0.0200,0.6771,25.2668,1.0000,0.0000,5.8264,159.2887,68.5152,0.6089,0.4383,0.4420,416.6667,175.3333,13.7044,4.6464,0.7282,7.2390,33.4926,1.2144
04/03/2008 00:00:00,0.0201,0.6778,25.6186,1.0000,0.0000,5.9512,156.0412,68.5152,0.5503,0.4515,0.4671,416.6667,175.3333,14.1329,5.2187,0.7196,6.3592,33.9479,1.2334
05/03/2008 00:00:00,0.0201,0.6784,25.9705,1.0000,0.0000,5.7960,152.7937,68.5152,0.4859,0.4636,0.4903,416.6667,175.3333,14.5253,5.6714,0.7088,6.7810,34.2835,1.2482
06/03/2008 00:00:00,0.0211,0.6921,25.8920,1.0000,0.0000,5.4610,153.5547,68.5152,0.7029,0.4854,0.5135,406.7102,173.3420,15.2251,6.3172,0.7241,8.1011,35.3012,1.2889
07/03/2008 00:00:00,0.2917,0.7124,25.6438,1.0000,0.0000,5.1261,155.8970,68.5152,1.5059,0.7266,0.7317,392.8310,170.5662,22.8146,22.4023,1.0206,9.4211,51.9508,1.8255
08/03/2008 00:00:00,0.2298,0.7327,25.3957,1.0000,0.0000,4.7911,158.2393,68.5152,1.5478,0.5739,0.5254,378.9517,167.7903,18.0395,10.2167,0.7244,10.7411,40.3297,1.3023
09/03/2008 00:00:00,0.0276,0.7531,25.1475,1.0000,0.0000,4.4562,160.5817,68.5152,1.9061,0.5738,0.5903,365.0725,165.0145,18.0579,8.9466,0.8039,12.0612,39.6241,1.4533
10/03/2008 00:00:00,0.0242,0.7734,24.8993,1.0000,0.0000,4.1212,162.9240,68.5152,2.2440,0.5686,0.5813,351.1932,162.2386,17.9132,7.3256,0.7814,13.3812,38.5676,1.4208
11/03/2008 00:00:00,0.0221,0.7937,24.6511,1.0000,0.0000,4.0000,165.2664,68.5152,2.5802,0.5645,0.5715,337.3140,159.4628,17.8018,5.7881,0.7575,15.6078,37.5946,1.3861
12/03/2008 00:00:00,0.0213,0.8478,24.3708,1.0000,0.0000,4.0000,166.4796,68.5152,2.5417,0.5686,0.5470,341.8339,160.3668,17.6516,5.4591,0.7735,18.6342,37.2880,1.3751
13/03/2008 00:00:00,0.0229,0.9195,24.0776,1.0000,0.0000,4.0000,167.2394,68.5152,2.2518,0.5502,0.5019,353.7528,162.7506,16.7062,3.9472,0.7794,21.6606,35.5805,1.3314
14/03/2008 00:00:00,0.1176,0.9911,23.7844,1.0000,0.0000,4.0000,167.9992,68.5152,2.5032,0.6707,0.5782,365.6718,165.1344,19.9299,11.3532,0.9831,24.6870,42.7909,1.6190
15/03/2008 00:00:00,0.0208,1.0628,23.4912,1.0000,0.0000,4.0000,168.7590,68.5152,2.0135,0.5943,0.4670,377.5907,167.5181,17.2933,6.1864,0.8673,27.7135,37.4285,1.3810
16/03/2008 00:00:00,0.0213,1.1344,23.1980,1.0000,0.0000,4.0000,169.5188,68.5152,1.8654,0.6100,0.4482,389.5097,169.9019,17.3868,6.8839,0.9074,30.7399,37.9304,1.4005
17/03/2008 00:00:00,0.0216,1.2061,22.9048,1.0000,0.0000,4.0000,170.2786,68.5152,1.7086,0.6231,0.4281,401.4286,172.2857,17.4061,7.4207,0.9430,33.7663,38.2715,1.4139
18/03/2008 00:00:00,0.0204,1.2777,22.6117,1.0000,0.0000,4.4557,171.0384,68.5152,1.5199,0.6231,0.4003,413.3476,174.6695,17.0672,7.1638,0.9585,33.2272,37.8191,1.3989
19/03/2008 00:00:00,0.0183,1.3040,22.1839,1.0000,0.0000,5.2100,175.5027,68.5152,1.3540,0.5891,0.3825,401.6466,172.3293,16.3777,6.0439,0.9290,30.2345,36.5435,1.3498
20/03/2008 00:00:00,0.0172,1.3073,21.7043,1.0000,0.0000,5.9642,181.3968,68.5152,1.2328,0.5570,0.3774,380.8295,168.1659,15.9366,5.4346,0.9052,27.2418,35.7938,1.3203
21/03/2008 00:00:00,0.0158,1.3107,21.2246,1.0000,0.0000,6.7185,187.2909,68.5152,1.1036,0.5197,0.3672,360.0124,164.0025,15.3167,4.4074,0.8693,24.2490,34.6262,1.2732
22/03/2008 00:00:00,0.0154,1.3140,20.7450,1.0000,0.0000,7.4727,193.1850,68.5152,1.0091,0.4976,0.3679,339.1954,159.8391,15.1158,4.3150,0.8592,21.2563,34.3935,1.2639
23/03/2008 00:00:00,0.0151,1.3173,20.2653,1.0000,0.0000,8.2270,199.0791,68.5152,0.9181,0.4765,0.3692,318.3783,155.6757,14.9347,4.2615,0.8501,18.2636,34.1996,1.2562
24/03/2008 00:00:00,0.0147,1.3206,19.7857,1.0000,0.0000,8.9812,204.9732,68.5152,0.8284,0.4554,0.3701,297.5612,151.5122,14.7399,4.1708,0.8398,15.2709,33.9686,1.2468
25/03/2008 00:00:00,0.0142,1.3240,19.3060,1.0000,0.0000,9.7355,210.8673,68.5152,0.7389,0.4336,0.3701,276.7442,147.3488,14.5068,3.9850,0.8269,12.2781,33.6424,1.2340
26/03/2008 00:00:00,0.0128,1.3273,18.8264,1.0000,0.0000,9.7864,216.7614,68.5152,0.6309,0.3989,0.3566,255.9271,143.1854,13.8100,2.7100,0.7841,11.1012,32.2271,1.1764
27/03/2008 00:00:00,0.0119,1.2411,18.6060,1.0000,0.0000,9.4575,216.8470,68.5152,0.7880,0.4338,0.3595,269.7182,145.9436,13.4458,1.1302,0.7355,11.2778,31.1267,1.1309
28/03/2008 00:00:00,0.0118,1.1086,18.4885,1.0000,0.0000,9.1286,214.6245,68.5152,1.0747,0.5103,0.3820,297.2854,151.4571,13.6536,0.4513,0.7129,11.4544,31.1741,1.1330
29/03/2008 00:00:00,0.0118,0.9762,18.3711,1.0000,0.0000,8.7997,212.4019,68.5152,1.3729,0.5905,0.4056,324.8526,156.9705,13.8987,0.0000,0.6921,11.6310,31.2935,1.1383
30/03/2008 00:00:00,0.0117,0.8437,18.2537,1.0000,0.0000,8.4708,210.1794,68.5152,1.6849,0.6747,0.4306,352.4198,162.4840,14.1815,0.0000,0.6730,11.8076,31.4818,1.1467
31/03/2008 00:00:00,1.7536,0.7113,18.1362,1.0000,0.0000,8.1418,207.9569,68.5152,4.2872,1.6267,0.8790,379.9870,167.9974,30.8899,34.6969,1.2601,11.9843,67.5983,2.2270
01/04/2008 00:00:00,4.6551,0.5788,18.0188,1.0000,0.0000,7.5918,205.7344,68.5152,6.4951,2.3625,1.1468,407.5542,173.5108,40.9194,54.6303,1.5096,12.1609,88.2579,2.7711
02/04/2008 00:00:00,0.0209,0.4995,18.2964,1.0000,0.0000,6.8741,209.2118,68.5152,2.6871,0.9663,0.5737,424.6299,176.9260,17.0558,3.5389,0.7386,12.3375,37.1394,1.3696
03/04/2008 00:00:00,0.0211,0.4544,18.7689,1.0000,0.0000,6.1564,215.5020,68.5152,2.4930,0.8974,0.5835,436.5252,179.3050,17.0787,4.7785,0.7581,12.5141,37.9799,1.3999
04/04/2008 00:00:00,0.0216,0.4092,19.2414,1.0000,0.0000,5.4387,221.7922,68.5152,2.2698,0.8180,0.5849,448.4206,181.6841,16.8855,5.5280,0.7667,12.6907,38.3303,1.4101
05/04/2008 00:00:00,5.2910,0.3641,19.7140,1.0000,0.0000,4.7210,228.0824,68.5152,4.8692,1.7574,1.2396,460.3159,184.0632,39.6206,59.3623,1.6399,12.8673,91.7656,3.0034
06/04/2008 00:00:00,6.6809,0.3189,20.1865,1.0000,0.0000,4.0033,234.3726,68.5152,4.0451,1.4625,1.2333,472.2112,186.4422,36.3142,53.7740,1.6469,13.0439,85.7782,3.0036
07/04/2008 00:00:00,0.2660,0.2738,20.6590,1.0000,0.0000,3.2856,240.6628,68.5152,1.9789,0.7170,0.6524,484.1065,188.8213,19.8064,16.0891,0.8794,13.2206,47.6942,1.5971
08/04/2008 00:00:00,1.1512,0.2286,21.1315,1.0000,0.0000,3.0854,246.9530,68.5152,2.3274,0.8455,0.9236,496.0018,191.2004,26.3111,33.3570,1.2570,13.3972,64.5630,2.2729
09/04/2008 00:00:00,0.1809,0.2333,21.1902,1.0000,0.0000,3.2272,246.5376,68.5152,2.1039,0.8044,0.9113,507.9129,193.5826,26.1620,32.3181,1.2183,13.5738,63.2941,2.2208
10/04/2008 00:00:00,0.3623,0.2712,21.0400,1.0000,0.0000,3.3690,242.7388,68.5152,1.8099,0.7501,0.8572,519.8318,195.9664,24.4218,26.4205,1.1082,13.7504,57.2519,2.0511
11/04/2008 00:00:00,0.2160,0.3092,20.8899,1.0000,0.0000,3.5108,238.9399,68.5152,1.7511,0.7923,0.8829,531.7508,198.3502,25.8209,27.9121,1.1016,13.9270,58.5990,2.0728
12/04/2008 00:00:00,0.1524,0.3471,20.7397,1.0000,0.0000,3.6526,235.1410,68.5152,1.6560,0.8248,0.8784,543.6697,200.7339,26.9105,28.5192,1.0553,14.1036,59.0616,2.0215
13/04/2008 00:00:00,0.1432,0.3851,20.5895,1.0000,0.0000,3.7944,231.3421,68.5152,1.5320,0.8488,0.8917,555.5887,203.1177,27.7198,28.3733,1.0288,14.2803,58.7712,2.0096
14/04/2008 00:00:00,0.1312,0.4231,20.4394,1.0000,0.0000,3.9362,227.5432,68.5152,1.3712,0.8557,0.8807,567.5076,205.5015,27.9764,26.9808,0.9731,14.4569,57.2341,1.9418
15/04/2008 00:00:00,0.1231,0.4610,20.2892,1.0000,0.0000,4.1583,223.7443,68.5152,1.2177,0.8699,0.8804,579.4266,207.8853,28.4710,26.0235,0.9286,14.6335,56.1324,1.8970
16/04/2008 00:00:00,0.1190,0.4544,20.1767,1.0000,0.0000,4.4461,220.2836,68.5152,1.2104,0.8663,0.8067,559.3801,203.8760,28.3815,25.4515,0.9905,14.8101,55.5873,1.8779
17/04/2008 00:00:00,4.7983,0.4191,20.0827,1.0000,0.0000,4.7340,216.9875,68.5152,2.0749,1.3905,1.1076,523.7471,196.7494,45.6008,59.8326,1.6951,14.9867,90.0790,2.9134
18/04/2008 00:00:00,1.4921,0.3838,19.9886,1.0000,0.0000,5.0218,213.6914,68.5152,1.6212,1.0214,0.7965,488.1141,189.6228,33.5319,36.4435,1.4822,15.1633,66.8005,2.3584
19/04/2008 00:00:00,0.2671,0.3486,19.8945,1.0000,0.0000,5.3096,210.3954,68.5152,1.6796,0.9984,0.7137,452.4811,182.4962,32.8106,35.4450,1.5865,15.3399,65.9126,2.3715
20/04/2008 00:00:00,0.2142,0.3133,19.8005,1.0000,0.0000,5.5974,207.0993,68.5152,1.7779,1.0004,0.6391,416.8481,175.3696,32.9092,36.0821,1.6753,15.5166,66.6603,2.3783
21/04/2008 00:00:00,0.5684,0.2780,19.7064,1.0000,0.0000,5.8853,203.8033,68.5152,1.6456,0.8789,0.4767,381.2152,168.2430,28.9436,28.4212,1.4596,15.6932,59.1100,1.9840
22/04/2008 00:00:00,0.8093,0.2428,19.6123,1.0000,0.0000,5.7436,200.5072,68.5152,1.8845,0.9579,0.4940,345.5822,161.1164,31.5770,34.2137,1.7547,15.8698,65.0131,2.2981
23/04/2008 00:00:00,2.0663,0.2449,19.4983,1.0000,0.0000,5.3171,197.6147,68.5152,2.3620,1.0720,0.5798,341.1536,160.2307,35.3754,40.2955,1.8807,16.0464,71.3263,2.5185
24/04/2008 00:00:00,0.4722,0.2734,19.3739,1.0000,0.0000,4.8907,194.9333,68.5152,2.3265,0.9257,0.5674,353.0702,162.6140,30.5803,28.0846,1.4941,16.2230,59.4102,2.1183
25/04/2008 00:00:00,0.2359,0.3020,19.2495,1.0000,0.0000,4.4643,192.2520,68.5152,2.9955,1.0611,0.7309,364.9868,164.9974,35.0881,33.9738,1.5663,16.3996,65.5941,2.3703
26/04/2008 00:00:00,0.2264,0.3305,19.1251,1.0000,0.0000,4.0379,189.5706,68.5152,3.3874,1.0813,0.8259,376.9033,167.3807,35.7916,32.3742,1.4376,16.5762,64.2892,2.3461
27/04/2008 00:00:00,0.2499,0.3591,19.0007,1.0000,0.0000,3.6115,186.8893,68.5152,3.6764,1.0679,0.9009,388.8199,169.7640,35.3850,28.7641,1.2654,16.7529,60.9738,2.2564
28/04/2008 00:00:00,0.5932,0.3876,18.8762,1.0000,0.0000,3.1851,184.2079,68.5152,4.2217,1.1250,0.9968,400.7365,172.1473,37.3172,29.0784,1.1159,16.9295,61.5828,2.2124
29/04/2008 00:00:00,0.3533,0.4162,18.7518,1.0000,0.0000,3.2442,181.5265,68.5152,4.4792,1.1026,1.1188,412.6531,174.5306,36.6107,24.9542,0.9788,16.7429,57.7534,2.2095
30/04/2008 00:00:00,1.0496,0.4576,18.7489,1.0000,0.0000,3.6756,183.5313,68.5152,4.8273,1.1661,1.1065,416.6667,175.3333,38.9133,29.5688,1.0723,16.3148,62.4460,2.2894
01/05/2008 00:00:00,0.2473,0.5075,18.8075,1.0000,0.0000,4.1071,187.9097,68.5152,4.4677,1.0901,1.1774,416.6667,175.3333,36.6333,28.7940,1.5073,15.8867,61.6390,2.8024
02/05/2008 00:00:00,0.2352,0.5573,18.8661,1.0000,0.0000,4.5385,192.2881,68.5152,4.1888,1.0326,0.9852,416.6667,175.3333,34.9464,28.7028,1.6611,15.4587,61.5156,2.7447
03/05/2008 00:00:00,0.2351,0.6072,18.9248,1.0000,0.0000,4.9699,196.6666,68.5152,3.9421,0.9820,0.8119,416.6667,175.3333,33.4714,28.7335,1.8171,15.0306,61.5143,2.7102
04/05/2008 00:00:00,0.2401,0.6570,18.9834,1.0000,0.0000,5.4014,201.0450,68.5152,3.7230,0.9375,0.6640,416.6667,175.3333,32.1802,28.8823,2.0136,14.6026,61.6310,2.7440
05/05/2008 00:00:00,0.2415,0.7069,19.0420,1.0000,0.0000,5.8328,205.4234,68.5152,3.5187,0.8958,0.5095,416.6667,175.3333,30.9710,28.9901,2.1770,14.1745,61.7066,2.7374
06/05/2008 00:00:00,0.2414,0.7568,19.1006,1.0000,0.0000,5.7405,209.8018,68.5152,3.3245,0.8559,0.3602,416.6667,175.3333,29.8059,28.9977,2.3358,13.2363,61.6821,2.7321
07/05/2008 00:00:00,0.2366,0.7674,19.2129,1.0000,0.0000,5.3169,206.7330,68.5152,3.2531,0.8472,0.3628,424.6300,176.9260,29.7185,28.8729,2.2877,11.9470,61.5251,2.6868
08/05/2008 00:00:00,0.2298,0.7535,19.3516,1.0000,0.0000,4.8932,199.9836,68.5152,3.2332,0.8520,0.4402,436.5501,179.3100,30.1043,28.5910,2.1432,10.6577,61.2111,2.6275
09/05/2008 00:00:00,0.2471,0.7397,19.4903,1.0000,0.0000,4.4695,193.2342,68.5152,3.1893,0.8507,0.5288,448.4702,181.6941,30.2775,27.8584,2.0401,9.3684,60.4464,2.6218
10/05/2008 00:00:00,0.2751,0.7258,19.6291,1.0000,0.0000,4.0459,186.4848,68.5152,3.0999,0.8371,0.5987,460.3904,184.0781,30.0156,26.2627,1.8607,8.0791,58.8185,2.5192
11/05/2008 00:00:00,1.6703,0.7119,19.7678,1.0000,0.0000,3.6222,179.7354,68.5152,3.8354,1.0490,0.7403,472.3105,186.4621,37.8908,40.3350,1.8726,6.7898,72.8587,2.6869
12/05/2008 00:00:00,0.3656,0.6980,19.9066,1.0000,0.0000,3.1986,172.9861,68.5152,3.1746,0.8796,0.8815,484.2307,188.8461,32.0114,27.8882,1.8246,5.5005,60.3797,2.7943
13/05/2008 00:00:00,1.2713,0.6841,20.0453,1.0000,0.0000,3.0768,166.2367,68.5152,3.4092,0.9573,0.8822,496.1508,191.2302,35.1005,32.4625,1.4961,5.4354,64.9220,2.4666
14/05/2008 00:00:00,2.4739,0.6439,20.0319,1.0000,0.0000,3.2215,168.4484,68.5152,3.5067,1.2185,0.9579,483.8870,188.7774,38.9855,42.7579,1.7248,6.1472,75.1577,2.7785
15/05/2008 00:00:00,0.5341,0.5864,19.9463,1.0000,0.0000,3.3661,174.9186,68.5152,2.4174,1.1200,0.9296,460.0892,184.0178,30.0900,29.6758,1.9813,6.8589,62.0029,3.0039
16/05/2008 00:00:00,2.2823,0.5289,19.8606,1.0000,0.0000,3.5107,181.3887,68.5152,2.5399,1.5501,0.7887,436.2915,179.2583,35.9012,46.4790,1.9612,7.5707,78.7334,2.8288
17/05/2008 00:00:00,0.4937,0.4714,19.7749,1.0000,0.0000,3.6553,187.8589,68.5152,1.7364,1.3942,0.7669,412.4938,174.4988,28.3843,33.8195,2.2006,8.2824,66.0012,3.0442
18/05/2008 00:00:00,0.4537,0.4138,19.6892,1.0000,0.0000,3.7999,194.3290,68.5152,1.3918,1.4841,0.6538,388.6961,169.7392,26.9609,34.1397,2.1467,8.9942,66.2486,2.8659
19/05/2008 00:00:00,0.4348,0.3563,19.6036,1.0000,0.0000,3.9446,200.7992,68.5152,1.0651,1.5429,0.5654,364.8984,164.9797,25.3067,33.4800,2.1097,9.7059,65.5162,2.7316
20/05/2008 00:00:00,0.4253,0.2988,19.5179,1.0000,0.0000,3.8250,207.2694,68.5152,0.7784,1.5979,0.4997,341.1006,160.2201,23.8949,33.0379,2.1081,10.5049,65.0014,2.6578
21/05/2008 00:00:00,0.4173,0.2719,19.2991,1.0000,0.0000,3.5411,210.6407,68.5152,1.1961,1.7319,0.4693,317.2822,155.4564,23.8000,31.9790,2.1076,11.3653,64.6606,2.6239
22/05/2008 00:00:00,4.4267,0.2652,19.0160,1.0000,0.0000,3.2573,212.5170,68.5152,2.5920,2.5151,0.4951,293.4538,150.6908,31.9779,50.9014,2.3055,12.2257,84.6844,2.8501
23/05/2008 00:00:00,2.1225,0.2585,18.7330,1.0000,0.0000,2.9735,214.3933,68.5152,3.0920,2.3378,0.4490,269.6254,145.9251,27.6588,36.4679,2.1728,13.0860,71.3522,2.6667
24/05/2008 00:00:00,1.2847,0.2518,18.4499,1.0000,0.0000,2.6897,216.2696,68.5152,3.7817,2.3991,0.3934,245.7969,141.1594,26.5438,30.6759,1.9835,13.9464,66.6615,2.4162
25/05/2008 00:00:00,5.1097,0.2451,18.1669,1.0000,0.0000,2.4058,218.1459,68.5152,6.2415,3.4701,0.4607,221.9685,136.3937,36.0605,51.0145,2.4264,14.8068,88.1014,2.9332
26/05/2008 00:00:00,1.0144,0.2384,17.8838,1.0000,0.0000,2.1220,220.0222,68.5152,6.2433,3.1292,0.4723,198.1401,131.6280,30.6587,34.6285,2.6064,15.6672,72.8167,3.1260
27/05/2008 00:00:00,0.8579,0.2317,17.6007,1.0000,0.0000,2.0712,221.8985,68.5152,7.2697,3.3500,0.4113,174.3116,126.8623,31.0498,32.3465,2.3860,15.6291,71.6361,2.8384
28/05/2008 00:00:00,0.7917,0.2351,17.4616,1.0000,0.0000,2.1960,222.1019,68.5152,7.4396,3.5300,0.4865,166.6667,125.3333,30.6792,29.8520,2.1256,15.0243,69.6359,2.6608
29/05/2008 00:00:00,4.4810,0.2447,17.3904,1.0000,0.0000,2.3209,221.5160,68.5152,9.2720,4.7380,0.6820,166.6667,125.3333,38.5643,46.6602,1.9982,14.4194,86.6518,2.7484
30/05/2008 00:00:00,1.0702,0.2542,17.3191,1.0000,0.0000,2.4457,220.9301,68.5152,8.1563,4.4703,0.9887,166.6667,125.3333,34.2175,35.9047,1.9786,13.8146,76.1041,3.0662
31/05/2008 00:00:00,0.9625,0.2638,17.2479,1.0000,0.0000,2.5706,220.3443,68.5152,7.7851,4.5599,1.1285,166.6667,125.3333,32.9447,32.1157,1.5257,13.2097,72.5228,2.7670
01/06/2008 00:00:00,8.7764,0.2734,17.1766,1.0000,0.0000,2.6954,219.7584,68.5152,10.7957,6.7361,1.7447,166.6667,125.3333,46.0859,59.7892,1.5224,12.6049,100.4040,3.4416
02/06/2008 00:00:00,2.1295,0.2829,17.1054,1.0000,0.0000,2.8203,219.1725,68.5152,9.1777,6.0828,2.0752,166.6667,125.3333,39.5247,44.3905,1.0464,12.0000,85.2130,3.3291
03/06/2008 00:00:00,1.5881,0.2925,17.0341,1.0000,0.0000,2.9451,218.5866,68.5152,8.4353,5.9235,2.2340,166.6667,125.3333,36.6506,37.1565,0.4742,13.2163,78.1867,2.9316
04/06/2008 00:00:00,1.3395,0.3021,16.9629,1.0000,0.0000,3.1888,218.0007,68.5152,7.8348,5.8158,2.4747,166.6667,125.3333,34.3463,31.2571,0.0000,14.4327,72.4950,2.6607
05/06/2008 00:00:00,1.1820,0.3144,16.6233,1.0000,0.0000,3.5256,215.3386,68.5152,6.7915,5.5333,2.3011,157.2489,123.4498,32.7098,28.3721,0.0000,15.6490,69.0409,2.4991
06/06/2008 00:00:00,1.0752,0.3283,16.1569,1.0000,0.0000,3.8625,211.6944,68.5152,5.6186,5.2039,1.9781,143.3680,120.6736,31.4851,27.0609,0.2282,16.8653,66.7924,2.4042
07/06/2008 00:00:00,0.9939,0.3423,15.6904,1.0000,0.0000,4.1993,208.0502,68.5152,4.5712,4.9408,1.7124,129.4872,117.8974,30.6108,26.4698,0.4549,18.0817,65.2639,2.3385
08/06/2008 00:00:00,0.9342,0.3562,15.2240,1.0000,0.0000,4.5361,204.4059,68.5152,3.6073,4.7252,1.4925,115.6063,115.1213,29.9936,26.4102,0.6602,19.2980,64.2669,2.3020
09/06/2008 00:00:00,3.4616,0.3702,14.7575,1.0000,0.0000,4.8730,200.7617,68.5152,3.5683,6.0088,1.5179,101.7255,112.3451,39.0985,47.2717,0.9914,20.5143,84.1911,2.6611
10/06/2008 00:00:00,5.3296,0.3841,14.2910,1.0000,0.0000,4.8224,197.1174,68.5152,2.6013,6.2545,1.5037,87.8446,109.5689,41.7434,54.3467,1.3669,19.5412,90.3288,3.0209
11/06/2008 00:00:00,2.2897,0.3764,14.1931,1.0000,0.0000,4.5372,200.3434,68.5152,2.8747,6.8027,1.4261,99.4000,111.8800,46.5976,68.9506,1.8132,17.1126,104.8353,3.3819
12/06/2008 00:00:00,2.7396,0.3549,14.2717,1.0000,0.0000,4.2520,206.8590,68.5152,3.0159,5.7420,1.0659,123.2024,116.6405,40.3936,59.6119,1.8729,14.6840,95.8035,3.0454
13/06/2008 00:00:00,1.5274,0.3334,14.3502,1.0000,0.0000,3.9668,213.3745,68.5152,3.4749,5.4862,0.9066,147.0049,121.4010,39.6626,62.3986,2.1718,12.2555,98.8972,3.1691
14/06/2008 00:00:00,1.3569,0.3119,14.4287,1.0000,0.0000,3.6817,219.8901,68.5152,3.4741,4.6479,0.6675,170.8073,126.1615,34.5567,53.5580,2.1841,9.8269,90.3635,2.9184
15/06/2008 00:00:00,2.7505,0.2904,14.5073,1.0000,0.0000,3.3965,226.4056,68.5152,3.4998,4.0323,0.4881,194.6097,130.9219,30.8543,47.3102,2.2215,7.3983,84.4227,2.7584
16/06/2008 00:00:00,8.7935,0.2689,14.5858,1.0000,0.0000,3.1113,232.9212,68.5152,4.6170,4.6382,0.4339,218.4122,135.6824,36.5556,67.0262,2.8601,4.9697,104.4457,3.3373
17/06/2008 00:00:00,5.9078,0.2474,14.6644,1.0000,0.0000,2.9135,239.4367,68.5152,7.7005,6.8115,0.3938,242.2146,140.4429,55.3403,127.0738,4.0800,7.0927,164.8002,4.5131
18/06/2008 00:00:00,3.5752,0.3271,14.4837,1.0000,0.0000,2.7716,250.2972,68.5152,8.9668,8.6308,0.3912,274.0686,146.8137,68.0560,169.6277,4.7479,12.2411,207.2816,5.1782
19/06/2008 00:00:00,2.4511,0.4719,14.1776,1.0000,0.0000,2.6298,263.2616,68.5152,6.4587,7.5657,0.3533,309.8361,153.9672,56.3752,136.6801,4.1621,17.3896,174.0769,4.5508
20/06/2008 00:00:00,2.0606,0.6166,13.8715,1.0000,0.0000,2.4879,276.2261,68.5152,4.3521,6.3253,0.3056,345.6036,161.1207,44.6790,102.6977,3.5014,22.5381,139.8375,3.8375
21/06/2008 00:00:00,1.8187,0.7614,13.5653,1.0000,0.0000,2.3461,289.1905,68.5152,3.0356,5.6311,0.2786,381.3711,168.2742,37.8107,83.0428,3.1111,27.6866,119.9257,3.4176
22/06/2008 00:00:00,1.6301,0.9062,13.2592,1.0000,0.0000,2.2042,302.1550,68.5152,2.0773,5.1367,0.2590,417.1386,175.4277,32.8709,69.0073,2.8231,32.8350,105.6332,3.1080
23/06/2008 00:00:00,1.5056,1.0510,12.9530,1.0000,0.0000,2.0624,315.1194,68.5152,1.3738,4.8711,0.2488,452.9061,182.5812,29.7753,60.5594,2.6526,37.9835,96.9283,2.9263
24/06/2008 00:00:00,1.3857,1.1957,12.6469,1.0000,0.0000,2.0000,328.0839,68.5152,0.7851,4.6089,0.2385,488.6736,189.7347,26.9670,52.7981,2.4897,38.3048,88.9100,2.7520
25/06/2008 00:00:00,2.5633,1.1622,12.5373,1.0000,0.0000,2.0000,324.1366,68.5152,0.9008,5.2984,0.2213,508.1301,193.6260,25.8711,46.6974,2.2440,35.5181,84.0371,2.4875
26/06/2008 00:00:00,1.4308,1.0242,12.5188,1.0000,0.0000,2.0000,312.3572,68.5152,1.5672,7.7085,0.2679,520.0278,196.0056,30.7185,57.7504,2.6218,32.7314,97.0058,2.9165
27/06/2008 00:00:00,1.7273,0.8862,12.5002,1.0000,0.0000,2.0000,300.5778,68.5152,2.0070,8.8711,0.2700,531.9254,198.3851,29.8701,50.4601,2.5433,29.9447,91.6313,2.8403
28/06/2008 00:00:00,10.4019,0.7481,12.4816,1.0000,0.0000,2.0000,288.7984,68.5152,3.0412,12.5166,0.3315,543.8231,200.7646,36.4966,65.5856,2.9959,27.1580,108.6726,3.3605
29/06/2008 00:00:00,6.8846,0.6101,12.4631,1.0000,0.0000,2.0000,277.0190,68.5152,6.2113,24.2881,0.4733,555.7208,203.1442,62.4653,135.3801,4.0877,24.3714,180.3829,4.6083
30/06/2008 00:00:00,4.0772,0.4720,12.4445,1.0000,0.0000,2.0000,265.2396,68.5152,8.8668,33.3610,0.5534,567.6185,205.5237,76.7608,167.8595,4.5475,21.5847,214.7781,5.1562
01/07/2008 00:00:00,2.9405,0.3340,12.4259,1.0000,0.0000,2.0878,253.4602,68.5152,8.0508,29.3927,0.4771,579.5162,207.9032,61.1958,116.9136,3.7109,18.7980,165.7480,4.2357
02/07/2008 00:00:00,2.4622,0.2896,12.2463,1.0000,0.0000,2.2296,253.4480,68.5152,7.0613,25.6282,0.4585,583.3333,208.6667,50.6441,85.2869,3.1259,16.0113,135.1876,3.6302
03/07/2008 00:00:00,2.3208,0.3046,11.9907,1.0000,0.0000,2.3713,258.9803,68.5152,6.2193,22.6484,0.4674,583.3333,208.6667,43.3582,64.5087,2.7154,13.2246,115.0742,3.2295
04/07/2008 00:00:00,2.4174,0.3196,11.7352,1.0000,0.0000,2.5130,264.5127,68.5152,5.8021,21.1959,0.4979,583.3333,208.6667,39.3510,52.6065,2.4783,10.4380,103.8369,3.0260
05/07/2008 00:00:00,4.0121,0.3346,11.4796,1.0000,0.0000,2.6548,270.0450,68.5152,5.9160,21.6763,0.5774,583.3333,208.6667,39.0645,50.5889,2.4708,7.6513,102.4842,3.1059
06/07/2008 00:00:00,3.7781,0.3497,11.2241,1.0000,0.0000,2.7965,275.5774,68.5152,6.8401,25.1331,0.6623,583.3333,208.6667,44.0079,62.2222,2.4408,4.8646,114.7824,3.1694
07/07/2008 00:00:00,2.3004,0.3647,10.9685,1.0000,0.0000,2.9383,281.1097,68.5152,8.5387,31.4576,0.8740,583.3333,208.6667,53.5638,85.6665,2.7738,2.0779,138.8916,3.7352
08/07/2008 00:00:00,2.0296,0.3797,10.7129,1.0000,0.0000,2.8379,286.6420,68.5152,7.6216,28.1497,0.8746,583.3333,208.6667,46.6481,66.3606,2.3863,1.2191,120.2506,3.3484
09/07/2008 00:00:00,3.3327,0.7686,11.0047,1.0000,0.0000,2.5508,286.9586,68.5152,6.7773,23.7203,0.9092,583.3333,208.6667,40.4977,49.8032,2.0858,1.5764,103.3245,3.0858
10/07/2008 00:00:00,3.4641,1.3937,11.5595,1.0000,0.0000,2.2637,284.7691,68.5152,7.2877,23.4716,1.0419,583.3333,208.6667,42.5411,54.5283,1.9694,1.9337,107.1833,3.1154
11/07/2008 00:00:00,3.1969,2.0189,12.1143,1.0000,0.0000,1.9766,282.5796,68.5152,8.0978,23.9258,1.2356,583.3333,208.6667,46.2045,63.1560,1.8908,2.2909,114.9447,3.2500
12/07/2008 00:00:00,3.1862,2.6441,12.6691,1.0000,0.0000,1.6895,280.3901,68.5152,8.6058,23.2416,1.4571,583.3333,208.6667,48.0225,67.0216,1.7590,2.6482,117.9440,3.3618
13/07/2008 00:00:00,2.1884,3.2692,13.2239,1.0000,0.0000,1.4024,278.2006,68.5152,9.2341,22.6991,1.6930,583.3333,208.6667,50.4215,72.1834,1.5506,3.0055,122.2394,3.4129
14/07/2008 00:00:00,1.9240,3.8944,13.7787,1.0000,0.0000,1.1152,276.0111,68.5152,8.9751,19.9813,1.8620,583.3333,208.6667,47.9783,65.6102,1.2135,3.3628,114.7999,3.2616
15/07/2008 00:00:00,1.7566,4.5195,14.3335,1.0000,0.0000,2.4475,273.8216,68.5152,8.4060,16.8486,2.0013,583.3333,208.6667,44.0132,55.6007,0.8227,3.7201,103.9241,3.0241
16/07/2008 00:00:00,12.3703,4.3726,14.2033,1.0000,0.0000,4.8655,272.8816,150.6568,8.1470,18.0006,2.1921,583.3333,208.6667,51.8849,61.0557,1.0828,4.0774,118.4296,3.4940
17/07/2008 00:00:00,6.5942,3.7443,13.7536,1.0000,0.0000,7.2835,272.5247,162.8521,12.4285,32.2842,2.8300,583.3333,208.6667,99.7001,150.2188,1.9978,4.4346,221.2833,5.1108
18/07/2008 00:00:00,10.7383,3.1160,13.3038,1.0000,0.0000,9.7015,272.1677,175.0473,7.4773,22.2082,2.0150,583.3333,208.6667,71.8465,71.8260,1.8161,4.7919,156.5810,4.0326
19/07/2008 00:00:00,10.2862,2.4877,12.8540,1.0000,0.0000,12.1195,271.8107,187.2426,6.9773,23.2193,1.8753,583.3333,208.6667,77.6750,68.6818,2.0288,5.1492,167.1274,4.0917
20/07/2008 00:00:00,5.9395,1.8594,12.4043,1.0000,0.0000,14.5375,271.4538,199.4379,8.1455,29.9079,2.0766,583.3333,208.6667,102.6122,106.5581,2.5941,5.5065,218.6942,4.8783
21/07/2008 00:00:00,4.1934,1.2311,11.9545,1.0000,0.0000,16.9556,271.0968,211.6331,5.4392,21.7702,1.5356,583.3333,208.6667,76.1834,35.3553,2.1571,5.8638,161.1820,3.8463
22/07/2008 00:00:00,3.3719,0.6028,11.5047,1.0000,0.0000,17.0187,270.7399,223.8284,4.2338,18.2942,1.2861,583.3333,208.6667,65.0446,0.0000,1.9932,5.7350,136.8163,3.4079
23/07/2008 00:00:00,2.8382,0.3548,11.5760,1.0000,0.0000,15.2912,270.5947,228.4471,3.8864,16.9483,1.1834,607.5373,213.5075,56.2092,0.0000,1.7858,5.3068,119.6461,3.0875
24/07/2008 00:00:00,11.3966,0.3402,11.8945,1.0000,0.0000,13.5637,270.5501,229.4638,4.6723,19.9855,1.3739,643.2480,220.6496,58.9745,0.0000,1.9093,4.8786,128.4590,3.4206
25/07/2008 00:00:00,5.8538,0.3256,12.2131,1.0000,0.0000,11.8362,270.5055,230.4804,8.0215,33.6876,1.8695,678.9588,227.7918,87.4898,75.6402,2.3887,4.4503,195.9356,4.4451
26/07/2008 00:00:00,7.0346,0.3110,12.5316,1.0000,0.0000,10.1088,270.4608,231.4971,6.7101,27.6926,1.5886,714.6695,234.9339,62.4371,33.2097,1.8626,4.0221,144.6795,3.6100
27/07/2008 00:00:00,5.6787,0.2964,12.8501,1.0000,0.0000,8.3813,270.4162,232.5138,7.2123,29.2749,1.5400,750.3803,242.0761,56.2954,33.5234,1.6529,3.5939,136.1675,3.3468
28/07/2008 00:00:00,6.3825,0.2819,13.1686,1.0000,0.0000,6.6538,270.3715,233.5305,8.1456,32.5433,1.5928,786.0910,249.2182,52.1222,39.4786,1.5606,3.1656,133.2970,3.3127
29/07/2008 00:00:00,9.0428,0.2673,13.4871,1.0000,0.0000,9.8771,270.3269,234.5471,9.9061,38.9832,1.7607,821.8017,256.3603,50.2912,53.6937,1.5693,2.9125,138.6865,3.5061
30/07/2008 00:00:00,18.3150,0.2682,13.5765,1.0000,0.0000,16.1152,268.0473,240.3775,10.4439,44.2890,1.7872,841.3859,260.2772,51.7060,62.6618,1.7462,2.7698,146.9927,3.7121
31/07/2008 00:00:00,14.3879,0.2789,13.5565,1.0000,0.0000,22.3533,264.7018,248.5037,10.1551,48.3797,1.4994,853.2788,262.6558,54.9382,68.6191,1.7049,2.6272,156.1814,3.3542
01/08/2008 00:00:00,8.9124,0.2896,13.5365,1.0000,0.0000,28.5913,261.3563,256.6298,9.6982,51.8804,1.5443,865.1718,265.0344,57.4458,72.5163,1.9906,2.4845,163.3101,3.6894
02/08/2008 00:00:00,12.0094,0.3003,13.5165,1.0000,0.0000,34.8294,258.0108,264.7560,7.8480,47.1560,1.3977,877.0648,267.4130,51.0237,51.0278,2.0035,2.3418,145.0531,3.5410
03/08/2008 00:00:00,6.9746,0.3111,13.4965,1.0000,0.0000,41.0674,254.6654,272.8821,7.6575,51.7375,1.3290,888.9577,269.7915,54.8073,58.5526,2.0876,2.1991,155.8094,3.5494
04/08/2008 00:00:00,4.8348,0.3218,13.4766,1.0000,0.0000,47.3055,251.3199,281.0083,5.9875,45.5766,1.1545,900.8507,272.1701,47.3472,34.1131,1.9648,2.0565,134.6014,3.2348
05/08/2008 00:00:00,3.8242,0.3325,13.4566,1.0000,0.0000,46.3366,247.9744,289.1344,4.7907,41.2020,1.0123,912.7436,274.5487,42.0365,15.7841,1.8491,1.9136,119.5039,2.9626
06/08/2008 00:00:00,3.2580,0.3466,13.3607,1.0000,0.0000,39.8875,250.3241,291.1326,4.6076,37.9138,0.9746,932.6445,278.5289,38.7878,5.7129,1.7384,1.7705,110.3822,2.8105
07/08/2008 00:00:00,2.8534,0.3630,13.2278,1.0000,0.0000,33.4385,255.4615,290.1144,4.7200,34.5227,0.9621,956.4872,283.2974,35.7705,0.0000,1.5978,1.6274,101.9530,2.6562
08/08/2008 00:00:00,2.6081,0.3793,13.0948,1.0000,0.0000,26.9895,260.5989,289.0962,4.9718,32.6289,0.9871,980.3298,288.0660,34.2483,0.0000,1.5191,1.4844,97.7657,2.6049
09/08/2008 00:00:00,2.3596,0.3956,12.9619,1.0000,0.0000,20.5404,265.7363,288.0780,5.0578,30.0153,0.9886,1004.1725,292.8345,31.9222,0.0000,1.4021,1.3413,91.2673,2.4895
10/08/2008 00:00:00,2.1461,0.4119,12.8290,1.0000,0.0000,14.0914,270.8737,287.0599,5.1037,27.5666,0.9924,1028.0151,297.6030,29.7131,0.0000,1.2889,1.1982,85.0835,2.3805
11/08/2008 00:00:00,1.9958,0.4282,12.6960,1.0000,0.0000,7.6423,276.0111,286.0417,5.2381,25.8925,1.0186,1051.8577,302.3715,28.2914,0.0000,1.2024,1.0551,81.1393,2.3228
12/08/2008 00:00:00,1.8782,0.4445,12.5631,1.0000,0.0000,5.0000,281.1485,285.0235,5.4081,24.5804,1.0578,1075.7004,307.1401,27.2330,0.0000,1.1246,1.5267,78.2259,2.2882
13/08/2008 00:00:00,1.7958,0.4549,12.7207,1.0000,0.0000,5.0000,286.7327,268.4785,4.9724,23.4870,0.9872,1099.4948,311.8990,26.5836,0.0000,1.1938,2.3838,76.5136,2.2797
14/08/2008 00:00:00,1.7114,0.4614,13.0176,1.0000,0.0000,5.0000,292.5310,244.6221,4.2111,22.2093,0.8523,1123.2666,316.6533,25.7969,0.0000,1.3185,3.2408,74.4165,2.2560
15/08/2008 00:00:00,1.6294,0.4680,13.3145,1.0000,0.0000,5.0000,298.3293,220.7657,3.4697,20.9392,0.7174,1147.0384,321.4077,24.9942,0.0000,1.4373,4.0979,72.2671,2.2265
16/08/2008 00:00:00,1.5825,0.4746,13.6113,1.0000,0.0000,5.0000,304.1276,196.9093,2.8065,20.0803,0.5951,1170.8102,326.1620,24.6689,0.0000,1.5802,4.9550,71.4946,2.2348
17/08/2008 00:00:00,1.5127,0.4811,13.9082,1.0000,0.0000,5.0000,309.9258,173.0529,2.1119,18.9377,0.4639,1194.5820,330.9164,23.9839,0.0000,1.6984,5.8120,69.6772,2.2087
18/08/2008 00:00:00,1.4520,0.4877,14.2051,1.0000,0.0000,5.0000,315.7241,149.1965,1.4442,17.9091,0.3362,1218.3538,335.6708,23.4243,0.0000,1.8214,6.6691,68.2197,2.1913
19/08/2008 00:00:00,1.4025,0.4942,14.5019,1.0000,0.0000,4.9168,321.5224,125.3402,0.7953,17.0119,0.2107,1242.1256,340.4251,23.0254,0.0000,1.9524,6.7367,67.2280,2.1842
20/08/2008 00:00:00,1.9153,0.5071,14.5770,1.0000,0.0000,4.7731,323.5274,111.3058,0.7470,17.8114,0.1952,1194.1600,330.8320,25.7287,0.0000,2.1685,6.3079,73.8117,2.3832
21/08/2008 00:00:00,1.3995,0.5240,14.5426,1.0000,0.0000,4.6294,323.6615,102.1366,0.8729,15.8246,0.2062,1110.6610,314.1322,25.0496,0.0000,2.0781,5.8791,69.7263,2.3049
22/08/2008 00:00:00,1.3520,0.5410,14.5083,1.0000,0.0000,4.4857,323.7957,92.9675,1.0474,14.4020,0.2247,1027.1620,297.4324,25.4468,3.6082,2.0338,5.4503,68.4739,2.2810
23/08/2008 00:00:00,1.2876,0.5580,14.4739,1.0000,0.0000,4.3420,323.9299,83.7983,1.2362,12.7189,0.2452,943.6630,280.7326,25.7320,7.0728,1.9666,5.0214,66.6423,2.2364
24/08/2008 00:00:00,1.2467,0.5749,14.4396,1.0000,0.0000,4.1983,324.0641,74.6291,1.4736,11.0270,0.2752,860.1640,264.0328,26.5172,11.4716,1.9231,4.5926,65.7449,2.2258
25/08/2008 00:00:00,1.2443,0.5919,14.4052,1.0000,0.0000,4.0546,324.1983,65.4599,1.7901,9.2422,0.3200,776.6650,247.3330,28.0367,17.1302,1.9065,4.1638,66.1072,2.2586
26/08/2008 00:00:00,1.2138,0.6088,14.3709,1.0000,0.0000,4.1758,324.3324,56.2907,2.1570,6.9297,0.3745,693.1660,230.6332,29.5535,22.0397,1.8451,3.8238,65.7205,2.2571
27/08/2008 00:00:00,1.1563,0.6100,14.3590,1.0000,0.0000,4.4593,323.7664,50.9902,2.1607,5.4896,0.3609,666.6667,225.3333,28.8177,22.1181,1.8218,3.5386,64.4899,2.2188
28/08/2008 00:00:00,1.1392,0.6015,14.3576,1.0000,0.0000,4.7428,322.8750,47.4882,2.0367,4.8308,0.3284,666.6667,225.3333,27.7393,21.4734,1.8730,3.2535,64.3897,2.2342
29/08/2008 00:00:00,1.4008,0.5931,14.3562,1.0000,0.0000,5.0263,321.9836,43.9863,2.0300,4.4762,0.3110,666.6667,225.3333,28.2137,24.2607,1.9781,2.9683,67.7215,2.3203
30/08/2008 00:00:00,1.2465,0.5846,14.3547,1.0000,0.0000,5.3098,321.0922,40.4843,1.8840,3.8437,0.2849,666.6667,225.3333,26.7032,22.0948,1.9992,2.6832,66.1001,2.3126
31/08/2008 00:00:00,1.1278,0.5761,14.3533,1.0000,0.0000,5.5933,320.2009,36.9823,1.7707,3.3242,0.2624,666.6667,225.3333,25.5792,20.5930,2.0131,2.3980,65.1429,2.3017
01/09/2008 00:00:00,1.7904,0.5677,14.3519,1.0000,0.0000,5.8768,319.3095,33.4803,1.8658,3.2026,0.2592,666.6667,225.3333,27.4554,26.6913,2.1583,2.1129,71.7857,2.4434
02/09/2008 00:00:00,1.4484,0.5592,14.3505,1.0000,0.0000,5.8374,318.4181,29.9784,1.7604,2.7417,0.2448,666.6667,225.3333,26.3721,25.0214,2.1997,1.9137,70.6604,2.4690
03/09/2008 00:00:00,1.1887,0.5639,14.4469,1.0000,0.0000,5.5499,311.6763,29.4400,1.7906,2.5073,0.2583,618.7119,215.7424,25.8438,24.6859,2.1529,1.7710,68.7472,2.4370
04/09/2008 00:00:00,1.1328,0.5774,14.5914,1.0000,0.0000,5.2623,302.0677,30.3558,1.9206,2.3910,0.2880,547.2266,201.4453,25.9203,25.8040,2.0615,1.6282,67.2463,2.3782
05/09/2008 00:00:00,1.5053,0.5909,14.7358,1.0000,0.0000,4.9747,292.4590,31.2716,2.2187,2.4214,0.3363,475.7413,187.1483,27.8877,31.4459,2.0510,1.4854,70.2693,2.4209
06/09/2008 00:00:00,1.0847,0.6043,14.8803,1.0000,0.0000,4.6872,282.8503,32.1875,2.3530,2.2107,0.3788,404.2560,172.8512,27.4203,30.5445,1.9472,1.3427,66.7490,2.3639
07/09/2008 00:00:00,1.0427,0.6178,15.0247,1.0000,0.0000,4.3996,273.2417,33.1033,2.6167,2.0659,0.4338,332.7707,158.5541,28.1249,32.1011,1.8510,1.1999,65.6865,2.3282
08/09/2008 00:00:00,0.9960,0.6312,15.1692,1.0000,0.0000,4.1120,263.6330,34.0191,2.9531,1.8934,0.5012,261.2854,144.2571,29.0973,33.6308,1.7391,1.0571,64.5973,2.2904
09/09/2008 00:00:00,0.9836,0.6447,15.3136,1.0000,0.0000,3.9135,254.0244,34.9349,3.4520,1.7069,0.5998,189.8001,129.9600,30.9590,36.1463,1.6423,1.0000,64.4939,2.3021
10/09/2008 00:00:00,0.9648,0.6320,15.3833,1.0000,0.0000,3.7718,252.3014,35.2657,3.2253,1.8213,0.6040,190.8354,130.1671,31.6645,35.3091,1.6396,1.0000,64.2385,2.3040
11/09/2008 00:00:00,1.6325,0.6022,15.4176,1.0000,0.0000,3.6301,254.3108,35.3166,2.9570,2.2787,0.5932,226.5674,137.3135,34.9116,39.5754,1.7897,1.0000,70.6181,2.4422
12/09/2008 00:00:00,1.6845,0.5725,15.4519,1.0000,0.0000,3.4884,256.3202,35.3674,2.4598,2.5293,0.5450,262.2994,144.4599,35.1624,37.7894,1.8133,1.0000,70.9454,2.4128
13/09/2008 00:00:00,3.9350,0.5427,15.4862,1.0000,0.0000,3.3467,258.3297,35.4183,2.4458,3.3263,0.5831,298.0314,151.6063,42.8000,50.8958,2.1264,1.0000,86.1651,2.7679
14/09/2008 00:00:00,1.8973,0.5129,15.5205,1.0000,0.0000,3.2051,260.3391,35.4692,2.1053,3.7960,0.5702,333.7634,158.7527,45.8500,54.7443,2.2661,1.0000,92.1268,2.8933
15/09/2008 00:00:00,1.7369,0.4832,15.5547,1.0000,0.0000,3.0634,262.3485,35.5200,1.5817,3.8353,0.5127,369.4955,165.8991,43.9456,48.6531,2.2105,1.0000,88.1490,2.7745
16/09/2008 00:00:00,1.4320,0.4534,15.5890,1.0000,0.0000,3.0000,264.3580,35.5709,1.1508,3.8677,0.4729,405.2275,173.0455,42.3786,43.2667,2.2026,1.0812,84.8758,2.7227
17/09/2008 00:00:00,2.9124,0.4343,15.4065,1.0000,0.0000,3.0000,265.2127,35.9328,1.2002,4.0122,0.4918,457.1346,183.4269,45.4585,49.5985,2.3222,1.2144,90.5592,2.8632
18/09/2008 00:00:00,2.5581,0.4216,15.1223,1.0000,0.0000,3.0000,265.5252,36.4412,1.8417,5.1172,0.6004,516.6584,195.3317,62.7018,84.9278,2.7901,1.3476,123.9395,3.4506
19/09/2008 00:00:00,3.0233,0.4089,14.8380,1.0000,0.0000,3.0000,265.8377,36.9496,1.8447,4.2009,0.5589,576.1822,207.2364,56.5283,73.7138,2.5547,1.4807,110.7765,3.1696
20/09/2008 00:00:00,1.9992,0.3962,14.5537,1.0000,0.0000,3.0000,266.1502,37.4580,2.3763,4.3467,0.6251,635.7060,219.1412,65.5895,92.1913,2.8079,1.6139,127.3050,3.4955
21/09/2008 00:00:00,3.3041,0.3835,14.2694,1.0000,0.0000,3.0000,266.4627,37.9664,2.1302,3.0383,0.5336,695.2298,231.0460,52.9721,68.5513,2.3535,1.7471,101.7161,2.9405
22/09/2008 00:00:00,3.1987,0.3708,13.9851,1.0000,0.0000,3.0000,266.7752,38.4748,2.5665,2.7258,0.5714,754.7536,242.9507,57.4774,77.8223,2.4724,1.8803,109.0381,3.1009
23/09/2008 00:00:00,2.0232,0.3581,13.7008,1.0000,0.0000,3.0000,267.0877,38.9832,3.2975,2.4112,0.6345,814.2774,254.8555,66.4445,95.0601,2.6904,2.0135,124.3269,3.3883
24/09/2008 00:00:00,1.7210,0.3580,14.0069,1.0000,0.0000,3.0000,266.5236,41.2611,2.6095,2.2240,0.5107,826.2576,257.2515,53.2064,72.8558,2.3498,2.1466,102.3469,2.9115
25/09/2008 00:00:00,8.6915,0.3656,14.5901,1.0000,0.0000,3.0000,265.5479,44.3723,2.3789,2.8463,0.4928,815.8500,255.1700,51.9019,73.5361,2.5568,2.2798,104.2748,3.0989
26/09/2008 00:00:00,7.9081,0.3732,15.1733,1.0000,0.0000,3.0000,264.5722,47.4834,2.9896,4.6825,0.5295,805.4423,253.0885,69.8133,113.8729,3.0686,2.4130,145.8592,3.6510
27/09/2008 00:00:00,4.4509,0.3809,15.7565,1.0000,0.0000,3.0000,263.5966,50.5946,3.0722,6.0357,0.5124,795.0347,251.0069,76.8205,133.0564,3.2911,2.5462,166.2903,3.8548
28/09/2008 00:00:00,3.2740,0.3885,16.3397,1.0000,0.0000,3.0000,262.6209,53.7058,2.1919,5.2495,0.3979,784.6271,248.9254,58.7217,96.7997,2.8134,2.6794,131.2812,3.2510
29/09/2008 00:00:00,2.6126,0.3961,16.9229,1.0000,0.0000,3.0000,261.6453,56.8170,1.6717,4.7835,0.3262,774.2194,246.8439,48.0223,74.8480,2.5259,2.8125,110.5771,2.8848
30/09/2008 00:00:00,3.4127,0.4037,17.5061,1.0000,0.0000,3.0000,260.6696,59.9281,1.3116,4.4180,0.2824,763.8118,244.7624,40.4357,58.6901,2.3828,2.9457,95.6668,2.6934
01/10/2008 00:00:00,2.5338,0.4113,18.0893,1.0000,0.0000,3.4080,259.6939,63.0393,1.1745,4.6067,0.2544,753.4042,242.6808,38.9095,56.1616,2.3298,2.9704,94.3859,2.6096
02/10/2008 00:00:00,3.3469,0.4183,17.9590,1.0000,0.0000,4.0681,260.6377,63.2583,1.0967,4.2360,0.2757,740.6496,240.1299,37.8556,54.1023,2.3110,2.9203,91.8543,2.6142
03/10/2008 00:00:00,2.1070,0.4248,17.4821,1.0000,0.0000,4.7282,262.5137,62.0715,1.0677,3.6904,0.3142,726.7543,237.3509,37.8713,54.3841,2.2455,2.8703,90.8277,2.5911
04/10/2008 00:00:00,2.4387,0.4313,17.0052,1.0000,0.0000,5.3883,264.3897,60.8848,0.9886,2.9731,0.3463,712.8590,234.5718,36.1072,50.4008,2.1308,2.8203,85.5360,2.5117
05/10/2008 00:00:00,1.9246,0.4378,16.5282,1.0000,0.0000,6.0484,266.2656,59.6980,0.9466,2.3743,0.3813,698.9636,231.7927,35.6835,49.6088,2.0355,2.7703,83.4356,2.4549
06/10/2008 00:00:00,1.5807,0.4444,16.0513,1.0000,0.0000,6.7085,268.1416,58.5112,0.8686,1.6935,0.4099,685.0683,229.0137,33.8784,45.6059,1.9091,2.7202,78.1243,2.3600
07/10/2008 00:00:00,1.4414,0.4509,15.5744,1.0000,0.0000,6.9194,270.0176,57.3244,0.7847,1.0367,0.4315,671.1730,226.2346,31.7635,40.9654,1.7607,2.6702,72.1754,2.2354
08/10/2008 00:00:00,1.3244,0.4605,15.6964,1.0000,0.0000,6.7752,264.2826,56.2521,0.7513,1.1153,0.3996,674.7146,226.9429,29.7968,36.2496,1.6948,2.6202,67.3698,2.1344
09/10/2008 00:00:00,1.2308,0.4721,16.1052,1.0000,0.0000,6.6309,254.9034,55.2348,0.7490,1.5053,0.3517,686.6253,229.3251,28.3393,32.4591,1.6841,2.5702,64.0745,2.0711
10/10/2008 00:00:00,1.1213,0.4837,16.5139,1.0000,0.0000,6.4866,245.5241,54.2176,0.7389,1.8386,0.3028,698.5360,231.7072,26.7225,28.3085,1.6407,2.5201,60.4189,1.9738
11/10/2008 00:00:00,1.0626,0.4954,16.9227,1.0000,0.0000,6.3423,236.1449,53.2003,0.7556,2.2116,0.2704,710.4466,234.0893,26.1751,26.5759,1.6636,2.4701,59.1814,1.9610
12/10/2008 00:00:00,1.1264,0.5070,17.3314,1.0000,0.0000,6.1981,226.7656,52.1830,0.8025,2.6722,0.2477,722.3573,236.4715,26.6748,27.2106,1.7390,2.4201,60.3111,2.0115
13/10/2008 00:00:00,0.9781,0.5186,17.7402,1.0000,0.0000,6.0538,217.3864,51.1657,0.8095,2.9963,0.2155,734.2680,238.8536,25.8600,24.8732,1.7373,2.3701,58.4689,1.9743
14/10/2008 00:00:00,0.9095,0.5302,18.1489,1.0000,0.0000,6.2680,208.0071,50.1484,0.8294,3.3551,0.1865,746.1787,241.2357,25.5039,23.5730,1.7404,2.3200,57.6637,1.9455
15/10/2008 00:00:00,0.8307,0.6001,18.6304,1.0000,0.0000,6.6953,201.8243,50.1663,0.8360,3.1682,0.1746,766.1211,245.2242,25.3052,21.9870,1.7081,2.2700,56.6270,1.9002
16/10/2008 00:00:00,0.7721,0.7079,19.1461,1.0000,0.0000,7.1227,197.1499,50.6731,0.8442,2.7772,0.1735,789.8576,249.9715,25.4164,20.8358,1.6915,2.2200,56.0505,1.8823
17/10/2008 00:00:00,0.7551,0.8157,19.6617,1.0000,0.0000,7.5500,192.4755,51.1799,0.8657,2.4446,0.1769,813.5941,254.7188,25.9361,20.6132,1.7205,2.1700,56.4028,1.9152
18/10/2008 00:00:00,0.7674,0.9235,20.1774,1.0000,0.0000,7.9773,187.8012,51.6868,0.8902,2.1259,0.1805,837.3306,259.4661,26.5454,20.5966,1.7496,2.1199,56.9610,1.9481
19/10/2008 00:00:00,0.6762,1.0313,20.6931,1.0000,0.0000,8.4047,183.1268,52.1936,0.8903,1.7628,0.1771,861.0672,264.2134,26.4328,19.0583,1.7124,2.0699,55.9976,1.9072
20/10/2008 00:00:00,0.5974,1.1391,21.2088,1.0000,0.0000,8.8320,178.4524,52.7004,0.8859,1.4145,0.1721,884.8037,268.9607,26.1918,17.2955,1.6586,2.0199,54.8096,1.8479
21/10/2008 00:00:00,0.5546,1.2469,21.7245,1.0000,0.0000,8.5676,173.7780,53.2073,0.8942,1.1054,0.1719,908.5402,273.7080,26.3349,16.3744,1.6519,1.9133,54.4633,1.8410
22/10/2008 00:00:00,0.5467,1.2069,21.8268,1.0000,0.0000,7.8552,176.7896,55.7406,0.9221,0.9965,0.1795,900.8786,272.1757,26.4673,17.2621,1.6787,1.7695,55.0573,1.8761
23/10/2008 00:00:00,0.5684,1.0649,21.7159,1.0000,0.0000,7.1429,183.7654,59.3288,0.9416,0.9661,0.1850,876.8714,267.3743,26.0390,17.9443,1.6673,1.6257,54.9937,1.8708
24/10/2008 00:00:00,1.2826,0.9229,21.6051,1.0000,0.0000,6.4305,190.7411,62.9171,1.1093,1.0796,0.2216,852.8642,262.5728,29.5541,27.0930,1.9282,1.4819,63.3966,2.1719
25/10/2008 00:00:00,7.3702,0.7809,21.4942,1.0000,0.0000,5.7181,197.7169,66.5054,1.6642,1.5343,0.3153,828.8570,257.7714,42.7017,57.5182,2.6559,1.3381,93.0760,3.0027
26/10/2008 00:00:00,2.3436,0.6388,21.3833,1.0000,0.0000,5.0057,204.6926,70.0936,1.4019,1.2230,0.2647,804.8498,252.9700,34.6384,41.9394,2.1623,1.1943,76.7513,2.4535
27/10/2008 00:00:00,1.7439,0.4968,21.2724,1.0000,0.0000,4.2934,211.6684,73.6819,1.3322,1.0981,0.2503,780.8426,248.1685,31.6870,37.3420,1.9869,1.0505,71.4081,2.2622
28/10/2008 00:00:00,1.4439,0.3548,21.1615,1.0000,0.0000,4.0847,218.6441,77.2702,1.2236,0.9515,0.2322,756.8354,243.3671,28.0110,30.9107,1.7937,1.7403,64.2310,2.0491
29/10/2008 00:00:00,2.8659,0.3178,20.9369,1.0000,0.0000,4.2287,219.3478,76.8388,1.4598,1.0692,0.2602,681.9526,228.3905,32.2343,41.2972,1.9221,2.8817,73.9494,2.2083
30/10/2008 00:00:00,1.6477,0.3352,20.6672,1.0000,0.0000,4.3727,217.5642,74.8075,1.3160,0.9061,0.2448,586.8183,209.3637,28.0543,31.9174,1.7187,4.0231,63.9324,1.9880
31/10/2008 00:00:00,1.3256,0.3527,20.3975,1.0000,0.0000,4.5167,215.7805,72.7762,1.2714,0.8212,0.2403,491.6840,190.3368,26.1597,27.8216,1.6054,5.1645,59.1995,1.8698
01/11/2008 00:00:00,1.1640,0.3702,20.1278,1.0000,0.0000,4.6607,213.9969,70.7448,1.2742,0.7703,0.2455,396.5497,171.3099,25.2981,26.0899,1.5626,6.3059,56.8305,1.8327
02/11/2008 00:00:00,1.0397,0.3876,19.8581,1.0000,0.0000,4.8047,212.2132,68.7135,1.2812,0.7229,0.2484,301.4155,152.2831,24.5386,24.5966,1.5077,7.4472,54.7001,1.7810
03/11/2008 00:00:00,0.9152,0.4051,19.5885,1.0000,0.0000,4.9487,210.4296,66.6822,1.2881,0.6764,0.2477,206.2812,133.2562,23.7931,23.1421,1.4354,8.5886,52.6084,1.7078
04/11/2008 00:00:00,4.2243,0.4226,19.3188,1.0000,0.0000,4.8568,208.6459,64.6508,2.1152,1.0304,0.3778,111.1469,114.2294,37.6703,53.7509,2.0923,8.4536,82.5800,2.5079
05/11/2008 00:00:00,2.6254,0.4253,19.5469,1.0000,0.0000,4.6344,209.3240,64.0569,2.1143,1.1040,0.3770,100.1552,112.0310,39.5599,57.2923,2.1478,7.5994,86.1827,2.5624
06/11/2008 00:00:00,5.7844,0.4194,19.9805,1.0000,0.0000,4.4119,211.0175,64.0569,2.1965,1.3083,0.4092,123.9270,116.7854,44.9304,68.1504,2.4809,6.7451,97.3907,2.9310
07/11/2008 00:00:00,3.0170,0.4134,20.4140,1.0000,0.0000,4.1895,212.7111,64.0569,3.2576,2.2194,0.5309,147.6988,121.5398,73.2665,128.4435,3.4430,5.8908,158.0336,4.0270
08/11/2008 00:00:00,2.0719,0.4075,20.8476,1.0000,0.0000,3.9670,214.4046,64.0569,2.5724,2.0131,0.4474,171.4705,126.2941,64.0421,107.5366,3.1214,5.0366,137.4766,3.6135
09/11/2008 00:00:00,1.6611,0.4016,21.2811,1.0000,0.0000,3.7446,216.0982,64.0569,1.7862,1.6148,0.3381,195.2423,131.0485,49.6215,75.7336,2.5554,4.1823,106.0235,2.9274
10/11/2008 00:00:00,1.3985,0.3957,21.7147,1.0000,0.0000,3.5221,217.7918,64.0569,1.2999,1.3681,0.2675,219.0141,135.8028,40.6937,55.9122,2.2082,3.3281,86.5519,2.5025
11/11/2008 00:00:00,1.2275,0.3897,22.1482,1.0000,0.0000,3.2997,219.4853,64.0569,0.9949,1.2316,0.2212,242.7859,140.5572,35.5288,44.2409,2.0142,3.3533,75.2305,2.2576
12/11/2008 00:00:00,1.1318,0.3962,22.0130,1.0000,0.0000,3.0772,218.8169,62.6380,0.9273,1.2341,0.2487,283.2273,148.6455,33.0883,39.8164,1.8990,3.9269,69.9533,2.1726
13/11/2008 00:00:00,1.0344,0.4101,21.6294,1.0000,0.0000,3.1302,217.1172,60.6008,0.9143,1.2517,0.2958,330.9316,158.1863,30.5792,35.8651,1.7368,4.5005,64.6252,2.0621
14/11/2008 00:00:00,0.9060,0.4240,21.2458,1.0000,0.0000,3.3298,215.4175,58.5636,0.8739,1.2288,0.3253,378.6358,167.7272,27.3211,30.3328,1.5109,5.0741,57.7163,1.8687
15/11/2008 00:00:00,0.8006,0.4379,20.8622,1.0000,0.0000,3.5293,213.7179,56.5264,0.8710,1.2563,0.3598,426.3400,177.2680,25.3794,27.5833,1.3464,5.6477,53.5901,1.7421
16/11/2008 00:00:00,0.7093,0.4518,20.4786,1.0000,0.0000,3.7288,212.0182,54.4892,0.9059,1.3386,0.4033,474.0443,186.8089,24.5167,27.1120,1.2299,6.2213,51.7421,1.6735
17/11/2008 00:00:00,0.6391,0.4657,20.0951,1.0000,0.0000,3.9284,210.3186,52.4520,0.9660,1.4608,0.4581,521.7485,196.3497,24.1903,27.7701,1.1458,6.7949,51.0235,1.6498
18/11/2008 00:00:00,0.5875,0.4796,19.7115,1.0000,0.0000,4.0000,208.6189,50.4148,1.0436,1.6133,0.5225,569.4527,205.8905,24.0719,28.8633,1.0747,6.5403,50.7400,1.6494
19/11/2008 00:00:00,0.5497,0.4702,19.7115,1.0000,0.0000,4.0000,211.1022,49.4616,1.3856,1.6287,0.5471,625.5374,217.1075,24.4851,27.7881,1.0623,5.8246,50.8294,1.6641
20/11/2008 00:00:00,0.7665,0.4480,19.8686,1.0000,0.0000,4.0000,215.2989,48.9532,1.9355,1.7155,0.6124,685.0612,229.0122,27.0929,29.9517,1.1884,5.1088,55.2005,1.8621
21/11/2008 00:00:00,0.9984,0.4259,20.0258,1.0000,0.0000,4.0000,219.4956,48.4448,2.4446,1.7602,0.6343,744.5850,240.9170,29.0538,30.7830,1.2300,4.3931,58.2393,1.9278
22/11/2008 00:00:00,0.5347,0.4037,20.1829,1.0000,0.0000,4.0000,223.6923,47.9364,2.5651,1.5698,0.5930,804.1088,252.8218,26.9638,23.6183,1.1491,3.6774,53.2821,1.8015
23/11/2008 00:00:00,3.7092,0.3816,20.3401,1.0000,0.0000,4.0000,227.8890,47.4280,4.6303,2.4825,0.9479,863.6326,264.7265,44.2118,54.3941,1.8355,2.9617,86.2654,2.8782
24/11/2008 00:00:00,1.9117,0.3594,20.4973,1.0000,0.0000,4.0000,232.0857,46.9197,4.5787,2.1976,0.8923,923.1564,276.6313,40.4517,43.9634,1.7266,2.2460,78.0421,2.7081
25/11/2008 00:00:00,2.4160,0.3372,20.6544,1.0000,0.0000,4.1605,236.2824,46.4113,4.9867,2.1777,0.9069,982.6802,288.5360,41.3154,42.6182,1.7537,2.0938,78.9044,2.7513
26/11/2008 00:00:00,0.9946,0.3313,20.7841,1.0000,0.0000,4.4111,230.5337,46.2633,4.6398,2.0648,0.9360,924.0855,276.8171,39.8352,39.2961,1.7281,2.2368,75.5920,2.7576
27/11/2008 00:00:00,1.3826,0.3345,20.9026,1.0000,0.0000,4.6617,220.7203,46.2633,4.1888,1.9966,0.8974,817.0170,255.4034,38.9990,38.2095,1.5429,2.3798,73.6131,2.5301
28/11/2008 00:00:00,0.8099,0.3377,21.0211,1.0000,0.0000,4.9123,210.9069,46.2633,3.6021,1.8569,0.8942,709.9484,233.9897,36.7443,34.4641,1.4194,2.5228,68.9755,2.4031
29/11/2008 00:00:00,0.7238,0.3410,21.1395,1.0000,0.0000,5.1629,201.0934,46.2633,2.9968,1.6914,0.8762,602.8799,212.5760,33.9270,29.7029,1.2705,2.6658,63.3221,2.2344
30/11/2008 00:00:00,0.6502,0.3442,21.2580,1.0000,0.0000,5.4135,191.2800,46.2633,2.5239,1.5844,0.8785,495.8114,191.1623,32.2377,27.0836,1.1480,2.8088,59.8105,2.1144
01/12/2008 00:00:00,0.5746,0.3474,21.3765,1.0000,0.0000,5.6641,181.4666,46.2633,2.1250,1.5155,0.8945,388.7429,169.7486,31.3013,25.8778,1.0354,2.9518,57.7124,2.0194
02/12/2008 00:00:00,0.5181,0.3506,21.4950,1.0000,0.0000,5.9147,171.6531,46.2633,1.7626,1.4709,0.9345,281.6744,148.3349,30.8635,25.5942,0.9361,2.9052,56.5365,1.9640
03/12/2008 00:00:00,0.8243,0.3621,21.3931,1.0000,0.0000,5.6703,175.9225,45.9051,1.8006,1.5660,0.9266,250.0000,142.0000,33.0592,32.3932,1.1196,2.7622,62.3742,2.1389
04/12/2008 00:00:00,1.0605,0.3779,21.1987,1.0000,0.0000,5.1705,186.1083,45.3965,1.7668,1.5078,0.8162,250.0000,142.0000,31.8924,33.9911,1.2922,2.6192,62.9817,2.1900
05/12/2008 00:00:00,0.6000,0.3938,21.0042,1.0000,0.0000,4.6708,196.2941,44.8878,1.6344,1.3672,0.6991,250.0000,142.0000,28.9787,31.9648,1.3812,2.4763,59.9651,2.1502
06/12/2008 00:00:00,0.4846,0.4097,20.8098,1.0000,0.0000,4.1710,206.4799,44.3791,1.5347,1.2569,0.5927,250.0000,142.0000,26.7007,30.9530,1.4148,2.3333,57.9629,2.0668
07/12/2008 00:00:00,0.4438,0.4256,20.6154,1.0000,0.0000,3.6712,216.6657,43.8704,1.4724,1.1792,0.5173,250.0000,142.0000,25.1100,31.2396,1.4581,2.1903,57.2592,2.0271
08/12/2008 00:00:00,0.3874,0.4415,20.4210,1.0000,0.0000,3.1714,226.8515,43.3617,1.4014,1.0960,0.4503,250.0000,142.0000,23.3997,31.1000,1.4731,2.0474,56.1293,1.9684
09/12/2008 00:00:00,0.3689,0.4573,20.2266,1.0000,0.0000,3.1877,237.0373,42.8530,1.3629,1.0393,0.4079,250.0000,142.0000,22.2503,32.1907,1.5290,2.0952,56.2296,1.9777
10/12/2008 00:00:00,0.4263,0.4612,20.5801,1.0000,0.0000,3.4734,234.1138,43.0646,1.3843,1.0467,0.4182,266.8601,145.3720,23.5257,33.8192,1.6164,2.2376,58.2593,2.0764
11/12/2008 00:00:00,1.5945,0.4583,21.1585,1.0000,0.0000,3.7591,225.8133,43.5729,1.6495,1.2458,0.4960,290.6625,150.1325,29.9085,45.1276,1.8980,2.3800,70.5419,2.4436
12/12/2008 00:00:00,0.4458,0.4554,21.7369,1.0000,0.0000,4.0448,217.5127,44.0811,1.3839,1.0439,0.4607,314.4649,154.8930,26.7303,33.7734,1.7440,2.5223,60.1619,2.2507
13/12/2008 00:00:00,0.4095,0.4525,22.3152,1.0000,0.0000,4.3306,209.2122,44.5893,1.3428,1.0116,0.4527,338.2674,159.6535,27.5927,32.0040,1.6940,2.6647,59.3667,2.1920
14/12/2008 00:00:00,0.3551,0.4496,22.8936,1.0000,0.0000,4.6163,200.9117,45.0976,1.2952,0.9746,0.4395,362.0698,164.4140,28.2806,29.9238,1.6243,2.8071,58.2607,2.1077
15/12/2008 00:00:00,0.3023,0.4467,23.4719,1.0000,0.0000,4.9020,192.6111,45.6058,1.2516,0.9405,0.4324,385.8723,169.1745,29.0077,27.9933,1.5770,2.9495,57.3044,2.0526
16/12/2008 00:00:00,0.2776,0.4438,24.0503,1.0000,0.0000,4.9063,184.3106,46.1141,1.2104,0.9082,0.4296,409.6747,173.9349,29.7473,26.1452,1.5445,2.8160,56.4304,2.0170
17/12/2008 00:00:00,0.2592,0.4463,24.0687,1.0000,0.0000,4.7636,184.0184,46.6221,1.1803,0.8726,0.3972,441.8699,180.3740,29.5536,24.9223,1.5564,2.5309,55.8635,1.9933
18/12/2008 00:00:00,0.2380,0.4517,23.8546,1.0000,0.0000,4.6209,187.0519,47.1301,1.1480,0.8318,0.3546,477.5558,187.5112,28.8052,23.5874,1.5695,2.2457,55.0522,1.9595
19/12/2008 00:00:00,0.2234,0.4572,23.6404,1.0000,0.0000,4.4782,190.0853,47.6381,1.1242,0.7985,0.3200,513.2418,194.6484,28.2676,22.6085,1.5898,1.9606,54.5968,1.9417
20/12/2008 00:00:00,0.2649,0.4626,23.4263,1.0000,0.0000,4.3355,193.1188,48.1461,1.1138,0.7757,0.2883,548.9278,201.7856,28.0609,22.2345,1.6000,1.6754,54.7465,1.9170
21/12/2008 00:00:00,0.8859,0.4681,23.2122,1.0000,0.0000,4.1928,196.1523,48.6541,1.3353,0.9119,0.2835,584.6137,208.9227,33.7056,33.3611,1.7507,1.3903,66.3966,2.0625
22/12/2008 00:00:00,0.2308,0.4735,22.9981,1.0000,0.0000,4.0501,199.1858,49.1620,1.1115,0.7446,0.2536,620.2997,216.0599,28.1101,22.3293,1.7373,1.1051,55.8884,2.0163
23/12/2008 00:00:00,0.2179,0.4790,22.7839,1.0000,0.0000,4.2749,202.2192,49.6700,1.0880,0.7150,0.2296,655.9857,223.1971,27.5643,21.2090,1.7396,1.0000,55.2917,1.9922
24/12/2008 00:00:00,0.2041,0.4848,22.8678,1.0000,0.0000,4.6988,200.1405,49.4647,1.0983,0.7082,0.2134,649.9287,221.9857,27.0144,21.0824,1.7321,1.0000,54.6859,1.9668
25/12/2008 00:00:00,0.1890,0.4909,23.0785,1.0000,0.0000,5.1226,195.8855,48.9546,1.1208,0.7093,0.1999,626.0409,217.2082,26.3947,21.2585,1.7176,1.0000,53.9544,1.9375
26/12/2008 00:00:00,0.1790,0.4970,23.2892,1.0000,0.0000,5.5465,191.6305,48.4446,1.1510,0.7149,0.1883,602.1532,212.4306,25.9320,21.7661,1.7153,1.0000,53.5544,1.9224
27/12/2008 00:00:00,0.1672,0.5031,23.4998,1.0000,0.0000,5.9704,187.3755,47.9345,1.1764,0.7173,0.1761,578.2655,207.6531,25.3358,22.0101,1.7044,1.0000,52.8908,1.8981
28/12/2008 00:00:00,0.1625,0.5092,23.7105,1.0000,0.0000,6.3942,183.1205,47.4244,1.2169,0.7285,0.1665,554.3778,202.8756,25.0326,22.8825,1.7159,1.0000,52.8555,1.8990
29/12/2008 00:00:00,0.1521,0.5153,23.9212,1.0000,0.0000,6.8181,178.8655,46.9144,1.2415,0.7298,0.1548,530.4900,198.0980,24.3703,23.0136,1.7025,1.0000,52.0790,1.8727
30/12/2008 00:00:00,0.1305,0.5214,24.1319,1.0000,0.0000,6.9183,174.6105,46.4043,1.2257,0.7077,0.1389,506.6023,193.3205,22.9368,21.4847,1.6356,1.0000,49.6425,1.7884
31/12/2008 00:00:00,0.1159,0.5185,24.3697,1.0000,0.0000,6.7750,173.2439,46.6305,1.1945,0.6774,0.1420,508.5965,193.7193,22.0406,19.7757,1.5719,1.0000,47.9137,1.7281
01/01/2009 00:00:00,0.1057,0.5112,24.6177,1.0000,0.0000,6.6318,172.9766,47.1378,1.1668,0.6501,0.1524,520.4765,196.0953,21.5093,18.3496,1.5232,1.0000,46.8069,1.6908
02/01/2009 00:00:00,0.0969,0.5038,24.8658,1.0000,0.0000,6.4886,172.7093,47.6451,1.1430,0.6257,0.1625,532.3565,198.4713,21.0524,17.0821,1.4806,1.0000,45.8587,1.6594
03/01/2009 00:00:00,0.0899,0.4965,25.1138,1.0000,0.0000,6.3454,172.4420,48.1525,1.1249,0.6051,0.1728,544.2365,200.8473,20.7008,16.0413,1.4455,1.0000,45.1372,1.6357
04/01/2009 00:00:00,0.0837,0.4891,25.3619,1.0000,0.0000,6.2022,172.1747,48.6598,1.1075,0.5855,0.1825,556.1166,203.2233,20.3628,15.0278,1.4105,1.0000,44.4429,1.6113
05/01/2009 00:00:00,0.0796,0.4817,25.6100,1.0000,0.0000,6.0590,171.9074,49.1671,1.1008,0.5720,0.1936,567.9966,205.5993,20.2227,14.4442,1.3905,1.0000,44.1786,1.6035
06/01/2009 00:00:00,0.0740,0.4744,25.8580,1.0000,0.0000,5.8310,171.6401,49.6744,1.0838,0.5535,0.2024,579.8766,207.9753,19.8942,13.4470,1.3570,1.5485,43.5007,1.5796
07/01/2009 00:00:00,0.0695,0.4752,25.8122,1.0000,0.0000,5.5437,169.6271,50.9048,1.0660,0.5353,0.2355,595.9864,211.1973,19.6036,12.5339,1.3022,2.4062,42.9800,1.5613
08/01/2009 00:00:00,0.0665,0.4807,25.6463,1.0000,0.0000,5.2564,166.9002,52.4320,1.0531,0.5199,0.2781,613.8320,214.7664,19.4208,11.8517,1.2460,3.2638,42.7203,1.5520
09/01/2009 00:00:00,0.0619,0.4861,25.4804,1.0000,0.0000,4.9691,164.1734,53.9591,1.0277,0.4989,0.3147,631.6777,218.3355,19.0030,10.6444,1.1755,4.1215,41.9354,1.5217
10/01/2009 00:00:00,0.0598,0.4915,25.3144,1.0000,0.0000,4.6818,161.4465,55.4862,1.0200,0.4870,0.3553,649.5233,221.9047,18.9126,10.1523,1.1291,4.9792,41.8659,1.5199
11/01/2009 00:00:00,0.0571,0.4969,25.1485,1.0000,0.0000,4.3945,158.7197,57.0134,1.0068,0.4727,0.3920,667.3689,225.4738,18.7152,9.4178,1.0767,5.8368,41.5538,1.5079
12/01/2009 00:00:00,0.0548,0.5023,24.9825,1.0000,0.0000,4.1071,155.9928,58.5405,0.9958,0.4599,0.4282,685.2146,229.0429,18.5581,8.7670,1.0283,6.6945,41.3255,1.4993
13/01/2009 00:00:00,0.0559,0.5077,24.8166,1.0000,0.0000,4.4492,153.2659,60.0677,1.0144,0.4609,0.4785,703.0602,232.6120,18.9519,9.3412,1.0145,6.8162,42.3222,1.5408
14/01/2009 00:00:00,0.0557,0.5105,24.6184,1.0000,0.0000,5.1656,157.7830,61.2264,1.1181,0.4606,0.5008,720.9058,236.1812,19.2999,9.2199,1.0086,6.5307,42.7628,1.5594
15/01/2009 00:00:00,0.0541,0.5118,24.4075,1.0000,0.0000,5.8819,165.1296,62.2406,1.2484,0.4571,0.5086,738.7515,239.7503,19.5105,8.5599,0.9994,6.2452,42.7196,1.5588
16/01/2009 00:00:00,0.0485,0.5131,24.1966,1.0000,0.0000,6.5982,172.4763,63.2548,1.3260,0.4364,0.4946,756.5971,243.3194,18.9743,6.2861,0.9483,5.9597,41.0626,1.4924
17/01/2009 00:00:00,0.0445,0.5144,23.9857,1.0000,0.0000,7.3146,179.8229,64.2689,1.4073,0.4202,0.4855,774.4427,246.8885,18.6068,4.4125,0.9080,5.6741,39.8058,1.4420
18/01/2009 00:00:00,0.0469,0.5157,23.7749,1.0000,0.0000,8.0309,187.1695,65.2831,1.5909,0.4342,0.5160,792.2884,250.4577,19.5822,5.4086,0.9415,5.3886,41.4186,1.5091
19/01/2009 00:00:00,0.5147,0.5170,23.5640,1.0000,0.0000,8.7473,194.5161,66.2972,1.9822,0.4979,0.4890,810.1340,254.0268,22.8606,11.1867,0.8703,5.1031,47.8135,1.4083
20/01/2009 00:00:00,0.0499,0.5183,23.3531,1.0000,0.0000,8.7583,201.8628,67.3114,1.9335,0.4494,0.5618,827.9796,257.5959,21.0072,6.2098,0.9753,5.0799,43.4534,1.5933
21/01/2009 00:00:00,0.0490,0.5169,23.5609,1.0000,0.0000,8.3847,197.9257,67.6157,1.8639,0.4589,0.5502,824.9892,256.9978,21.1018,6.7732,0.9904,5.2049,43.4842,1.5956
22/01/2009 00:00:00,0.0492,0.5137,23.9476,1.0000,0.0000,8.0112,189.1662,67.6157,1.7096,0.4766,0.5310,813.0691,254.6138,21.2392,8.0496,1.0203,5.3299,43.7356,1.6044
23/01/2009 00:00:00,0.0493,0.5106,24.3342,1.0000,0.0000,7.6377,180.4066,67.6157,1.5583,0.4992,0.5167,801.1490,252.2298,21.5526,9.6861,1.0636,5.4549,44.3471,1.6320
24/01/2009 00:00:00,0.0498,0.5074,24.7209,1.0000,0.0000,7.2642,171.6470,67.6157,1.3908,0.5221,0.4989,789.2288,249.8458,21.8230,11.2317,1.1048,5.5799,44.8676,1.6535
25/01/2009 00:00:00,0.0481,0.5043,25.1076,1.0000,0.0000,6.8907,162.8875,67.6157,1.1887,0.5366,0.4706,777.3087,247.4617,21.7084,11.9838,1.1264,5.7049,44.5947,1.6440
26/01/2009 00:00:00,0.0457,0.5012,25.4943,1.0000,0.0000,6.5172,154.1279,67.6157,0.9730,0.5483,0.4386,765.3886,245.0777,21.4581,12.4562,1.1410,5.8299,44.0420,1.6234
27/01/2009 00:00:00,0.0449,0.4980,25.8809,1.0000,0.0000,6.1437,145.3683,67.6157,0.7626,0.5682,0.4122,753.4684,242.6937,21.5003,13.5270,1.1729,5.9549,44.0878,1.6263
28/01/2009 00:00:00,0.0472,0.4949,26.2676,1.0000,0.0000,5.6922,136.6088,67.9764,0.7120,0.5956,0.4169,716.2133,235.2427,21.8367,15.0050,1.1954,5.6799,44.8270,1.6540
29/01/2009 00:00:00,0.0993,0.4898,26.6793,1.0000,0.0000,5.1919,138.3145,68.4851,0.6223,0.5343,0.3304,668.5612,225.7122,18.9925,9.8665,0.9212,5.1794,39.0670,1.2846
30/01/2009 00:00:00,0.0532,0.4837,27.1013,1.0000,0.0000,4.6916,144.3089,68.9939,0.7546,0.6652,0.4587,620.9090,216.1818,22.9140,18.6537,1.2428,4.6788,47.2329,1.7474
31/01/2009 00:00:00,0.0544,0.4775,27.5234,1.0000,0.0000,4.1913,150.3033,69.5026,0.7656,0.6930,0.4743,573.2569,206.6514,23.1261,19.8171,1.2485,4.1783,47.7748,1.7703
01/02/2009 00:00:00,0.3738,0.4714,27.9454,1.0000,0.0000,3.6910,156.2978,70.0113,0.8047,0.7483,0.3299,525.6048,197.1209,24.1754,22.7211,0.8434,3.6778,50.0575,1.2063
02/02/2009 00:00:00,0.0493,0.4652,28.3674,1.0000,0.0000,3.1907,162.2922,70.5201,0.7556,0.7219,0.4870,477.9526,187.5905,22.5723,20.1356,1.2088,3.1773,46.8505,1.7445
03/02/2009 00:00:00,0.0452,0.4591,28.7894,1.0000,0.0000,4.0634,168.2867,71.0288,0.7418,0.7284,0.4861,430.3005,178.0601,22.0293,19.7451,1.1709,3.0000,45.8386,1.7055
04/02/2009 00:00:00,0.0436,0.4596,28.2530,1.0000,0.0000,5.7819,172.8375,70.7960,0.7161,0.7229,0.5079,443.2492,180.6498,21.7239,19.3587,1.1340,3.0000,45.4961,1.6927
05/02/2009 00:00:00,0.0396,0.4636,27.3330,1.0000,0.0000,7.5004,176.8106,70.2659,0.6687,0.6941,0.5228,480.4855,188.0971,20.9537,17.7781,1.0666,3.0000,44.2259,1.6417
06/02/2009 00:00:00,0.0372,0.4676,26.4130,1.0000,0.0000,9.2190,180.7837,69.7359,0.6311,0.6739,0.5418,517.7217,195.5443,20.4326,16.6933,1.0150,3.0000,43.4516,1.6110
07/02/2009 00:00:00,0.0363,0.4716,25.4930,1.0000,0.0000,10.9375,184.7569,69.2058,0.6036,0.6633,0.5676,554.9579,202.9916,20.1987,16.1993,0.9799,3.0000,43.2680,1.6043
08/02/2009 00:00:00,0.0350,0.4756,24.5731,1.0000,0.0000,12.6561,188.7300,68.6758,0.5748,0.6502,0.5896,592.1942,210.4388,19.8826,15.5132,0.9412,3.0000,42.8923,1.5898
09/02/2009 00:00:00,0.0314,0.4796,23.6531,1.0000,0.0000,14.3746,192.7031,68.1457,0.5320,0.6197,0.5918,629.4304,217.8861,19.0311,13.6470,0.8764,3.0000,41.3366,1.5274
10/02/2009 00:00:00,0.0281,0.4836,22.7331,1.0000,0.0000,14.0946,196.6762,67.6157,0.4893,0.5872,0.5885,666.6667,225.3333,18.1053,11.5870,0.8103,3.0000,39.5870,1.4576
11/02/2009 00:00:00,0.0263,0.4820,22.5953,1.0000,0.0000,12.6712,195.5835,68.1036,0.4851,0.5645,0.5821,689.5173,229.9035,17.5353,10.5185,0.7793,3.0000,38.6328,1.4196
12/02/2009 00:00:00,0.0244,0.4774,22.7709,1.0000,0.0000,11.2479,192.4617,68.5915,0.4792,0.5411,0.5734,712.3679,234.4736,16.9345,9.3608,0.7471,3.0000,37.5894,1.3779
13/02/2009 00:00:00,0.0230,0.4727,22.9464,1.0000,0.0000,9.8246,189.3399,69.0794,0.4763,0.5222,0.5686,735.2185,239.0437,16.4655,8.4757,0.7217,3.0000,36.8186,1.3472
14/02/2009 00:00:00,0.0584,0.4680,23.1219,1.0000,0.0000,8.4012,186.2181,69.5673,0.4926,0.5247,0.6256,758.0691,243.6138,16.6666,9.0828,0.7740,3.0000,37.5401,1.4621
15/02/2009 00:00:00,0.0314,0.4634,23.2975,1.0000,0.0000,6.9779,183.0963,70.0552,0.5189,0.5373,0.5977,780.9197,248.1839,17.1956,10.4382,0.7214,3.0000,39.0098,1.3789
16/02/2009 00:00:00,0.0292,0.4587,23.4730,1.0000,0.0000,5.5545,179.9745,70.5431,0.5613,0.5654,0.6781,803.7704,252.7541,18.2306,12.9647,0.7991,3.0000,41.6505,1.5450
17/02/2009 00:00:00,0.0281,0.4541,23.6485,1.0000,0.0000,5.5248,176.8527,71.0311,0.5636,0.5526,0.6803,826.6210,257.3242,17.9495,12.4944,0.7833,2.9076,41.2945,1.5316
18/02/2009 00:00:00,0.0276,0.4603,23.7314,1.0000,0.0000,6.3846,176.8858,70.4550,0.6463,0.5494,0.6549,791.2194,250.2439,17.8868,12.3345,0.8086,2.7650,41.2148,1.5290
19/02/2009 00:00:00,0.0252,0.4727,23.7757,1.0000,0.0000,7.2444,178.2274,69.4364,0.7399,0.5331,0.5978,731.5891,238.3178,17.3578,11.0237,0.8221,2.6225,39.9700,1.4797
20/02/2009 00:00:00,0.0237,0.4851,23.8201,1.0000,0.0000,8.1042,179.5691,68.4178,0.8365,0.5225,0.5499,671.9589,226.3918,17.0124,10.1366,0.8423,2.4800,39.1489,1.4472
21/02/2009 00:00:00,0.0223,0.4975,23.8644,1.0000,0.0000,8.9640,180.9107,67.3992,0.9304,0.5124,0.5046,612.3286,214.4657,16.6860,9.2941,0.8612,2.3375,38.3724,1.4163
22/02/2009 00:00:00,0.0212,0.5099,23.9088,1.0000,0.0000,9.8238,182.2523,66.3806,1.0239,0.5039,0.4626,552.6983,202.5397,16.4091,8.5663,0.8811,2.1950,37.7105,1.3899
23/02/2009 00:00:00,0.0211,0.5223,23.9532,1.0000,0.0000,10.6836,183.5940,65.3620,1.1384,0.5059,0.4322,493.0680,190.6136,16.4763,8.6293,0.9204,2.0525,37.8395,1.3959
24/02/2009 00:00:00,0.0222,0.5347,23.9975,1.0000,0.0000,10.5503,184.9356,64.3434,1.2824,0.5192,0.4117,433.4377,178.6875,16.9101,9.5332,0.9828,2.0000,38.8092,1.4357
25/02/2009 00:00:00,0.0237,0.5362,23.6620,1.0000,0.0000,9.8387,186.8822,64.0569,1.4074,0.5229,0.4297,446.5523,181.3105,17.4101,10.0726,1.0115,2.0000,40.0005,1.4843
26/02/2009 00:00:00,2.3132,0.5322,23.1780,1.0000,0.0000,9.1271,189.0653,64.0569,2.7727,0.9512,0.7089,488.1324,189.6265,32.6384,44.3078,1.5657,2.0000,75.1166,2.3455
27/02/2009 00:00:00,0.0377,0.5282,22.6940,1.0000,0.0000,8.4155,191.2483,64.0569,1.9263,0.6134,0.6005,529.7124,197.9425,21.6782,18.2830,1.2466,2.0000,49.9728,1.9072
28/02/2009 00:00:00,0.0358,0.5241,22.2099,1.0000,0.0000,7.7039,193.4313,64.0569,1.9852,0.5896,0.6198,571.2924,206.2585,21.4443,16.9390,1.2109,2.0000,49.5098,1.8927
01/03/2009 00:00:00,0.0528,0.5201,21.7259,1.0000,0.0000,6.9923,195.6143,64.0569,1.6993,0.4726,0.4907,612.8725,214.5745,17.6802,7.4273,0.9032,2.0000,40.8791,1.4430
02/03/2009 00:00:00,0.0635,0.5161,21.2419,1.0000,0.0000,6.2807,197.7974,64.0569,1.5747,0.4115,0.4334,654.4525,222.8905,15.8284,2.3156,0.7526,2.0000,36.6484,1.2294
03/03/2009 00:00:00,0.0294,0.5120,20.7579,1.0000,0.0000,6.0000,199.9804,64.0569,2.0044,0.4938,0.6293,696.0326,231.2065,19.5168,10.0348,1.0319,2.0000,45.2485,1.7241
04/03/2009 00:00:00,0.0297,0.5080,20.2739,1.0000,0.0000,6.0000,202.1634,64.0569,2.0192,0.4703,0.6361,737.6126,239.5225,19.0888,8.2175,0.9858,2.2476,44.3121,1.6855
05/03/2009 00:00:00,0.0266,0.5081,20.5847,1.0000,0.0000,6.0000,198.8938,62.8070,2.0075,0.4640,0.5984,750.0000,242.0000,18.6861,7.9571,0.9907,2.6321,43.4044,1.6489
06/03/2009 00:00:00,0.0256,0.5106,21.2318,1.0000,0.0000,6.0000,193.3169,61.0266,1.9961,0.4672,0.5437,750.0000,242.0000,18.3809,8.5607,1.0221,3.0167,42.7121,1.6202
07/03/2009 00:00:00,0.0228,0.5131,21.8790,1.0000,0.0000,6.0000,187.7400,59.2462,1.9238,0.4562,0.4708,750.0000,242.0000,17.5111,7.8525,1.0189,3.4013,40.7079,1.5368
08/03/2009 00:00:00,0.0222,0.5155,22.5261,1.0000,0.0000,6.0000,182.1631,57.4658,1.9295,0.4639,0.4185,750.0000,242.0000,17.3465,8.7843,1.0610,3.7859,40.3438,1.5213
09/03/2009 00:00:00,0.0216,0.5180,23.1732,1.0000,0.0000,6.0000,176.5862,55.6854,1.9373,0.4725,0.3638,750.0000,242.0000,17.1865,9.7279,1.1062,4.1704,39.9914,1.5063
10/03/2009 00:00:00,0.0207,0.5205,23.8204,1.0000,0.0000,5.9085,171.0093,53.9050,1.9353,0.4792,0.3042,750.0000,242.0000,16.9235,10.4334,1.1466,4.5550,39.4009,1.4812
11/03/2009 00:00:00,0.0199,0.5232,23.9494,1.0000,0.0000,5.7664,172.1230,53.0217,1.8842,0.4820,0.3038,741.5922,240.3184,16.8351,10.1880,1.1203,4.9396,38.7841,1.4544
12/03/2009 00:00:00,0.0218,0.5260,23.8636,1.0000,0.0000,5.6244,176.0102,52.5128,1.9197,0.5115,0.3506,729.6756,237.9351,17.8117,11.8019,1.1379,5.3242,40.4123,1.5235
13/03/2009 00:00:00,0.0233,0.5288,23.7778,1.0000,0.0000,5.4823,179.8973,52.0039,1.9306,0.5364,0.3962,717.7590,235.5518,18.6226,12.9825,1.1376,5.7087,41.6073,1.5734
14/03/2009 00:00:00,0.0224,0.5315,23.6920,1.0000,0.0000,5.3403,183.7845,51.4951,1.8722,0.5431,0.4288,705.8424,233.1685,18.7983,12.7149,1.0929,6.0933,41.3541,1.5646
15/03/2009 00:00:00,0.0198,0.5343,23.6062,1.0000,0.0000,5.1983,187.6716,50.9862,1.7443,0.5290,0.4417,693.9259,230.7852,18.2560,10.8856,1.0023,6.4779,39.5392,1.4881
16/03/2009 00:00:00,0.0206,0.5371,23.5204,1.0000,0.0000,5.0562,191.5588,50.4773,1.7264,0.5480,0.4855,682.0093,228.4019,18.8598,11.5413,0.9827,6.8625,40.2092,1.5167
17/03/2009 00:00:00,0.0203,0.5399,23.4346,1.0000,0.0000,5.0000,195.4459,49.9684,1.6751,0.5575,0.5208,670.0927,226.0185,19.1313,11.4644,0.9415,7.1834,40.1467,1.5144
18/03/2009 00:00:00,0.2396,0.5402,23.2544,1.0000,0.0000,5.0000,193.7649,49.0983,1.8380,0.6424,0.5495,641.2455,220.2491,22.5407,17.6797,1.0065,7.4690,47.0300,1.6109
19/03/2009 00:00:00,0.0231,0.5391,23.0360,1.0000,0.0000,5.0000,189.8398,48.0826,1.5374,0.5654,0.5309,605.5666,213.1133,20.4620,12.3454,1.0358,7.7546,42.6272,1.6198
20/03/2009 00:00:00,0.0219,0.5380,22.8176,1.0000,0.0000,5.0000,185.9148,47.0668,1.3998,0.5426,0.5036,569.8877,205.9775,20.2331,10.8767,1.0453,8.0402,42.0902,1.5992
21/03/2009 00:00:00,0.3800,0.5369,22.5992,1.0000,0.0000,5.0000,181.9897,46.0510,1.4700,0.6021,0.4761,534.2088,198.8418,23.0982,15.8410,1.0504,8.3257,47.9861,1.5741
22/03/2009 00:00:00,0.0251,0.5358,22.3808,1.0000,0.0000,5.0000,178.0647,45.0353,1.2264,0.5319,0.4813,498.5299,191.7060,20.9738,10.4417,1.1276,8.6113,43.5184,1.6570
23/03/2009 00:00:00,0.0254,0.5347,22.1625,1.0000,0.0000,5.0000,174.1396,44.0195,1.1635,0.5359,0.4795,462.8510,184.5702,21.6907,10.9451,1.1922,8.8969,44.9535,1.7197
24/03/2009 00:00:00,0.2556,0.5336,21.9441,1.0000,0.0000,5.0928,170.2146,43.0037,1.1051,0.5421,0.4475,427.1721,177.4344,22.5035,11.6470,1.1800,9.2725,46.5870,1.6723
25/03/2009 00:00:00,0.0722,0.5306,21.8349,1.0000,0.0000,5.2340,170.5025,42.3485,1.1351,0.5897,0.4823,416.6667,175.3333,22.5051,12.1282,1.2257,9.6990,47.3497,1.7562
26/03/2009 00:00:00,0.0265,0.5265,21.7711,1.0000,0.0000,5.3752,172.5409,41.8439,1.1622,0.6324,0.5129,416.6667,175.3333,21.4504,10.9555,1.2115,10.1255,46.1870,1.7757
27/03/2009 00:00:00,0.0257,0.5225,21.7073,1.0000,0.0000,5.5164,174.5792,41.3392,1.2054,0.6821,0.5336,416.6667,175.3333,20.7943,10.5698,1.1756,10.5520,45.8114,1.7625
28/03/2009 00:00:00,0.0243,0.5184,21.6435,1.0000,0.0000,5.6576,176.6175,40.8345,1.2304,0.7199,0.5458,416.6667,175.3333,19.9072,9.6106,1.1251,10.9785,44.8624,1.7256
29/03/2009 00:00:00,0.0226,0.5144,21.5797,1.0000,0.0000,5.7989,178.6559,40.3298,1.2455,0.7502,0.5535,416.6667,175.3333,18.9599,8.4352,1.0703,11.4050,43.6972,1.6791
30/03/2009 00:00:00,0.0228,0.5103,21.5159,1.0000,0.0000,5.9401,180.6942,39.8251,1.2925,0.7985,0.5764,416.6667,175.3333,18.5632,8.4723,1.0481,11.8315,43.7444,1.6822
31/03/2009 00:00:00,0.0239,0.5062,21.4521,1.0000,0.0000,6.2465,182.7325,39.3204,1.3593,0.8589,0.6091,416.6667,175.3333,18.4668,9.2039,1.0440,11.5731,44.4861,1.7141
01/04/2009 00:00:00,0.0246,0.5038,21.2443,1.0000,0.0000,6.6746,184.4582,39.4780,1.3965,0.8818,0.6115,432.2205,178.4441,18.7259,9.6443,1.0601,10.8673,44.8967,1.7327
02/04/2009 00:00:00,0.0240,0.5026,20.9604,1.0000,0.0000,7.1028,186.0185,39.9857,1.4025,0.8749,0.5898,455.9970,183.1994,18.9718,9.4238,1.0755,10.1615,44.6252,1.7242
03/04/2009 00:00:00,0.0236,0.5015,20.6765,1.0000,0.0000,7.5309,187.5788,40.4934,1.4085,0.8678,0.5670,479.7735,187.9547,19.2212,9.1889,1.0910,9.4556,44.3394,1.7147
04/04/2009 00:00:00,0.0225,0.5003,20.3926,1.0000,0.0000,7.9591,189.1391,41.0011,1.3981,0.8503,0.5366,503.5500,192.7100,19.2502,8.4329,1.0932,8.7498,43.5325,1.6835
05/04/2009 00:00:00,0.0218,0.4991,20.1087,1.0000,0.0000,8.3872,190.6995,41.5087,1.3968,0.8383,0.5098,527.3265,197.4653,19.4053,7.9538,1.1040,8.0440,43.0024,1.6648
06/04/2009 00:00:00,0.0196,0.4980,19.8249,1.0000,0.0000,8.8154,192.2598,42.0164,1.3615,0.8060,0.4693,551.1030,202.2206,19.0865,6.4319,1.0854,7.3382,41.4295,1.6015
07/04/2009 00:00:00,0.0186,0.4968,19.5410,1.0000,0.0000,8.7142,193.8201,42.5241,1.3490,0.7874,0.4372,574.8795,206.9759,19.0853,5.6140,1.0854,6.7386,40.5606,1.5663
08/04/2009 00:00:00,0.0178,0.4996,19.4989,1.0000,0.0000,8.2116,193.5175,43.5662,1.5019,0.8014,0.4424,569.8829,205.9766,18.8893,4.8847,1.0552,6.2367,39.9516,1.5419
09/04/2009 00:00:00,0.0178,0.5055,19.5904,1.0000,0.0000,7.7090,192.1867,44.9032,1.7619,0.8421,0.4739,549.0115,201.8023,18.7901,4.6363,1.0204,5.7348,39.9179,1.5416
10/04/2009 00:00:00,0.0170,0.5115,19.6818,1.0000,0.0000,7.2064,190.8559,46.2401,1.9910,0.8687,0.4968,528.1401,197.6280,18.3883,3.7433,0.9669,5.2328,39.2396,1.5134
11/04/2009 00:00:00,0.0174,0.5174,19.7732,1.0000,0.0000,6.7039,189.5251,47.5771,2.2680,0.9165,0.5336,507.2687,193.4538,18.4343,3.8055,0.9393,4.7309,39.5164,1.5263
12/04/2009 00:00:00,0.0172,0.5233,19.8647,1.0000,0.0000,6.2013,188.1943,48.9140,2.5324,0.9581,0.5674,486.3974,189.2795,18.3433,3.5769,0.9035,4.2290,39.5025,1.5277
13/04/2009 00:00:00,0.0148,0.5292,19.9561,1.0000,0.0000,5.6987,186.8635,50.2510,2.6565,0.9492,0.5674,465.5260,185.1052,17.3234,1.3400,0.8172,3.7271,37.4803,1.4413
14/04/2009 00:00:00,0.9498,0.5352,20.0475,1.0000,0.0000,5.1961,185.5327,51.5880,4.4502,1.5123,0.7694,444.6546,180.9309,26.3455,20.9147,1.0013,3.2252,57.2697,1.8476
15/04/2009 00:00:00,0.0198,0.5411,20.1390,1.0000,0.0000,4.8994,184.2019,52.9249,3.3096,1.0758,0.6600,423.7832,176.7566,17.9116,2.5530,0.7750,3.4589,39.1226,1.5011
16/04/2009 00:00:00,0.0191,0.5411,20.3430,1.0000,0.0000,4.7345,182.6138,53.7721,3.4919,1.1098,0.6790,416.6667,175.3333,18.3280,4.8939,0.8382,4.2910,40.7462,1.5851
17/04/2009 00:00:00,0.0201,0.5371,20.6049,1.0000,0.0000,4.5695,180.8933,54.3659,3.4732,1.0889,0.6466,416.6667,175.3333,18.1875,6.8127,0.9058,5.1232,41.4656,1.6170
18/04/2009 00:00:00,0.0206,0.5330,20.8668,1.0000,0.0000,4.4046,179.1729,54.9597,3.4208,1.0567,0.6084,416.6667,175.3333,17.8689,8.3718,0.9652,5.9554,41.8252,1.6345
19/04/2009 00:00:00,0.0293,0.5290,21.1288,1.0000,0.0000,4.2396,177.4524,55.5535,3.2200,0.9789,0.5036,416.6667,175.3333,16.7752,8.1060,0.9033,6.7876,40.3600,1.4572
20/04/2009 00:00:00,0.0239,0.5250,21.3907,1.0000,0.0000,4.0747,175.7320,56.1473,3.4363,1.0266,0.5550,416.6667,175.3333,17.8512,13.1486,1.1251,7.6197,44.2030,1.7356
21/04/2009 00:00:00,0.0247,0.5210,21.6526,1.0000,0.0000,4.3125,174.0116,56.7412,3.3826,0.9915,0.5182,416.6667,175.3333,17.5182,14.8529,1.1876,8.0679,44.7078,1.7576
22/04/2009 00:00:00,0.0252,0.5168,21.6166,1.0000,0.0000,4.8834,175.7568,57.2361,3.2598,0.9357,0.5103,430.5580,178.1116,17.2922,15.1277,1.1786,8.1928,44.4181,1.7399
23/04/2009 00:00:00,0.0280,0.5125,21.4314,1.0000,0.0000,5.4544,179.2375,57.6815,3.1001,0.8695,0.5268,451.4167,182.2833,17.0964,14.6116,1.1574,8.3178,43.6560,1.7368
24/04/2009 00:00:00,0.0258,0.5082,21.2461,1.0000,0.0000,6.0254,182.7182,58.1269,3.1402,0.8585,0.5656,472.2753,186.4551,18.0321,16.9734,1.1825,8.4428,45.7718,1.8047
25/04/2009 00:00:00,0.0287,0.5039,21.0609,1.0000,0.0000,6.5964,186.1989,58.5723,3.1319,0.8321,0.6039,493.1340,190.6268,18.7587,18.7790,1.2017,8.5678,47.3315,1.8660
26/04/2009 00:00:00,0.0301,0.4996,20.8757,1.0000,0.0000,7.1673,189.6796,59.0176,3.0817,0.7929,0.6370,513.9927,194.7985,19.2880,20.0680,1.2068,8.6928,48.3745,1.9075
27/04/2009 00:00:00,0.0324,0.4953,20.6905,1.0000,0.0000,7.7383,193.1604,59.4630,2.9807,0.7395,0.6592,534.8514,198.9703,19.5343,20.6354,1.1891,8.8177,48.6959,1.9142
28/04/2009 00:00:00,0.0320,0.4910,20.5053,1.0000,0.0000,7.7652,196.6411,59.9084,2.9284,0.6970,0.6979,555.7101,203.1420,20.1405,22.0871,1.1987,8.9427,49.9015,1.9664
29/04/2009 00:00:00,0.0316,0.4867,20.3200,1.0000,0.0000,7.3317,200.1218,60.3538,2.8150,0.6387,0.7224,576.5687,207.3137,20.3671,22.5853,1.1813,8.4601,50.1538,1.9759
30/04/2009 00:00:00,0.0329,0.4853,20.0900,1.0000,0.0000,6.8981,205.1897,61.2992,2.7439,0.7489,0.7684,573.9552,206.7910,20.7987,23.6662,1.1620,7.4633,51.0083,2.0072
01/05/2009 00:00:00,0.0338,0.4859,19.8385,1.0000,0.0000,6.4646,211.0189,62.4846,2.6699,0.9450,0.8234,560.0760,204.0152,21.1941,24.6903,1.1313,6.4665,51.8154,2.0370
02/05/2009 00:00:00,0.0340,0.4864,19.5871,1.0000,0.0000,6.0311,216.8481,63.6700,2.5751,1.1458,0.8778,546.1967,201.2393,21.4777,25.4322,1.0901,5.4698,52.3404,2.0556
03/05/2009 00:00:00,0.0350,0.4869,19.3356,1.0000,0.0000,5.5976,222.6772,64.8554,2.4839,1.3611,0.9394,532.3174,198.4635,21.8483,26.3775,1.0479,4.4730,53.0687,2.0813
04/05/2009 00:00:00,0.0364,0.4874,19.0841,1.0000,0.0000,5.1641,228.5064,66.0409,2.3963,1.5945,1.0102,518.4382,195.6876,22.3222,27.5634,1.0047,3.4762,54.0376,2.1159
05/05/2009 00:00:00,0.0372,0.4879,18.8326,1.0000,0.0000,5.0000,234.3356,67.2263,2.2914,1.8344,1.0827,504.5589,192.9118,22.7139,28.5390,0.9514,3.3730,54.7963,2.1424
06/05/2009 00:00:00,0.0369,0.4902,18.7471,1.0000,0.0000,5.0000,233.7022,67.2744,2.1169,1.8762,1.0520,500.0000,192.0000,22.6199,29.2248,1.0018,4.0872,55.2765,2.1590
07/05/2009 00:00:00,0.0382,0.4937,18.7428,1.0000,0.0000,5.0000,229.9083,66.7661,1.9295,1.8313,0.9864,500.0000,192.0000,22.4529,30.1543,1.0987,4.8014,56.0060,2.1838
08/05/2009 00:00:00,0.0392,0.4972,18.7386,1.0000,0.0000,5.0000,226.1145,66.2579,1.7491,1.7913,0.9334,500.0000,192.0000,22.3415,31.2088,1.1871,5.5156,56.8605,2.2139
09/05/2009 00:00:00,0.0401,0.5008,18.7343,1.0000,0.0000,5.0000,222.3207,65.7497,1.5636,1.7442,0.8842,500.0000,192.0000,22.1358,32.0071,1.2609,6.2298,57.4588,2.2335
10/05/2009 00:00:00,0.0420,0.5043,18.7300,1.0000,0.0000,5.0000,218.5269,65.2414,1.3930,1.7121,0.8483,500.0000,192.0000,22.1157,33.2755,1.3376,6.9441,58.5273,2.2706
11/05/2009 00:00:00,0.0458,0.5078,18.7257,1.0000,0.0000,5.0000,214.7331,64.7332,1.2257,1.6840,0.8179,500.0000,192.0000,22.1487,34.6852,1.4103,7.6583,59.7370,2.3099
12/05/2009 00:00:00,0.0456,0.5113,18.7214,1.0000,0.0000,5.2355,210.9392,64.2249,1.0500,1.6435,0.7872,500.0000,192.0000,22.0164,35.6441,1.4708,10.6149,60.4959,2.3367
13/05/2009 00:00:00,0.0463,0.5247,18.6204,1.0000,0.0000,5.6691,209.4780,64.3975,1.2796,1.7057,0.7679,500.0000,192.0000,22.7761,35.7108,1.5130,15.6288,61.1425,2.3577
14/05/2009 00:00:00,0.0484,0.5448,18.4718,1.0000,0.0000,6.1027,209.1654,64.9062,1.7425,1.8359,0.7551,500.0000,192.0000,24.1912,35.7602,1.5610,20.6428,62.1569,2.3917
15/05/2009 00:00:00,0.0505,0.5650,18.3231,1.0000,0.0000,6.5363,208.8527,65.4149,2.2338,1.9688,0.7355,500.0000,192.0000,25.6189,35.6429,1.6095,25.6567,63.0045,2.4185
16/05/2009 00:00:00,0.0519,0.5851,18.1745,1.0000,0.0000,6.9699,208.5401,65.9236,2.7632,2.1127,0.7115,500.0000,192.0000,27.1670,35.6214,1.6677,30.6706,63.9479,2.4503
17/05/2009 00:00:00,0.0536,0.6052,18.0258,1.0000,0.0000,7.4035,208.2274,66.4322,3.3235,2.2607,0.6782,500.0000,192.0000,28.7441,35.4646,1.7302,35.6845,64.7561,2.4762
18/05/2009 00:00:00,0.0551,0.6254,17.8772,1.0000,0.0000,7.8371,207.9148,66.9409,3.9224,2.4176,0.6350,500.0000,192.0000,30.4131,35.3124,1.8040,40.6985,65.5688,2.5025
19/05/2009 00:00:00,0.0586,0.6455,17.7285,1.0000,0.0000,7.5584,207.6021,67.4496,4.5656,2.5858,0.5779,500.0000,192.0000,32.2015,35.2072,1.8922,40.9175,66.4286,2.5279
20/05/2009 00:00:00,0.2060,0.6309,17.4200,1.0000,0.0000,6.8512,207.0185,67.9585,4.5193,2.3779,0.4832,491.9729,190.3946,29.8706,29.3077,1.7503,37.0680,61.9758,2.2819
21/05/2009 00:00:00,1.5565,0.5926,17.0338,1.0000,0.0000,6.1439,206.3034,68.4673,5.0432,2.4871,0.4605,480.0563,188.0113,31.7629,33.3653,1.7666,33.2185,67.7135,2.2732
22/05/2009 00:00:00,2.8990,0.5544,16.6477,1.0000,0.0000,5.4366,205.5883,68.9762,5.7215,2.6635,0.4412,468.1397,185.6279,34.5445,39.4184,1.7790,29.3690,75.4468,2.2643
23/05/2009 00:00:00,4.3732,0.5162,16.2615,1.0000,0.0000,4.7294,204.8732,69.4851,6.6300,2.9311,0.5078,456.2231,183.2446,38.5646,48.3685,2.1385,25.5195,86.0770,2.6970
24/05/2009 00:00:00,0.3491,0.4779,15.8754,1.0000,0.0000,4.0221,204.1581,69.9940,3.7399,1.5780,0.4105,444.3065,180.8613,21.0433,8.5112,1.7969,21.6700,47.8999,2.2484
25/05/2009 00:00:00,0.2363,0.4397,15.4892,1.0000,0.0000,3.3148,203.4430,70.5029,4.5975,1.8595,0.5563,432.3899,178.4780,25.1107,17.1168,2.5208,17.8205,58.1856,3.1327
26/05/2009 00:00:00,0.1277,0.4015,15.1031,1.0000,0.0000,2.9300,202.7279,71.0118,5.5040,2.1417,0.6994,420.4734,176.0947,29.2660,26.1758,3.2685,15.4056,68.9248,4.0378
27/05/2009 00:00:00,0.1239,0.3999,15.0386,1.0000,0.0000,2.8039,202.9776,69.6651,5.2624,2.0855,0.6188,409.5984,173.9197,29.1764,27.8234,3.1139,14.2778,69.9095,3.7946
28/05/2009 00:00:00,0.1192,0.4218,15.1246,1.0000,0.0000,2.6778,203.6787,67.4475,4.8119,2.0059,0.5412,399.2124,171.8425,28.9627,30.3900,3.0090,13.1501,70.7134,3.6043
29/05/2009 00:00:00,0.1169,0.4438,15.2106,1.0000,0.0000,2.5518,204.3797,65.2298,4.3144,1.9111,0.4822,388.8264,169.7653,28.5655,32.5607,2.9819,12.0224,71.1215,3.5123
30/05/2009 00:00:00,0.1158,0.4657,15.2966,1.0000,0.0000,2.4257,205.0808,63.0122,3.7971,1.8117,0.4303,378.4404,167.6881,28.1341,34.6932,2.9822,10.8946,71.4914,3.4556
31/05/2009 00:00:00,0.1447,0.4877,15.3826,1.0000,0.0000,2.2996,205.7818,60.7945,2.9500,1.5453,0.3432,368.0544,165.6109,25.0354,29.9513,2.6913,9.7669,64.9868,3.0688
01/06/2009 00:00:00,0.1262,0.5097,15.4686,1.0000,0.0000,2.1735,206.4829,58.5769,2.6874,1.5894,0.3594,357.6683,163.5337,26.9994,38.3897,3.2277,8.6391,71.6626,3.6231
02/06/2009 00:00:00,1.3862,0.5316,15.5546,1.0000,0.0000,2.0474,207.1839,56.3592,2.1040,1.4688,0.2302,347.2823,161.4565,26.3173,39.9884,2.4030,7.5114,71.4986,2.6563
03/06/2009 00:00:00,0.9506,0.5536,15.6406,1.0000,0.0000,2.3093,207.8850,54.1416,1.3942,1.2430,0.1804,336.8963,159.3793,23.6623,36.1265,2.2337,6.6380,65.8741,2.4322
04/06/2009 00:00:00,0.7509,0.7121,15.7128,1.0000,0.0000,2.8047,210.6704,53.0883,1.3924,1.2438,0.1919,333.3333,158.6667,24.1648,37.4615,2.3859,5.9757,66.5778,2.5970
05/06/2009 00:00:00,0.1705,0.9746,15.7778,1.0000,0.0000,3.3001,214.5408,52.6431,1.7829,1.3680,0.3126,333.3333,158.6667,26.4814,41.7139,3.5370,5.3134,70.7900,3.8809
06/06/2009 00:00:00,0.1665,1.2372,15.8429,1.0000,0.0000,3.7955,218.4111,52.1978,2.1766,1.4613,0.3429,333.3333,158.6667,28.1825,43.9433,3.5126,4.6511,72.9791,3.8898
07/06/2009 00:00:00,0.1678,1.4997,15.9079,1.0000,0.0000,4.2909,222.2815,51.7526,2.5635,1.5274,0.3694,333.3333,158.6667,29.3478,44.4935,3.4087,3.9888,73.4890,3.8150
08/06/2009 00:00:00,0.1734,1.7622,15.9730,1.0000,0.0000,4.7864,226.1518,51.3074,2.9471,1.5763,0.3955,333.3333,158.6667,30.1707,43.9617,3.2641,3.3265,72.9169,3.6992
09/06/2009 00:00:00,0.1761,2.0247,16.0380,1.0000,0.0000,4.6726,230.0222,50.8622,3.3981,1.6467,0.4342,333.3333,158.6667,31.3963,44.1654,3.1794,3.0000,73.0803,3.6570
10/06/2009 00:00:00,0.3684,2.2872,16.1031,1.0000,0.0000,4.0969,233.8926,50.4169,3.4228,1.5144,0.3659,333.3333,158.6667,28.7592,35.4481,2.3534,3.0000,64.3227,2.7559
11/06/2009 00:00:00,3.1051,2.5497,16.1682,1.0000,0.0000,3.5211,237.7629,49.9717,4.8015,1.9521,0.4011,333.3333,158.6667,36.9239,50.3125,2.2378,3.0000,79.1468,2.6791
12/06/2009 00:00:00,2.6847,2.3880,16.3700,1.0000,0.0000,2.9454,228.3950,51.2450,4.9198,1.8569,0.3647,322.2269,156.4454,34.7991,46.3255,2.1434,3.0000,75.1131,2.5446
13/06/2009 00:00:00,0.3452,1.9219,16.6410,1.0000,0.0000,2.3697,212.3349,53.3882,4.1858,1.4772,0.4307,305.4975,153.0995,27.3542,32.2692,2.9060,3.0000,61.0067,3.3797
14/06/2009 00:00:00,0.2892,1.4558,16.9120,1.0000,0.0000,1.7940,196.2748,55.5315,4.7118,1.5613,0.3711,288.7681,149.7536,28.5643,37.1184,2.8266,3.0000,65.8058,3.2348
15/06/2009 00:00:00,0.2895,0.9898,17.1831,1.0000,0.0000,1.2183,180.2148,57.6748,4.9099,1.5334,0.3156,272.0387,146.4077,27.7115,37.2915,2.6782,3.0000,65.9289,3.0253
16/06/2009 00:00:00,0.2864,0.5237,17.4541,1.0000,0.0000,1.1754,164.1547,59.8180,5.1139,1.5103,0.2790,255.3093,143.0619,26.9567,37.6273,2.6104,7.8526,66.2147,2.9173
17/06/2009 00:00:00,0.2859,0.3449,17.1367,1.0000,0.0000,1.4579,167.7072,60.8446,5.5313,1.9455,0.3056,266.2227,145.2445,26.4673,36.8332,2.5310,17.3338,66.0582,2.8672
18/06/2009 00:00:00,0.3454,0.3395,16.5463,1.0000,0.0000,1.7404,180.3654,61.3520,5.8811,2.5148,0.3383,289.9875,149.9975,25.4070,33.7765,2.2781,26.8150,63.9588,2.6503
19/06/2009 00:00:00,3.6033,0.3341,15.9558,1.0000,0.0000,2.0229,193.0236,61.8595,8.3098,4.0763,0.4009,313.7522,154.7504,32.6944,51.8745,2.2217,36.2963,83.0143,2.6627
20/06/2009 00:00:00,3.1538,0.3287,15.3653,1.0000,0.0000,2.3053,205.6818,62.3669,8.2186,4.4677,0.4304,337.5169,159.5034,29.6635,43.8715,1.9776,45.7775,75.9686,2.4510
21/06/2009 00:00:00,3.9475,0.3233,14.7748,1.0000,0.0000,2.5878,218.3401,62.8743,9.0997,5.3593,0.5064,361.2816,164.2563,30.3154,45.2545,1.9377,55.2588,78.3090,2.4947
22/06/2009 00:00:00,0.6268,0.3179,14.1843,1.0000,0.0000,2.8703,230.9983,63.3818,8.0573,5.0611,0.6637,385.0464,169.0093,24.9080,30.8850,2.1164,64.7400,64.8968,2.8465
23/06/2009 00:00:00,0.6156,0.3125,13.5939,1.0000,0.0000,3.4759,243.6565,63.8892,8.5821,5.6844,0.6720,408.8111,173.7622,24.7314,30.0247,1.7819,66.9399,64.9939,2.5211
24/06/2009 00:00:00,2.8409,0.3061,13.3245,1.0000,0.0000,4.3555,248.3370,65.5455,10.5443,8.1659,0.7070,465.4676,185.0935,29.5393,42.8715,1.7950,63.1990,78.5516,2.5727
25/06/2009 00:00:00,4.8894,0.2992,13.2120,1.0000,0.0000,5.2352,249.1179,67.7691,11.2840,10.4865,0.7478,538.3653,199.6731,31.3243,48.1785,1.9502,59.4581,84.4478,2.7728
26/06/2009 00:00:00,1.2167,0.2923,13.0996,1.0000,0.0000,6.1148,249.8989,69.9928,9.1145,9.9151,0.7251,611.2630,214.2526,25.0645,31.6723,1.9397,55.7172,68.5307,2.7373
27/06/2009 00:00:00,2.9228,0.2853,12.9871,1.0000,0.0000,6.9945,250.6798,72.2164,10.4026,13.0043,0.6578,684.1607,228.8321,28.3292,41.1403,1.8032,51.9763,78.5878,2.5268
28/06/2009 00:00:00,2.7267,0.2784,12.8747,1.0000,0.0000,7.8742,251.4607,74.4400,10.0725,14.2652,0.6527,757.0583,243.4117,27.1549,38.4259,1.8315,48.2354,76.4626,2.5494
29/06/2009 00:00:00,4.6785,0.2714,12.7622,1.0000,0.0000,8.7538,252.2416,76.6636,10.9569,17.3827,0.7071,829.9560,257.9912,29.2328,44.9621,2.0294,44.4945,83.5879,2.8072
30/06/2009 00:00:00,5.1680,0.2645,12.6498,1.0000,0.0000,9.6335,253.0225,78.8873,11.3444,19.9756,0.7006,902.8537,272.5707,29.9413,47.7651,2.0545,40.7535,86.9800,2.8251
01/07/2009 00:00:00,2.9374,0.2575,12.5373,1.0000,0.0000,9.2238,253.8034,81.1109,10.0851,19.5607,0.7017,975.7514,287.1503,26.3215,37.9185,2.1009,36.0543,77.7226,2.8727
02/07/2009 00:00:00,1.5138,0.2667,12.7039,1.0000,0.0000,7.8930,253.5402,79.4742,9.1030,18.1645,0.6782,925.8058,277.1612,23.9777,32.2022,1.9654,30.5093,71.3834,2.7114
03/07/2009 00:00:00,1.2351,0.2870,13.0090,1.0000,0.0000,6.5623,252.7587,75.9134,8.4286,16.7571,0.6479,814.6304,254.9261,22.6605,29.7827,1.7553,24.9644,67.7370,2.4679
04/07/2009 00:00:00,1.1401,0.3072,13.3141,1.0000,0.0000,5.2316,251.9772,72.3526,7.9834,15.8085,0.6582,703.4549,232.6910,21.9356,29.1197,1.6451,19.4195,65.8471,2.3692
05/07/2009 00:00:00,1.0702,0.3275,13.6192,1.0000,0.0000,3.9009,251.1956,68.7919,7.6349,15.0524,0.6872,592.2795,210.4559,21.4699,29.2309,1.5570,13.8746,64.7314,2.3130
06/07/2009 00:00:00,2.0221,0.3477,13.9243,1.0000,0.0000,2.5702,250.4141,65.2311,8.2439,16.1752,0.7992,481.1040,188.2208,23.7633,37.6980,1.6010,8.3296,71.9716,2.4801
07/07/2009 00:00:00,2.5611,0.3680,14.2294,1.0000,0.0000,2.0000,249.6326,61.6703,8.1763,15.9576,0.8868,369.9286,165.9857,24.2006,40.5954,1.5132,6.5819,73.6422,2.4887
08/07/2009 00:00:00,1.3086,0.3736,14.1113,1.0000,0.0000,2.0000,250.2742,60.8397,6.7530,13.6827,0.9401,341.3290,160.2658,22.0643,32.6362,1.3752,7.5854,66.1289,2.4094
09/07/2009 00:00:00,3.8961,0.3698,13.7851,1.0000,0.0000,2.0000,251.6154,61.3487,7.5088,16.1650,1.1481,353.2479,162.6496,27.9466,47.1544,1.4823,8.5889,81.9139,2.7452
10/07/2009 00:00:00,6.0680,0.3660,13.4589,1.0000,0.0000,2.0000,252.9566,61.8577,7.8065,17.9041,1.3744,365.1669,165.0334,32.9961,58.8177,1.5797,9.5923,94.8440,3.0916
11/07/2009 00:00:00,4.3762,0.3622,13.1328,1.0000,0.0000,2.0000,254.2978,62.3667,8.2531,20.2258,1.6529,377.0858,167.4172,39.5401,74.4155,1.7035,10.5958,111.7086,3.5217
12/07/2009 00:00:00,2.1019,0.3584,12.8066,1.0000,0.0000,2.0000,255.6391,62.8756,8.2108,21.5741,1.8314,389.0048,169.8010,44.5482,85.3767,1.7023,11.5993,123.9366,3.7169
13/07/2009 00:00:00,1.7690,0.3545,12.4804,1.0000,0.0000,2.0000,256.9803,63.3846,6.4997,18.3803,1.6971,400.9237,172.1847,39.9378,69.7623,1.4297,12.6028,109.5890,3.2965
14/07/2009 00:00:00,1.5584,0.3507,12.1542,1.0000,0.0000,2.1746,258.3215,63.8936,5.2595,16.0771,1.6186,412.8427,174.5685,36.6377,58.1983,1.2410,12.4821,99.2918,3.0214
15/07/2009 00:00:00,1.4143,0.3363,12.0849,1.0000,0.0000,2.4596,261.6906,65.4353,5.0656,15.6833,1.5889,432.8053,178.5611,33.9743,48.8918,1.0881,11.6250,91.9065,2.8359
16/07/2009 00:00:00,3.6928,0.3152,12.1362,1.0000,0.0000,2.7447,266.0118,67.4649,5.2571,16.0167,1.6033,456.5677,183.3135,31.8097,41.0425,0.9708,10.7679,86.2875,2.7344
17/07/2009 00:00:00,5.1163,0.2941,12.1876,1.0000,0.0000,3.0297,270.3329,69.4944,6.4954,19.5334,1.8073,480.3300,188.0660,35.8958,50.1552,0.9666,9.9107,97.6305,2.9546
18/07/2009 00:00:00,2.2801,0.2731,12.2389,1.0000,0.0000,3.3147,274.6541,71.5239,10.7823,32.0774,2.5970,504.0924,192.8185,54.9611,100.1643,1.2241,9.0536,149.8699,4.0809
19/07/2009 00:00:00,9.9647,0.2520,12.2902,1.0000,0.0000,3.5998,278.9752,73.5534,8.6963,25.6379,2.2608,527.8548,197.5710,41.2204,60.7458,0.9362,8.1964,112.6816,3.4231
20/07/2009 00:00:00,11.2152,0.2309,12.3415,1.0000,0.0000,3.8848,283.2964,75.5830,11.9455,34.9453,2.8141,551.6172,202.3234,53.0103,91.0952,1.0193,7.3393,145.2613,4.1148
21/07/2009 00:00:00,9.5329,0.2098,12.3928,1.0000,0.0000,4.5052,287.6176,77.6125,14.9286,43.3812,3.0160,575.3795,207.0759,62.3810,114.9438,0.9497,6.6558,171.3401,4.2673
22/07/2009 00:00:00,6.2035,0.2161,12.3872,1.0000,0.0000,5.3531,287.4567,81.6764,15.4331,48.0811,2.8687,599.1843,211.8369,65.0882,119.8036,1.2537,6.0861,181.0225,4.4093
23/07/2009 00:00:00,9.7140,0.2414,12.3529,1.0000,0.0000,6.2010,285.0442,86.7638,10.7782,36.8366,2.0578,623.0104,216.6021,47.2319,66.0242,1.3521,5.5165,133.3697,3.6157
24/07/2009 00:00:00,4.9468,0.2667,12.3185,1.0000,0.0000,7.0489,282.6317,91.8512,16.1739,59.7902,2.4834,646.8364,221.3673,73.3367,136.2885,2.2252,4.9468,209.7607,4.9569
25/07/2009 00:00:00,5.0892,0.2920,12.2842,1.0000,0.0000,7.8968,280.2191,96.9386,10.2131,40.3931,1.6395,670.6625,226.1325,47.7469,58.4820,1.8959,4.3771,138.0809,3.6993
26/07/2009 00:00:00,3.1842,0.3173,12.2499,1.0000,0.0000,8.7447,277.8066,102.0260,9.8708,41.4068,1.4236,694.4886,230.8977,47.4370,52.7763,2.0517,3.8074,138.5019,3.6177
27/07/2009 00:00:00,2.6619,0.3426,12.2156,1.0000,0.0000,9.5925,275.3941,107.1134,8.2661,36.5210,1.1356,718.3146,235.6629,40.7311,28.0693,1.9918,3.2378,119.9217,3.2409
28/07/2009 00:00:00,2.3390,0.3679,12.1813,1.0000,0.0000,9.5534,272.9816,112.2009,7.2437,33.5137,0.9413,742.1407,240.4281,36.5164,10.3303,1.9761,3.8358,108.3093,3.0115
29/07/2009 00:00:00,2.0870,0.3891,12.3734,1.0000,0.0000,8.6936,275.5156,113.5379,6.0575,30.9331,0.8257,750.0000,242.0000,33.3265,0.1355,1.9139,5.2704,99.0265,2.8221
30/07/2009 00:00:00,1.8998,0.4075,12.6766,1.0000,0.0000,7.8338,280.4766,113.0290,4.9250,28.9834,0.7483,750.0000,242.0000,31.0266,0.0000,1.8620,6.7049,92.1301,2.6851
31/07/2009 00:00:00,1.7645,0.4258,12.9798,1.0000,0.0000,6.9740,285.4376,112.5201,4.0083,27.8545,0.6865,750.0000,242.0000,29.6256,0.0000,1.8531,8.1395,87.9094,2.6083
01/08/2009 00:00:00,1.6557,0.4441,13.2830,1.0000,0.0000,6.1142,290.3986,112.0111,3.1717,26.9344,0.6263,750.0000,242.0000,28.4600,0.0000,1.8582,9.5740,84.3912,2.5472
02/08/2009 00:00:00,1.5615,0.4624,13.5862,1.0000,0.0000,5.2545,295.3596,111.5022,2.3905,26.1289,0.5641,750.0000,242.0000,27.4265,0.0000,1.8719,11.0086,81.2687,2.4924
03/08/2009 00:00:00,1.4874,0.4807,13.8894,1.0000,0.0000,4.3947,300.3206,110.9932,1.6708,25.6676,0.5028,750.0000,242.0000,26.7624,0.0000,1.9107,12.4431,79.2431,2.4638
04/08/2009 00:00:00,1.4226,0.4990,14.1926,1.0000,0.0000,4.0000,305.2816,110.4843,0.9729,25.2227,0.4346,750.0000,242.0000,26.1209,0.0000,1.9560,12.2164,77.2861,2.4341
05/08/2009 00:00:00,1.3685,0.4937,14.4248,1.0000,0.0000,4.0000,302.9364,107.9085,0.8238,24.4684,0.4063,758.0680,243.6136,25.7942,0.0000,1.9732,10.9357,75.9473,2.4201
06/08/2009 00:00:00,4.6330,0.4738,14.6233,1.0000,0.0000,4.0000,297.1343,104.3501,1.1444,28.9949,0.4518,769.9716,245.9943,31.5228,7.2108,2.2351,9.6549,92.1643,2.7321
07/08/2009 00:00:00,1.8777,0.4540,14.8218,1.0000,0.0000,4.0000,291.3321,100.7918,1.4182,30.9643,0.4792,781.8751,248.3750,34.7786,18.0667,2.4176,8.3741,100.9490,2.9447
08/08/2009 00:00:00,2.3842,0.4341,15.0203,1.0000,0.0000,4.0000,285.5299,97.2334,1.4929,28.3091,0.4550,793.7787,250.7557,32.9124,14.0094,2.3445,7.0934,94.8205,2.8449
09/08/2009 00:00:00,2.9211,0.4142,15.2189,1.0000,0.0000,4.0000,279.7277,93.6750,1.6454,27.2600,0.4331,805.6823,253.1365,32.8746,15.2437,2.2835,5.8126,93.9836,2.7600
10/08/2009 00:00:00,2.1171,0.3944,15.4174,1.0000,0.0000,4.0000,273.9255,90.1167,1.8520,26.9238,0.4392,817.5859,255.5172,33.7592,19.0777,2.3731,4.5319,95.7464,2.8563
11/08/2009 00:00:00,3.6267,0.3745,15.6159,1.0000,0.0000,4.0815,268.1234,86.5583,2.0630,26.3986,0.4256,829.4895,257.8979,34.5058,22.4640,2.3615,4.3224,97.0614,2.8296
12/08/2009 00:00:00,6.2991,0.3567,15.6555,1.0000,0.0000,4.2127,267.5725,87.5172,2.5168,29.3786,0.4894,840.3851,260.0770,39.9266,34.8480,2.6249,4.8739,109.9353,3.1632
13/08/2009 00:00:00,4.1118,0.3402,15.6192,1.0000,0.0000,4.3439,269.5255,90.6306,3.6149,39.3003,0.6146,850.7999,262.1600,55.3524,71.6231,3.1311,5.4253,148.4220,3.8071
14/08/2009 00:00:00,9.2638,0.3238,15.5830,1.0000,0.0000,4.4751,271.4785,93.7439,3.3695,34.2794,0.5869,861.2148,264.2430,49.9744,52.1351,2.8696,5.9767,130.6454,3.5153
15/08/2009 00:00:00,13.0106,0.3073,15.5467,1.0000,0.0000,4.6063,273.4315,96.8573,3.9385,37.6504,0.6185,871.6296,266.3259,56.7492,64.5735,2.9241,6.5282,144.7952,3.6045
16/08/2009 00:00:00,9.2580,0.2908,15.5105,1.0000,0.0000,4.7375,275.3846,99.9706,4.9950,45.0333,0.6907,882.0445,268.4089,70.1023,92.8126,3.1751,7.0796,174.7459,3.9348
17/08/2009 00:00:00,9.2397,0.2744,15.4742,1.0000,0.0000,4.8687,277.3376,103.0839,4.3509,37.1141,0.6319,892.4594,270.4919,59.6085,61.6556,2.8368,7.6311,145.3003,3.5319
18/08/2009 00:00:00,5.5796,0.2579,15.4380,1.0000,0.0000,4.9999,279.2906,106.1973,5.0075,40.5321,0.6780,902.8742,272.5748,67.1008,74.7273,2.9827,8.1825,160.0835,3.7285
19/08/2009 00:00:00,12.4940,0.2414,15.4017,1.0000,0.0000,5.4666,281.2437,109.3106,4.5878,35.3300,0.6706,913.2891,274.6578,60.2343,53.6917,2.8987,7.8571,140.7594,3.6364
20/08/2009 00:00:00,8.0459,0.2460,15.3449,1.0000,0.0000,5.9335,280.3238,115.1306,5.3558,41.7021,0.8325,926.0535,277.2107,65.8335,69.7527,2.7809,6.9605,157.9087,3.6966
21/08/2009 00:00:00,11.2922,0.2639,15.2782,1.0000,0.0000,6.4005,278.0317,122.2497,4.9917,40.2689,0.9591,939.9456,279.9891,56.1947,52.7128,2.4020,6.0639,141.6581,3.4570
22/08/2009 00:00:00,7.0171,0.2819,15.2115,1.0000,0.0000,6.8674,275.7395,129.3688,5.6073,46.6764,1.1318,953.8377,282.7675,57.8171,63.7241,2.2612,5.1673,153.4586,3.5061
23/08/2009 00:00:00,5.7789,0.2998,15.1448,1.0000,0.0000,7.3343,273.4474,136.4879,5.0070,42.8615,1.1625,967.7298,285.5460,47.2734,41.8549,1.9275,4.2708,132.3787,3.2062
24/08/2009 00:00:00,4.1704,0.3177,15.0782,1.0000,0.0000,7.8012,271.1553,143.6070,4.9260,43.2405,1.2277,981.6219,288.3244,42.5606,34.7074,1.7362,3.3742,126.0204,3.0867
25/08/2009 00:00:00,3.3583,0.3357,15.0115,1.0000,0.0000,7.9182,268.8631,150.7260,4.7245,42.4226,1.2635,995.5140,291.1028,37.3178,25.0227,1.5551,2.9445,117.1250,2.9449
26/08/2009 00:00:00,2.8560,0.3482,15.0665,1.0000,0.0000,7.7757,273.9075,153.7135,4.0913,39.5357,1.1753,1008.0621,293.6124,33.3792,16.7528,1.4754,2.8492,106.9608,2.7682
27/08/2009 00:00:00,2.5194,0.3571,15.1794,1.0000,0.0000,7.6333,282.4366,154.7305,3.3722,36.4615,1.0505,1019.9692,295.9938,30.5469,11.0623,1.4552,2.7540,98.0962,2.6107
28/08/2009 00:00:00,2.5054,0.3660,15.2923,1.0000,0.0000,7.4909,290.9657,155.7474,2.8105,34.7505,0.9610,1031.8764,298.3753,28.8752,9.0820,1.4864,2.6587,92.9419,2.5434
29/08/2009 00:00:00,3.6072,0.3750,15.4052,1.0000,0.0000,7.3484,299.4949,156.7644,2.5429,37.0695,0.9323,1043.7835,300.7567,30.5335,17.8370,1.6344,2.5635,98.5227,2.6600
30/08/2009 00:00:00,2.2860,0.3839,15.5181,1.0000,0.0000,7.2060,308.0240,157.7814,2.0625,37.0993,0.8621,1055.6906,303.1381,30.2731,20.4313,1.7465,2.4682,97.9429,2.6948
31/08/2009 00:00:00,2.1518,0.3928,15.6310,1.0000,0.0000,7.0635,316.5531,158.7984,1.5109,36.1478,0.7564,1067.5977,305.5195,29.2022,20.4124,1.8178,2.3730,94.7499,2.6498
01/09/2009 00:00:00,3.2675,0.4018,15.7439,1.0000,0.0000,7.0000,325.0822,159.8154,1.0043,37.0122,0.6659,1079.5049,307.9010,29.5800,25.1109,1.9710,2.2777,96.2743,2.7034
02/09/2009 00:00:00,4.1524,0.4012,15.6829,1.0000,0.0000,7.0000,327.4787,154.9690,0.8728,37.7482,0.6311,1083.3333,308.6667,31.7433,34.3348,2.1231,2.1825,102.8786,2.8174
03/09/2009 00:00:00,2.4384,0.3947,15.5401,1.0000,0.0000,7.0000,326.9877,147.3439,0.8749,35.5346,0.6020,1083.3333,308.6667,32.5239,38.4118,2.1862,2.0872,104.5987,2.8485
04/09/2009 00:00:00,2.1889,0.3883,15.3972,1.0000,0.0000,7.0000,326.4968,139.7188,0.7953,30.1587,0.5337,1083.3333,308.6667,30.2240,32.6340,2.1002,1.9920,96.4640,2.6873
05/09/2009 00:00:00,6.7454,0.3818,15.2544,1.0000,0.0000,7.0000,326.0058,132.0937,0.8644,30.3883,0.5624,1083.3333,308.6667,33.5808,44.9000,2.4081,1.8967,106.3731,3.0267
06/09/2009 00:00:00,3.8703,0.3753,15.1116,1.0000,0.0000,7.0000,325.5148,124.4687,0.9248,29.8883,0.5364,1083.3333,308.6667,36.7273,56.3610,2.5124,1.8015,115.4772,3.1024
07/09/2009 00:00:00,3.1110,0.3688,14.9688,1.0000,0.0000,7.0000,325.0239,116.8436,0.8932,26.2726,0.4789,1083.3333,308.6667,36.2695,56.4426,2.4680,1.7062,113.2018,2.9948
08/09/2009 00:00:00,4.0684,0.3624,14.8259,1.0000,0.0000,7.0000,324.5329,109.2185,0.8319,21.9882,0.4221,1083.3333,308.6667,34.5388,52.6163,2.4098,1.6109,107.0186,2.8741
09/09/2009 00:00:00,2.9468,0.3557,14.9756,1.0000,0.0000,7.0000,325.3737,104.6960,0.8913,20.6307,0.4765,1075.2717,307.0543,37.5232,59.6387,2.4334,1.5157,111.9940,2.9575
10/09/2009 00:00:00,2.8929,0.3490,15.2640,1.0000,0.0000,7.0000,326.8457,101.6484,0.8648,17.1147,0.5407,1063.3776,304.6755,36.7608,53.6543,2.2435,1.4204,104.1100,2.8383
11/09/2009 00:00:00,7.3982,0.3423,15.5523,1.0000,0.0000,7.0000,328.3177,98.6007,0.9563,15.7702,0.6574,1051.4835,302.2967,41.0349,61.6198,2.2284,1.3252,110.1758,2.9515
12/09/2009 00:00:00,11.5379,0.3356,15.8406,1.0000,0.0000,7.0000,329.7897,95.5531,1.0117,13.4009,0.6801,1039.5893,299.9179,43.8099,64.7477,1.8859,1.2299,111.4041,2.6340
13/09/2009 00:00:00,7.8790,0.3288,16.1290,1.0000,0.0000,7.0000,331.2618,92.5055,1.2046,12.1128,0.7903,1027.6952,297.5390,52.6302,81.8575,1.7871,1.1347,126.6141,2.6564
14/09/2009 00:00:00,4.6881,0.3221,16.4173,1.0000,0.0000,7.0000,332.7338,89.4579,1.2732,8.8076,0.9993,1015.8010,295.1602,56.1131,84.6982,1.8294,1.0394,127.5552,2.9286
15/09/2009 00:00:00,7.2533,0.3154,16.7056,1.0000,0.0000,7.4356,334.2058,86.4103,1.1781,4.5135,1.1272,1003.9069,292.7814,52.3629,71.3621,1.6491,1.0000,112.3195,2.8891
16/09/2009 00:00:00,4.7946,0.3139,16.5420,1.0000,0.0000,8.1501,329.2716,87.8038,1.1413,4.7721,1.0133,1008.0103,293.6021,50.8687,70.2657,1.6352,1.0000,111.9562,2.7499
17/09/2009 00:00:00,3.5999,0.3158,16.1584,1.0000,0.0000,8.8646,321.2213,91.3696,1.0225,6.3075,0.8850,1019.9387,295.9877,45.5770,63.0951,1.7341,1.0000,106.8066,2.7075
18/09/2009 00:00:00,5.1599,0.3178,15.7749,1.0000,0.0000,9.5791,313.1710,94.9354,0.9244,7.5102,0.7965,1031.8671,298.3734,41.2080,56.6145,1.8030,1.0000,102.3470,2.6791
19/09/2009 00:00:00,3.3835,0.3197,15.3913,1.0000,0.0000,10.2936,305.1208,98.5012,0.8218,8.2586,0.6733,1043.7956,300.7591,36.6383,48.2997,1.7060,1.0000,96.0533,2.4467
20/09/2009 00:00:00,3.0077,0.3216,15.0078,1.0000,0.0000,11.0081,297.0705,102.0670,0.7626,9.1082,0.6342,1055.7240,303.1448,34.0011,43.9820,1.7598,1.0000,93.7566,2.4574
21/09/2009 00:00:00,5.0864,0.3236,14.6242,1.0000,0.0000,11.7226,289.0202,105.6328,0.7378,10.1889,0.6164,1067.6524,305.5305,32.9016,43.3266,1.8437,1.0000,95.1222,2.5217
22/09/2009 00:00:00,4.5746,0.3255,14.2407,1.0000,0.0000,11.6173,280.9700,109.1985,0.6990,10.9355,0.5194,1079.5808,307.9162,31.1707,40.4023,1.6553,1.3170,94.2189,2.2267
23/09/2009 00:00:00,3.8768,0.3286,14.1799,1.0000,0.0000,10.9918,279.1592,105.4503,0.7148,11.3164,0.5498,1076.2060,307.2412,31.5619,40.5211,1.7355,1.8021,94.5291,2.3403
24/09/2009 00:00:00,2.9607,0.3325,14.2672,1.0000,0.0000,10.3663,280.2123,98.3452,0.7367,11.2549,0.5774,1065.8073,305.1615,32.0623,39.4218,1.7413,2.2873,92.7816,2.3764
25/09/2009 00:00:00,2.4792,0.3363,14.3546,1.0000,0.0000,9.7409,281.2653,91.2401,0.7150,10.5315,0.5778,1055.4087,303.0817,30.6671,32.8846,1.6506,2.7724,85.5961,2.2862
26/09/2009 00:00:00,2.1342,0.3402,14.4420,1.0000,0.0000,9.1154,282.3183,84.1350,0.6689,9.4926,0.5588,1045.0101,301.0020,28.2780,23.9210,1.4946,3.2575,75.9842,2.1093
27/09/2009 00:00:00,1.9237,0.3441,14.5293,1.0000,0.0000,8.4899,283.3713,77.0299,0.6592,9.0049,0.5704,1034.6115,298.9223,27.4660,19.4884,1.4065,3.7427,70.9034,2.0339
28/09/2009 00:00:00,2.5278,0.3479,14.6167,1.0000,0.0000,7.8644,284.4243,69.9248,0.7298,9.5884,0.6553,1024.2129,296.8426,29.9720,23.3976,1.4568,4.2278,74.1643,2.1776
29/09/2009 00:00:00,2.0799,0.3518,14.7040,1.0000,0.0000,7.2389,285.4773,62.8197,0.7826,9.8791,0.7434,1013.8143,294.7629,31.6786,24.8295,1.4404,4.7129,74.9479,2.2582
30/09/2009 00:00:00,3.3446,0.3557,14.7914,1.0000,0.0000,7.1017,286.5303,55.7146,0.9173,11.1135,0.8763,1003.4157,292.6831,36.5959,33.0811,1.3990,5.1980,82.5513,2.3629
01/10/2009 00:00:00,1.9772,0.3631,15.2062,1.0000,0.0000,7.2663,288.2082,50.1497,0.8817,10.2409,0.7536,1000.0000,292.0000,34.7623,29.5397,1.4700,5.6832,78.4612,2.2989
02/10/2009 00:00:00,1.8301,0.3731,15.7804,1.0000,0.0000,7.4310,290.1903,45.3382,0.8322,9.2567,0.5738,1000.0000,292.0000,32.4734,26.7137,1.6128,6.1683,75.1350,2.2439
03/10/2009 00:00:00,2.2957,0.3831,16.3545,1.0000,0.0000,7.5956,292.1723,40.5267,0.8282,8.8094,0.4615,1000.0000,292.0000,31.9818,27.9001,1.8029,6.6534,75.8213,2.3106
04/10/2009 00:00:00,1.6168,0.3931,16.9287,1.0000,0.0000,7.7602,294.1543,35.7152,0.7878,8.0019,0.3459,1000.0000,292.0000,30.1067,25.6830,1.8498,7.1385,73.1041,2.2303
05/10/2009 00:00:00,1.5069,0.4030,17.5029,1.0000,0.0000,7.9248,296.1363,30.9037,0.7308,7.0784,0.2538,1000.0000,292.0000,27.6440,21.8003,1.8610,7.6237,68.7214,2.1402
06/10/2009 00:00:00,1.3732,0.4130,18.0770,1.0000,0.0000,7.6860,298.1183,26.0922,0.6640,6.1221,0.1771,1000.0000,292.0000,24.8601,16.8254,1.8128,8.1088,63.2464,2.0077
07/10/2009 00:00:00,1.3120,0.4186,18.1783,1.0000,0.0000,7.1078,294.0092,27.0097,0.6596,5.7789,0.1633,975.7137,287.1427,24.3597,15.9148,1.8114,8.5939,61.7086,1.9910
08/10/2009 00:00:00,1.2606,0.4214,18.0584,1.0000,0.0000,6.5296,287.0508,30.6164,0.6702,5.5677,0.1703,940.0278,280.0056,24.3707,15.5569,1.7961,9.0791,60.6640,1.9834
09/10/2009 00:00:00,1.1993,0.4242,17.9385,1.0000,0.0000,5.9514,280.0924,34.2231,0.6779,5.3287,0.1764,904.3418,272.8684,24.2730,14.9139,1.7637,9.5642,59.3343,1.9577
10/10/2009 00:00:00,1.1481,0.4270,17.8186,1.0000,0.0000,5.3732,273.1340,37.8298,0.6911,5.1286,0.1845,868.6558,265.7312,24.3694,14.7265,1.7436,10.0493,58.4601,1.9465
11/10/2009 00:00:00,1.2973,0.4299,17.6987,1.0000,0.0000,4.7950,266.1756,41.4365,0.7360,5.1412,0.1968,832.9699,258.5940,25.5508,17.0636,1.7522,10.5344,60.1105,1.9686
12/10/2009 00:00:00,1.0932,0.4327,17.5788,1.0000,0.0000,4.2168,259.2172,45.0432,0.7350,4.8194,0.2068,797.2839,251.4568,25.1254,15.5648,1.7286,11.0196,57.9249,1.9560
13/10/2009 00:00:00,1.0547,0.4355,17.4589,1.0000,0.0000,4.0000,252.2588,48.6499,0.7627,4.6786,0.2211,761.5979,244.3196,25.6717,16.2791,1.7270,11.5047,57.9525,1.9702
14/10/2009 00:00:00,1.0053,0.4401,17.6658,1.0000,0.0000,4.0000,247.7108,48.7936,0.7755,4.4330,0.2341,741.9723,240.3945,25.4378,16.9166,1.6963,11.9898,57.5592,1.9537
15/10/2009 00:00:00,0.9512,0.4459,18.0297,1.0000,0.0000,4.0000,244.3212,47.2699,0.7814,4.1449,0.2457,730.0793,238.0159,24.8485,17.5877,1.6611,12.4749,57.0340,1.9313
16/10/2009 00:00:00,0.8701,0.4516,18.3936,1.0000,0.0000,4.0000,240.9317,45.7463,0.7790,3.8153,0.2514,718.1863,235.6373,24.0002,17.6571,1.5980,12.9601,55.9069,1.8745
17/10/2009 00:00:00,0.7589,0.4573,18.7576,1.0000,0.0000,4.0000,237.5422,44.2226,0.7666,3.4467,0.2508,706.2934,233.2587,22.8679,17.0380,1.5088,13.4452,54.0914,1.7847
18/10/2009 00:00:00,0.7003,0.4631,19.1215,1.0000,0.0000,4.0000,234.1526,42.6990,0.7702,3.1579,0.2587,694.4004,230.8801,22.2331,17.5751,1.4803,13.9303,53.4322,1.7649
19/10/2009 00:00:00,0.6784,0.4688,19.4854,1.0000,0.0000,4.0000,230.7631,41.1753,0.7866,2.9174,0.2711,682.5074,228.5015,21.9573,18.9861,1.4821,14.4154,53.6468,1.7803
20/10/2009 00:00:00,0.6570,0.4746,19.8494,1.0000,0.0000,4.0000,227.3736,39.6517,0.8026,2.6669,0.2826,670.6145,226.1229,21.6497,20.3449,1.4821,14.9006,53.8092,1.7929
21/10/2009 00:00:00,0.6349,0.5283,19.9901,1.0000,0.0000,4.0000,226.5787,38.7378,0.8295,2.4399,0.3062,658.7026,223.7405,21.7082,21.5411,1.4683,15.3857,53.9442,1.8051
22/10/2009 00:00:00,0.6139,0.6136,20.0201,1.0000,0.0000,4.0000,227.0705,38.1269,0.8633,2.2144,0.3376,646.7812,221.3562,21.9632,22.6564,1.4443,15.8708,54.0656,1.8157
23/10/2009 00:00:00,0.5855,0.6989,20.0502,1.0000,0.0000,4.0000,227.5622,37.5160,0.8971,1.9675,0.3705,634.8599,218.9720,22.1753,23.6316,1.4132,16.3560,54.0468,1.8208
24/10/2009 00:00:00,0.5410,0.7842,20.0802,1.0000,0.0000,4.0000,228.0539,36.9050,0.9266,1.6921,0.4026,622.9386,216.5877,22.2452,24.2280,1.3673,16.8411,53.6492,1.8101
25/10/2009 00:00:00,0.5885,0.8695,20.1102,1.0000,0.0000,4.0000,228.5456,36.2941,0.9934,1.4537,0.4590,611.0173,214.2035,23.1490,26.7825,1.3856,17.3262,55.2098,1.8905
26/10/2009 00:00:00,0.5199,0.9548,20.1403,1.0000,0.0000,4.0000,229.0374,35.6832,1.0205,1.1279,0.4893,599.0960,211.8192,23.0709,26.9429,1.3090,17.8113,54.3762,1.8472
27/10/2009 00:00:00,1.0256,1.0401,20.1703,1.0000,0.0000,5.3052,229.5291,35.0723,1.1741,0.8822,0.5903,587.1746,209.4349,25.7375,33.4636,1.3941,16.6037,59.9029,2.0434
28/10/2009 00:00:00,0.5905,1.0210,19.9614,1.0000,0.0000,7.7398,227.2692,36.3211,1.1033,0.7284,0.5508,591.3933,210.2787,24.2510,29.8628,1.3850,14.3189,56.4286,1.9909
29/10/2009 00:00:00,1.6038,0.9358,19.6389,1.0000,0.0000,10.1744,223.7016,38.4540,1.2879,0.8916,0.5612,603.2851,212.6570,28.8354,40.2470,1.6230,12.0341,67.4720,2.2403
30/10/2009 00:00:00,0.7101,0.8506,19.3164,1.0000,0.0000,12.6090,220.1340,40.5869,1.0753,0.7786,0.4781,615.1769,215.0354,24.5095,29.7703,1.5705,9.7493,57.6545,2.0964
31/10/2009 00:00:00,0.6565,0.7654,18.9939,1.0000,0.0000,15.0437,216.5664,42.7198,1.0390,0.7849,0.4252,627.0687,217.4137,24.0978,28.4283,1.5706,7.4645,56.9716,2.0383
01/11/2009 00:00:00,0.5789,0.6803,18.6713,1.0000,0.0000,17.4783,212.9989,44.8527,0.9913,0.7795,0.3691,638.9605,219.7921,23.3813,26.3399,1.5206,5.1797,55.5424,1.9266
02/11/2009 00:00:00,0.5168,0.5951,18.3488,1.0000,0.0000,19.9129,209.4313,46.9856,0.9532,0.7787,0.3287,650.8522,222.1704,22.8549,24.6776,1.5002,2.8949,54.5392,1.8618
03/11/2009 00:00:00,0.4650,0.5099,18.0263,1.0000,0.0000,19.7249,205.8637,49.1185,0.9211,0.7803,0.2980,662.7440,224.5488,22.4386,23.2575,1.4983,2.0871,53.7782,1.8261
04/11/2009 00:00:00,0.4199,0.4787,18.3642,1.0000,0.0000,17.4212,203.3382,50.5048,0.9185,0.7949,0.3141,650.6793,222.1359,22.1371,22.9032,1.4687,2.2302,53.3170,1.8143
05/11/2009 00:00:00,0.3907,0.4834,19.0270,1.0000,0.0000,15.1174,201.3253,51.5236,0.9327,0.8187,0.3539,626.8224,217.3645,21.9437,23.2080,1.4202,2.3733,53.1379,1.8095
06/11/2009 00:00:00,0.4462,0.4881,19.6897,1.0000,0.0000,12.8136,199.3124,52.5424,1.0015,0.8913,0.4267,602.9655,212.5931,22.9947,26.5490,1.4701,2.5164,55.9949,1.9394
07/11/2009 00:00:00,0.3888,0.4928,20.3525,1.0000,0.0000,10.5098,197.2995,53.5612,0.9955,0.8981,0.4628,579.1087,207.8217,22.3003,25.6560,1.3667,2.6595,54.6179,1.8758
08/11/2009 00:00:00,0.3916,0.4975,21.0152,1.0000,0.0000,8.2061,195.2866,54.5800,1.0254,0.9373,0.5263,555.2518,203.0504,22.4017,26.7159,1.3274,2.8026,55.1939,1.9064
09/11/2009 00:00:00,0.3606,0.5021,21.6780,1.0000,0.0000,5.9023,193.2736,55.5988,1.0319,0.9554,0.5782,531.3950,198.2790,21.9792,26.4932,1.2384,2.9457,54.4872,1.8744
10/11/2009 00:00:00,0.3490,0.5068,22.3407,1.0000,0.0000,5.2579,191.2607,56.6176,1.0520,0.9863,0.6458,507.5381,193.5076,21.8379,26.9726,1.1650,3.2650,54.4826,1.8754
11/11/2009 00:00:00,0.3363,0.5085,22.5783,1.0000,0.0000,5.6819,190.3198,58.3294,1.0328,0.9533,0.6589,516.2735,195.2547,22.0500,26.4570,1.1486,3.6919,54.3930,1.8734
12/11/2009 00:00:00,0.4674,0.5085,22.6197,1.0000,0.0000,6.1059,189.8737,60.3613,0.9930,0.8895,0.6350,540.0641,200.0128,22.3396,25.3038,1.1409,4.1188,54.0861,1.8394
13/11/2009 00:00:00,0.9689,0.5084,22.6611,1.0000,0.0000,6.5299,189.4276,62.3933,1.0742,0.9320,0.6847,563.8547,204.7709,25.4429,30.8855,1.2642,4.5457,60.5140,2.0174
14/11/2009 00:00:00,0.3569,0.5083,22.7025,1.0000,0.0000,6.9539,188.9815,64.4252,0.9791,0.8209,0.6645,587.6454,209.5291,24.3944,26.5722,1.2582,4.9725,57.0470,1.9891
15/11/2009 00:00:00,0.3461,0.5082,22.7439,1.0000,0.0000,7.3779,188.5354,66.4572,0.9477,0.7659,0.6565,611.4360,214.2872,24.8197,25.7923,1.2720,5.3994,57.1134,1.9941
16/11/2009 00:00:00,0.3304,0.5082,22.7853,1.0000,0.0000,7.8018,188.0893,68.4891,0.9045,0.7025,0.6392,635.2267,219.0453,24.8836,24.2191,1.2651,5.8263,56.3864,1.9682
17/11/2009 00:00:00,0.3107,0.5081,22.8267,1.0000,0.0000,7.7713,187.6433,70.5211,0.8684,0.6462,0.6252,659.0173,223.8035,25.0830,22.9954,1.2621,5.5744,56.0090,1.9498
18/11/2009 00:00:00,2.0298,0.4886,22.8061,1.0000,0.0000,7.3418,190.2277,71.1744,1.1180,0.8334,0.7698,658.5896,223.7179,33.0789,40.3196,1.6285,4.8567,73.4556,2.4752
19/11/2009 00:00:00,7.4188,0.4571,22.7561,1.0000,0.0000,6.9124,194.2458,71.1744,1.4055,1.0737,0.9274,646.6849,221.3370,42.1282,60.5025,2.0963,4.1390,93.4180,3.1164
20/11/2009 00:00:00,2.5157,0.4255,22.7061,1.0000,0.0000,6.4830,198.2639,71.1744,1.0425,0.8164,0.7284,634.7801,218.9560,31.6660,37.4226,1.7744,3.4213,70.1175,2.5756
21/11/2009 00:00:00,1.4514,0.3940,22.6560,1.0000,0.0000,6.0536,202.2819,71.1744,0.9618,0.7724,0.6321,622.8753,216.5751,29.6157,33.0075,1.6770,2.7035,65.4818,2.3723
22/11/2009 00:00:00,1.1742,0.3625,22.6060,1.0000,0.0000,5.6242,206.3000,71.1744,0.8747,0.7207,0.5230,610.9706,214.1941,27.3137,28.0487,1.5318,1.9858,60.3025,2.1072
23/11/2009 00:00:00,0.9749,0.3309,22.5560,1.0000,0.0000,5.1947,210.3181,71.1744,0.8102,0.6851,0.4380,599.0658,211.8132,25.6657,24.5456,1.4407,1.2681,56.5789,1.9225
24/11/2009 00:00:00,0.8048,0.2994,22.5060,1.0000,0.0000,4.8441,214.3362,71.1744,0.7508,0.6519,0.3576,587.1610,209.4322,24.1390,21.3195,1.3528,1.0893,53.1322,1.7462
25/11/2009 00:00:00,0.6682,0.2961,22.4745,1.0000,0.0000,4.5588,214.2290,70.1393,0.7130,0.6311,0.3357,575.2539,207.0508,22.9935,18.7501,1.2385,1.2318,50.2106,1.6078
26/11/2009 00:00:00,0.5862,0.3102,22.4516,1.0000,0.0000,4.2736,212.1737,68.6137,0.7041,0.6333,0.3532,563.3456,204.6691,22.6449,17.8465,1.1740,1.3744,48.8925,1.5625
27/11/2009 00:00:00,0.5299,0.3243,22.4287,1.0000,0.0000,3.9883,210.1184,67.0880,0.7074,0.6465,0.3776,551.4373,202.2875,22.6887,17.7817,1.1391,1.5169,48.4131,1.5544
28/11/2009 00:00:00,0.4809,0.3383,22.4058,1.0000,0.0000,3.7031,208.0631,65.5624,0.7131,0.6623,0.4024,539.5290,199.9058,22.8061,17.8532,1.1090,1.6595,48.0700,1.5516
29/11/2009 00:00:00,0.4328,0.3524,22.3830,1.0000,0.0000,3.4178,206.0079,64.0368,0.7180,0.6778,0.4258,527.6207,197.5241,22.8969,17.8461,1.0781,1.8020,47.6483,1.5465
30/11/2009 00:00:00,0.3920,0.3665,22.3601,1.0000,0.0000,3.1325,203.9526,62.5112,0.7259,0.6966,0.4505,515.7123,195.1425,23.0809,18.0073,1.0529,1.9446,47.3949,1.5485
01/12/2009 00:00:00,0.3618,0.3806,22.3372,1.0000,0.0000,3.6131,201.8973,60.9856,0.7415,0.7234,0.4804,503.8040,192.7608,23.5032,18.6218,1.0406,2.0874,47.5949,1.5690
02/12/2009 00:00:00,0.3334,0.3903,22.2293,1.0000,0.0000,4.7583,200.4249,60.8441,0.7302,0.7243,0.5627,500.0000,192.0000,23.3129,18.9328,0.9668,2.2303,47.7692,1.5858
03/12/2009 00:00:00,0.2991,0.3973,22.0822,1.0000,0.0000,5.9034,199.2204,61.3524,0.7070,0.7131,0.6718,500.0000,192.0000,22.8453,19.0972,0.8644,2.3733,47.9274,1.6035
04/12/2009 00:00:00,0.2724,0.4044,21.9352,1.0000,0.0000,7.0485,198.0159,61.8607,0.6798,0.6973,0.7721,500.0000,192.0000,22.2346,18.9086,0.7499,2.5162,47.7324,1.5992
05/12/2009 00:00:00,0.2469,0.4114,21.7882,1.0000,0.0000,8.1936,196.8114,62.3690,0.6425,0.6703,0.8519,500.0000,192.0000,21.2773,17.8995,0.6225,2.6592,46.7171,1.5595
06/12/2009 00:00:00,0.2250,0.4184,21.6411,1.0000,0.0000,9.3388,195.6069,62.8773,0.6071,0.6443,0.9279,500.0000,192.0000,20.3574,16.8808,0.5022,2.8021,45.6921,1.5229
07/12/2009 00:00:00,0.2124,0.4254,21.4941,1.0000,0.0000,10.4839,194.4024,63.3856,0.5835,0.6301,1.0203,500.0000,192.0000,19.8189,16.6468,0.3958,2.9451,45.4518,1.5182
08/12/2009 00:00:00,0.1956,0.4324,21.3470,1.0000,0.0000,10.6054,193.1979,63.8939,0.5532,0.6078,1.0945,500.0000,192.0000,19.0320,15.7784,0.2862,3.0000,44.5772,1.4902
09/12/2009 00:00:00,0.1853,0.4389,21.6146,1.0000,0.0000,9.8869,191.2345,63.3666,0.5426,0.6025,0.9998,500.0000,192.0000,18.6347,15.8267,0.3903,3.0000,44.4168,1.4901
10/12/2009 00:00:00,0.1711,0.4451,22.0773,1.0000,0.0000,9.1685,188.9139,62.3501,0.5288,0.5913,0.8221,500.0000,192.0000,18.0019,15.3155,0.5595,3.0000,43.6015,1.4638
11/12/2009 00:00:00,0.1643,0.4513,22.5400,1.0000,0.0000,8.4501,186.5933,61.3336,0.5263,0.5927,0.6862,500.0000,192.0000,17.7563,15.7244,0.7184,3.0000,43.7063,1.4732
12/12/2009 00:00:00,0.1560,0.4575,23.0027,1.0000,0.0000,7.7317,184.2728,60.3172,0.5201,0.5898,0.5601,500.0000,192.0000,17.3869,15.8204,0.8537,3.0000,43.4981,1.4698
13/12/2009 00:00:00,0.1420,0.4637,23.4654,1.0000,0.0000,7.0133,181.9522,59.3007,0.5022,0.5736,0.4366,500.0000,192.0000,16.6352,14.9307,0.9483,3.0000,42.3043,1.4285
14/12/2009 00:00:00,0.1324,0.4698,23.9281,1.0000,0.0000,6.2949,179.6316,58.2842,0.4921,0.5660,0.3364,500.0000,192.0000,16.1493,14.6819,1.0432,3.0000,41.7513,1.4132
15/12/2009 00:00:00,0.1258,0.4760,24.3908,1.0000,0.0000,5.8327,177.3110,57.2677,0.4876,0.5648,0.2510,500.0000,192.0000,15.8502,14.8992,1.1408,3.0869,41.6645,1.4169
16/12/2009 00:00:00,0.1220,0.4801,24.6601,1.0000,0.0000,5.5489,177.2892,56.5949,0.4916,0.5734,0.2320,500.0000,192.0000,16.2687,14.8012,1.1777,3.2300,41.9537,1.4329
17/12/2009 00:00:00,0.1206,0.4828,24.8375,1.0000,0.0000,5.2651,178.3618,56.0860,0.5011,0.5886,0.2431,500.0000,192.0000,17.0935,14.6684,1.1904,3.3730,42.5379,1.4578
18/12/2009 00:00:00,0.1126,0.4855,25.0148,1.0000,0.0000,4.9813,179.4344,55.5770,0.4965,0.5874,0.2475,500.0000,192.0000,17.4460,13.3375,1.1669,3.5160,41.9239,1.4391
19/12/2009 00:00:00,0.1055,0.4882,25.1922,1.0000,0.0000,4.6975,180.5071,55.0681,0.4926,0.5869,0.2525,500.0000,192.0000,17.8179,12.0702,1.1446,3.6591,41.3735,1.4224
20/12/2009 00:00:00,0.1030,0.4909,25.3695,1.0000,0.0000,4.4137,181.5797,54.5591,0.4974,0.5967,0.2624,500.0000,192.0000,18.5059,11.5265,1.1423,3.8021,41.5468,1.4309
21/12/2009 00:00:00,0.0990,0.4936,25.5469,1.0000,0.0000,4.1299,182.6524,54.0502,0.5012,0.6054,0.2730,500.0000,192.0000,19.1671,10.8915,1.1389,3.9452,41.6287,1.4393
22/12/2009 00:00:00,0.0894,0.4963,25.7242,1.0000,0.0000,3.9319,183.7250,53.5412,0.4882,0.5939,0.2741,500.0000,192.0000,19.1816,8.8699,1.0936,3.9227,40.3240,1.3951
23/12/2009 00:00:00,0.0841,0.5021,25.6413,1.0000,0.0000,3.8063,183.3401,53.0764,0.4859,0.5952,0.2996,500.0000,192.0000,18.8936,8.7886,1.0518,3.7974,39.8591,1.3814
24/12/2009 00:00:00,0.0814,0.5098,25.4389,1.0000,0.0000,3.6807,182.2861,52.6318,0.4914,0.6061,0.3382,500.0000,192.0000,18.5772,9.8315,1.0190,3.6721,40.0116,1.3910
25/12/2009 00:00:00,0.0792,0.5175,25.2366,1.0000,0.0000,3.5550,181.2321,52.1872,0.4976,0.6180,0.3773,500.0000,192.0000,18.2724,10.9242,0.9874,3.5468,40.2139,1.4025
26/12/2009 00:00:00,0.0780,0.5252,25.0342,1.0000,0.0000,3.4294,180.1781,51.7427,0.5063,0.6331,0.4183,500.0000,192.0000,18.0394,12.2061,0.9599,3.4215,40.6054,1.4201
27/12/2009 00:00:00,0.0732,0.5328,24.8318,1.0000,0.0000,3.3038,179.1241,51.2981,0.5044,0.6351,0.4501,500.0000,192.0000,17.4189,12.6335,0.9123,3.2961,40.1423,1.4074
28/12/2009 00:00:00,0.0681,0.5405,24.6295,1.0000,0.0000,3.1782,178.0701,50.8535,0.4999,0.6338,0.4776,500.0000,192.0000,16.7128,12.8567,0.8604,3.1708,39.4751,1.3857
29/12/2009 00:00:00,0.0648,0.5482,24.4271,1.0000,0.0000,3.0526,177.0161,50.4090,0.5009,0.6395,0.5097,500.0000,192.0000,16.1922,13.5165,0.8201,3.0455,39.2445,1.3809
30/12/2009 00:00:00,0.0654,0.5559,24.2247,1.0000,0.0000,3.8662,175.9621,49.9644,0.5032,0.6469,0.5443,500.0000,192.0000,15.7059,14.2721,0.7851,3.2107,39.1096,1.3838
31/12/2009 00:00:00,0.0613,0.5716,24.0886,1.0000,0.0000,5.3563,176.2628,49.0154,0.5044,0.6529,0.5689,500.0000,192.0000,16.2538,14.0009,0.7727,3.5415,39.5261,1.3985
01/01/2010 00:00:00,0.0614,0.5925,23.9835,1.0000,0.0000,6.8465,177.2005,47.8289,0.5047,0.6579,0.5928,500.0000,192.0000,17.2885,13.2296,0.7744,3.8723,40.1856,1.4265
02/01/2010 00:00:00,0.0597,0.6134,23.8785,1.0000,0.0000,8.3367,178.1381,46.6424,0.4981,0.6536,0.6088,500.0000,192.0000,18.0751,11.8938,0.7635,4.2031,40.2806,1.4331
03/01/2010 00:00:00,0.0542,0.6343,23.7735,1.0000,0.0000,9.8268,179.0758,45.4559,0.4749,0.6274,0.6019,500.0000,192.0000,18.2059,9.1860,0.7235,4.5339,39.0036,1.3856
04/01/2010 00:00:00,0.0481,0.6552,23.6685,1.0000,0.0000,11.3170,180.0135,44.2693,0.4454,0.5925,0.5836,500.0000,192.0000,17.9932,5.8993,0.6711,4.8647,37.1476,1.3131
05/01/2010 00:00:00,0.0442,0.6760,23.5635,1.0000,0.0000,11.4541,180.9512,43.0828,0.4248,0.5690,0.5765,500.0000,192.0000,18.0433,3.2974,0.6329,4.9155,35.9765,1.2670
06/01/2010 00:00:00,0.0416,0.6978,23.3822,1.0000,0.0000,10.4462,180.7637,43.3968,0.4167,0.5620,0.5695,500.0000,192.0000,17.9713,2.1575,0.6113,4.7724,35.2245,1.2378
07/01/2010 00:00:00,0.0425,0.7202,23.1652,1.0000,0.0000,9.4383,180.0500,44.4127,0.4344,0.5899,0.5950,500.0000,192.0000,18.7251,3.3845,0.6321,4.6294,36.3514,1.2865
08/01/2010 00:00:00,0.0431,0.7426,22.9482,1.0000,0.0000,8.4304,179.3362,45.4287,0.4498,0.6149,0.6163,500.0000,192.0000,19.3796,4.3898,0.6479,4.4863,37.2567,1.3258
09/01/2010 00:00:00,0.0414,0.7649,22.7312,1.0000,0.0000,7.4225,178.6225,46.4447,0.4511,0.6208,0.6148,500.0000,192.0000,19.4252,4.2091,0.6397,4.3433,36.9759,1.3159
10/01/2010 00:00:00,0.0410,0.7873,22.5143,1.0000,0.0000,6.4146,177.9087,47.4606,0.4602,0.6377,0.6255,500.0000,192.0000,19.8091,4.6617,0.6442,4.2003,37.3284,1.3323
11/01/2010 00:00:00,0.0407,0.8096,22.2973,1.0000,0.0000,5.4067,177.1950,48.4766,0.4694,0.6549,0.6360,500.0000,192.0000,20.1963,5.1032,0.6483,4.0572,37.6699,1.3479
12/01/2010 00:00:00,0.0401,0.8320,22.0803,1.0000,0.0000,5.1695,176.4812,49.4926,0.4763,0.6691,0.6426,500.0000,192.0000,20.4858,5.3470,0.6485,4.0861,37.8135,1.3553
13/01/2010 00:00:00,0.0393,0.8386,22.4532,1.0000,0.0000,5.4537,174.8921,49.8221,0.5093,0.6734,0.6241,491.9544,190.3909,20.1915,5.9226,0.6750,4.2295,37.9249,1.3615
14/01/2010 00:00:00,0.0366,0.8352,23.1089,1.0000,0.0000,5.7378,172.8834,49.8221,0.5392,0.6543,0.5746,480.0473,188.0095,19.0832,5.6180,0.6923,4.3729,36.9812,1.3243
15/01/2010 00:00:00,0.0342,0.8317,23.7645,1.0000,0.0000,6.0220,170.8747,49.8221,0.5661,0.6353,0.5263,468.1402,185.6280,18.0085,5.3018,0.7074,4.5164,36.0259,1.2863
16/01/2010 00:00:00,0.0326,0.8282,24.4201,1.0000,0.0000,6.3062,168.8660,49.8221,0.5968,0.6231,0.4858,456.2330,183.2466,17.1588,5.3698,0.7297,4.6598,35.4549,1.2641
17/01/2010 00:00:00,0.0292,0.8248,25.0758,1.0000,0.0000,6.5903,166.8573,49.8221,0.6004,0.5864,0.4251,444.3259,180.8652,15.6788,4.0359,0.7157,4.8033,33.4819,1.1833
18/01/2010 00:00:00,0.0267,0.8213,25.7314,1.0000,0.0000,6.8745,164.8486,49.8221,0.6085,0.5585,0.3749,432.4188,178.4838,14.4867,3.1855,0.7098,4.9467,31.9925,1.1222
19/01/2010 00:00:00,0.0242,0.8179,26.3870,1.0000,0.0000,6.7600,162.8399,49.8221,0.6077,0.5263,0.3240,420.5117,176.1023,13.2354,2.0795,0.6934,5.0896,30.2475,1.0498
20/01/2010 00:00:00,0.0248,0.8053,26.5148,1.0000,0.0000,6.3301,162.5830,51.0261,0.6468,0.5462,0.3329,423.7153,176.7431,13.6576,3.1888,0.7315,5.2321,31.3464,1.0978
21/01/2010 00:00:00,0.0246,0.7863,26.3886,1.0000,0.0000,5.9002,163.1688,52.8044,0.6643,0.5551,0.3428,434.1257,178.8251,13.9692,3.2914,0.7385,5.3746,31.7384,1.1156
22/01/2010 00:00:00,0.0249,0.7673,26.2624,1.0000,0.0000,5.4703,163.7545,54.5827,0.6893,0.5700,0.3571,444.5360,180.9072,14.4363,3.7358,0.7549,5.5171,32.4723,1.1478
23/01/2010 00:00:00,0.0250,0.7483,26.1361,1.0000,0.0000,5.0404,164.3403,56.3609,0.7113,0.5821,0.3692,454.9464,182.9893,14.8372,4.0185,0.7668,5.6596,33.0444,1.1730
24/01/2010 00:00:00,0.1622,0.7293,26.0099,1.0000,0.0000,4.6105,164.9260,58.1392,1.0074,0.8161,0.5842,465.3567,185.0713,20.9329,16.8491,1.1930,5.8022,46.1646,1.8356
25/01/2010 00:00:00,0.0240,0.7103,25.8837,1.0000,0.0000,4.1806,165.5118,59.9175,0.7302,0.5857,0.3775,475.7670,187.1534,15.1155,3.4075,0.7587,5.9447,33.0124,1.1739
26/01/2010 00:00:00,0.0248,0.6913,25.7575,1.0000,0.0000,4.0000,166.0976,61.6958,0.7639,0.6068,0.3960,486.1774,189.2355,15.7560,4.1871,0.7841,5.5634,34.0814,1.2197
27/01/2010 00:00:00,0.0234,0.6723,25.6313,1.0000,0.0000,4.0000,166.6833,63.4741,0.7575,0.5960,0.3901,496.5877,191.3175,15.5674,3.1701,0.7613,4.8499,33.3539,1.1904
28/01/2010 00:00:00,0.0226,0.6742,25.4237,1.0000,0.0000,4.0000,167.4016,64.0569,0.7590,0.5983,0.4183,490.6463,190.1293,15.5295,2.9113,0.7178,4.1363,33.0288,1.1779
29/01/2010 00:00:00,0.0204,0.6905,25.1766,1.0000,0.0000,4.0000,168.1842,64.0569,0.7272,0.5776,0.4377,476.7316,187.3463,14.8091,1.4166,0.6248,3.4227,31.2942,1.1062
30/01/2010 00:00:00,0.0195,0.7067,24.9295,1.0000,0.0000,4.0000,168.9669,64.0569,0.7221,0.5779,0.4740,462.8169,184.5634,14.6345,1.0841,0.5618,2.7091,30.7217,1.0832
31/01/2010 00:00:00,0.0188,0.7230,24.6824,1.0000,0.0000,4.0000,169.7496,64.0569,0.7214,0.5818,0.5138,448.9023,181.7805,14.5504,0.9415,0.5028,1.9955,30.3392,1.0680
01/02/2010 00:00:00,0.0194,0.7392,24.4353,1.0000,0.0000,4.0000,170.5322,64.0569,0.7560,0.6143,0.5866,434.9876,178.9975,15.1735,2.2621,0.4695,1.2820,31.4200,1.1147
02/02/2010 00:00:00,0.0186,0.7555,24.1882,1.0000,0.0000,4.0798,171.3149,64.0569,0.7545,0.6178,0.6286,421.0730,176.2146,15.0672,2.0610,0.4055,1.8642,30.9790,1.0970
03/02/2010 00:00:00,0.0183,0.7681,24.2516,1.0000,0.0000,4.2231,171.8983,62.6667,0.7533,0.6215,0.6251,424.8056,176.9611,15.1410,2.0112,0.4110,3.2929,30.9917,1.0986
04/02/2010 00:00:00,0.0178,0.7785,24.4588,1.0000,0.0000,4.3664,172.3894,60.6321,0.7439,0.6185,0.5914,436.7163,179.3433,15.1280,1.6842,0.4437,4.7216,30.8675,1.0943
05/02/2010 00:00:00,0.0183,0.7888,24.6660,1.0000,0.0000,4.5097,172.8806,58.5975,0.7589,0.6357,0.5792,448.6270,181.7254,15.6126,2.3708,0.4956,6.1503,31.7570,1.1327
06/02/2010 00:00:00,0.0187,0.7992,24.8732,1.0000,0.0000,4.6529,173.3718,56.5630,0.7720,0.6517,0.5625,460.5376,184.1075,16.0674,2.9925,0.5493,7.5790,32.5815,1.1680
07/02/2010 00:00:00,0.0626,0.8095,25.0804,1.0000,0.0000,4.7962,173.8629,54.5284,0.9117,0.7755,0.6489,472.4483,186.4897,19.1962,9.0156,0.7242,9.0077,38.8074,1.4380
08/02/2010 00:00:00,0.0210,0.8199,25.2876,1.0000,0.0000,4.9395,174.3541,52.4938,0.8246,0.7068,0.5408,484.3590,188.8718,17.5631,5.4046,0.6918,10.4365,35.3992,1.2867
09/02/2010 00:00:00,0.0200,0.8302,25.4947,1.0000,0.0000,4.9179,174.8453,50.4593,0.8035,0.6940,0.4907,496.2696,191.2539,17.3113,4.5906,0.7225,10.2206,34.7880,1.2622
10/02/2010 00:00:00,0.0262,0.8303,25.5747,1.0000,0.0000,4.7758,174.2350,49.8221,0.7330,0.6379,0.4592,491.8205,190.3641,16.2522,1.5877,0.6773,8.9335,32.4787,1.1825
11/02/2010 00:00:00,0.0216,0.8234,25.5961,1.0000,0.0000,4.6337,173.1182,49.8221,0.8014,0.7028,0.5375,479.9110,187.9822,18.4194,4.7655,0.7453,7.6463,36.5739,1.3365
12/02/2010 00:00:00,0.0215,0.8165,25.6176,1.0000,0.0000,4.4916,172.0014,49.8221,0.7838,0.6926,0.5601,468.0015,185.6003,18.6534,4.0886,0.7312,6.3592,36.8143,1.3473
13/02/2010 00:00:00,0.0199,0.8097,25.6390,1.0000,0.0000,4.3495,170.8846,49.8221,0.7418,0.6605,0.5613,456.0920,183.2184,18.2642,2.1966,0.6909,5.0721,35.8397,1.3084
14/02/2010 00:00:00,0.0190,0.8028,25.6605,1.0000,0.0000,4.2073,169.7677,49.8221,0.7103,0.6373,0.5686,444.1825,180.8365,18.0796,0.7240,0.6608,3.7850,35.2845,1.2863
15/02/2010 00:00:00,0.0181,0.7960,25.6819,1.0000,0.0000,4.0652,168.6509,49.8221,0.6798,0.6147,0.5744,432.2731,178.4546,17.8732,0.0000,0.6311,2.4979,34.7017,1.2630
16/02/2010 00:00:00,0.0174,0.7891,25.7033,1.0000,0.0000,4.2320,167.5341,49.8221,0.6535,0.5954,0.5821,420.3636,176.0727,17.7320,0.0000,0.6051,2.0874,34.2587,1.2454
17/02/2010 00:00:00,0.0172,0.7948,25.6264,1.0000,0.0000,4.6609,166.4193,48.7723,0.6494,0.6153,0.5915,424.8605,176.9721,17.7719,0.0000,0.5974,2.2298,34.3018,1.2480
18/02/2010 00:00:00,0.0170,0.8085,25.5052,1.0000,0.0000,5.0899,165.3055,47.2500,0.6503,0.6487,0.5967,436.7429,179.3486,17.7651,0.0000,0.5926,2.3723,34.3131,1.2490
19/02/2010 00:00:00,0.0167,0.8222,25.3840,1.0000,0.0000,5.5188,164.1916,45.7277,0.6504,0.6816,0.6011,448.6253,181.7251,17.7365,0.0000,0.5873,2.5147,34.2827,1.2486
20/02/2010 00:00:00,0.0170,0.8359,25.2629,1.0000,0.0000,5.9477,163.0777,44.2054,0.6625,0.7280,0.6179,460.5076,184.1015,18.0336,0.0000,0.5943,2.6572,34.8825,1.2739
21/02/2010 00:00:00,0.0170,0.8496,25.1417,1.0000,0.0000,6.3766,161.9639,42.6831,0.6673,0.7675,0.6270,472.3900,186.4780,18.1334,0.0000,0.5939,2.7997,35.1014,1.2836
22/02/2010 00:00:00,0.0160,0.8632,25.0205,1.0000,0.0000,6.8055,160.8500,41.1608,0.6542,0.7863,0.6167,484.2724,188.8545,17.7437,0.0000,0.5757,2.9421,34.3729,1.2541
23/02/2010 00:00:00,0.0156,0.8769,24.8993,1.0000,0.0000,7.0683,159.7361,39.6385,0.6485,0.8134,0.6142,496.1547,191.2309,17.5591,0.0000,0.5653,6.6396,34.0409,1.2409
24/02/2010 00:00:00,0.0137,0.8844,24.9894,1.0000,0.0000,7.1933,159.3486,37.3387,0.6685,0.7958,0.5534,485.8939,189.1788,16.3433,0.0000,0.5534,12.7694,32.1306,1.1622
25/02/2010 00:00:00,0.0123,0.8875,25.1809,1.0000,0.0000,7.3183,159.3095,34.6669,0.7102,0.7767,0.4865,465.0388,185.0078,15.1418,0.0000,0.5545,18.8991,30.3866,1.0896
26/02/2010 00:00:00,0.0111,0.8907,25.3723,1.0000,0.0000,7.4434,159.2704,31.9951,0.7376,0.7498,0.4231,444.1838,180.8368,13.8886,0.0000,0.5510,25.0289,28.4581,1.0164
27/02/2010 00:00:00,0.0109,0.8939,25.5638,1.0000,0.0000,7.5684,159.2313,29.3233,0.7602,0.7251,0.3645,423.3287,176.6657,12.7703,0.0000,0.5443,31.1587,26.7244,0.9452
28/02/2010 00:00:00,0.0088,0.8971,25.7553,1.0000,0.0000,7.6934,159.1921,26.6514,0.7672,0.6917,0.3023,402.4736,172.4947,11.5927,0.0000,0.5205,37.2885,24.7843,0.8530
01/03/2010 00:00:00,0.0084,0.9003,25.9467,1.0000,0.0000,7.8184,159.1530,23.9796,0.8075,0.6924,0.2665,381.6186,168.3237,11.0514,0.0000,0.5329,43.4183,24.1447,0.8261
02/03/2010 00:00:00,0.0086,0.9035,26.1382,1.0000,0.0000,7.9434,159.1139,21.3078,0.8952,0.7339,0.2498,360.7635,164.1527,11.1615,0.0000,0.5856,49.5481,24.9275,0.8604
03/03/2010 00:00:00,0.0089,0.9067,26.3297,1.0000,0.0000,8.8271,159.0748,18.6360,0.9939,0.7824,0.2324,339.9085,159.9817,11.3448,0.0000,0.6473,53.0020,25.9084,0.9030
04/03/2010 00:00:00,0.0093,0.9080,25.8911,1.0000,0.0000,10.3384,161.8095,18.8890,1.0713,0.8390,0.2577,333.3333,158.6667,11.8213,0.0000,0.6661,54.6719,26.9813,0.9496
05/03/2010 00:00:00,0.0093,0.9082,25.1626,1.0000,0.0000,11.8498,165.8210,20.4887,1.0998,0.8696,0.2951,333.3333,158.6667,12.0171,0.0000,0.6314,56.3419,27.1241,0.9560
06/03/2010 00:00:00,0.0097,0.9084,24.4341,1.0000,0.0000,13.3612,169.8324,22.0885,1.1731,0.9360,0.3508,333.3333,158.6667,12.6951,0.0000,0.6222,58.0118,28.3385,1.0081
07/03/2010 00:00:00,0.0100,0.9085,23.7056,1.0000,0.0000,14.8725,173.8438,23.6883,1.2230,0.9843,0.4029,333.3333,158.6667,13.1114,0.0000,0.5911,59.6818,28.9466,1.0343
08/03/2010 00:00:00,0.0100,0.9087,22.9770,1.0000,0.0000,16.3839,177.8553,25.2880,1.2611,1.0235,0.4542,333.3333,158.6667,13.3979,0.0000,0.5482,61.3517,29.2562,1.0479
09/03/2010 00:00:00,0.0096,0.9089,22.2485,1.0000,0.0000,16.1556,181.8667,26.8878,1.2616,1.0321,0.4918,333.3333,158.6667,13.2843,0.0000,0.4835,60.5137,28.6931,1.0245
10/03/2010 00:00:00,0.0091,0.8981,22.2631,1.0000,0.0000,14.7302,181.2259,29.2317,1.2087,1.0277,0.4691,349.5003,161.9001,13.0625,0.0000,0.4823,58.0844,28.0614,0.9982
11/03/2010 00:00:00,0.0086,0.8799,22.6173,1.0000,0.0000,13.3047,178.4588,31.9283,1.1288,1.0123,0.4187,373.3287,166.6657,12.7349,0.0000,0.5050,55.6552,27.2817,0.9656
12/03/2010 00:00:00,0.0081,0.8618,22.9715,1.0000,0.0000,11.8792,175.6917,34.6249,1.0455,0.9893,0.3694,397.1571,171.4314,12.3219,0.0000,0.5190,53.2259,26.3253,0.9253
13/03/2010 00:00:00,0.0081,0.8437,23.3256,1.0000,0.0000,10.4538,172.9246,37.3215,1.0140,1.0127,0.3440,420.9856,176.1971,12.4942,0.0000,0.5602,50.7966,26.6227,0.9386
14/03/2010 00:00:00,0.0122,0.8256,23.6798,1.0000,0.0000,9.0283,170.1576,40.0181,1.0686,1.1272,0.3735,444.8140,180.9628,13.7785,0.0000,0.7026,48.3673,29.2834,1.1135
15/03/2010 00:00:00,0.0100,0.8075,24.0340,1.0000,0.0000,7.6029,167.3905,42.7147,1.0709,1.1937,0.3395,468.6424,185.7285,14.4618,0.0000,0.7366,45.9380,30.6577,1.1100
16/03/2010 00:00:00,0.0094,0.7893,24.3882,1.0000,0.0000,7.1653,164.6234,45.4113,0.9994,1.1781,0.2997,492.4709,190.4942,14.1500,0.0000,0.7500,44.2992,29.9225,1.0797
17/03/2010 00:00:00,0.0092,0.7368,24.3631,1.0000,0.0000,7.4518,162.5278,48.0023,0.8966,1.1548,0.2946,516.2880,195.2576,13.8991,0.0000,0.7466,43.1576,29.6964,1.0706
18/03/2010 00:00:00,0.0093,0.6620,24.1631,1.0000,0.0000,7.7382,160.7419,50.5445,0.7984,1.1469,0.3091,540.0999,200.0200,13.8975,0.0000,0.7500,42.0160,30.1493,1.0900
19/03/2010 00:00:00,0.0098,0.5873,23.9631,1.0000,0.0000,8.0247,158.9561,53.0867,0.7185,1.1608,0.3299,563.9118,204.7824,14.1571,0.0000,0.7695,40.8743,31.1531,1.1325
20/03/2010 00:00:00,0.0109,0.5125,23.7631,1.0000,0.0000,8.3111,157.1702,55.6289,0.6536,1.1998,0.3589,587.7237,209.5447,14.7219,0.0000,0.8074,39.7327,32.8312,1.2022
21/03/2010 00:00:00,0.0105,0.4377,23.5630,1.0000,0.0000,8.5976,155.3843,58.1711,0.5533,1.1687,0.3640,611.5355,214.3071,14.4255,0.0000,0.7922,38.5911,32.5754,1.1925
22/03/2010 00:00:00,0.0224,0.3630,23.3630,1.0000,0.0000,8.8840,153.5984,60.7132,0.4305,1.0637,0.3355,635.3474,219.0695,13.2035,0.0000,0.7082,37.4495,30.1688,1.0772
23/03/2010 00:00:00,7.9447,0.2882,23.1630,1.0000,0.0000,8.9156,151.8125,63.2554,1.1626,3.4342,1.0273,659.1593,223.8319,42.8567,55.8372,2.1086,36.7401,99.0161,3.2387
24/03/2010 00:00:00,0.0613,0.2689,22.9610,1.0000,0.0000,8.7738,155.4701,62.6647,0.4113,1.1952,0.3479,658.5160,223.7032,15.2836,0.0000,0.7259,36.3115,35.4963,1.1086
25/03/2010 00:00:00,0.0208,0.2858,22.7582,1.0000,0.0000,8.6320,161.6308,60.6313,0.5236,1.3422,0.4764,646.6124,221.3225,17.8454,3.4975,1.0353,35.8828,41.5745,1.5594
26/03/2010 00:00:00,0.0204,0.3027,22.5553,1.0000,0.0000,8.4903,167.7914,58.5980,0.5663,1.2603,0.4557,634.7089,218.9418,17.5824,6.2106,1.0383,35.4542,41.1110,1.5395
27/03/2010 00:00:00,0.0210,0.3195,22.3525,1.0000,0.0000,8.3485,173.9521,56.5646,0.6247,1.1821,0.4381,622.8053,216.5611,17.5261,9.4339,1.0559,35.0255,41.1577,1.5378
28/03/2010 00:00:00,0.0205,0.3364,22.1496,1.0000,0.0000,8.2067,180.1127,54.5313,0.6901,1.0789,0.4155,610.9017,214.1803,17.3218,12.3458,1.0710,34.5968,40.8931,1.5280
29/03/2010 00:00:00,0.0199,0.3533,21.9468,1.0000,0.0000,8.0649,186.2734,52.4979,0.7702,0.9542,0.3892,598.9981,211.7996,17.0886,15.2368,1.0894,34.1682,40.6076,1.5175
30/03/2010 00:00:00,0.0186,0.3702,21.7439,1.0000,0.0000,7.7948,192.4340,50.4645,0.8613,0.7912,0.3541,587.0945,209.4189,16.6326,17.6607,1.0998,31.6806,39.8548,1.4893
31/03/2010 00:00:00,0.0183,0.3816,21.6303,1.0000,0.0000,7.4164,193.7597,50.7348,0.8707,0.7172,0.3684,569.0840,205.8168,16.5134,17.7793,1.0759,27.8636,39.6558,1.4812
01/04/2010 00:00:00,0.0169,0.3893,21.5579,1.0000,0.0000,7.0381,192.8613,52.0692,0.8188,0.6809,0.3983,548.2525,201.6505,16.1880,15.9458,1.0113,24.0466,38.8251,1.4495
02/04/2010 00:00:00,0.0162,0.3970,21.4854,1.0000,0.0000,6.6597,191.9630,53.4036,0.7779,0.6530,0.4306,527.4209,197.4842,15.9987,14.4444,0.9562,20.2296,38.3267,1.4298
03/04/2010 00:00:00,0.0164,0.4048,21.4129,1.0000,0.0000,6.2814,191.0646,54.7380,0.7417,0.6284,0.4727,506.5894,193.3179,15.8368,13.0134,0.9226,16.4126,37.8986,1.4426
04/04/2010 00:00:00,0.1440,0.4125,21.3404,1.0000,0.0000,5.9030,190.1663,56.0724,0.7128,0.6093,0.3912,485.7579,189.1516,15.7716,11.8176,0.6732,12.5956,37.7056,1.1035
05/04/2010 00:00:00,0.0532,0.4202,21.2679,1.0000,0.0000,5.5247,189.2679,57.4069,0.5858,0.5052,0.4131,464.9264,184.9853,13.4108,5.1420,0.6283,8.7786,32.0329,1.0827
06/04/2010 00:00:00,0.0174,0.4279,21.1954,1.0000,0.0000,5.1463,188.3696,58.7413,0.6895,0.5998,0.5920,444.0948,180.8190,16.3064,11.0230,0.7967,7.3851,38.9169,1.4479
07/04/2010 00:00:00,0.0196,0.4356,21.1229,1.0000,0.0000,5.6136,187.4712,60.0757,0.6688,0.5867,0.6231,423.2633,176.6527,16.3151,10.0110,0.7424,8.1062,38.9077,1.4278
08/04/2010 00:00:00,0.0189,0.4376,20.9493,1.0000,0.0000,6.6143,185.9035,60.9039,0.6847,0.6056,0.5989,416.6667,175.3333,16.4396,10.5262,0.7881,8.8272,39.1848,1.4469
09/04/2010 00:00:00,0.0176,0.4358,20.7291,1.0000,0.0000,7.6150,184.0267,61.4976,0.7210,0.6430,0.5470,416.6667,175.3333,16.6657,11.8619,0.8821,9.5483,39.7072,1.4837
10/04/2010 00:00:00,0.0172,0.4340,20.5089,1.0000,0.0000,8.6157,182.1500,62.0912,0.7455,0.6701,0.4778,416.6667,175.3333,16.5730,12.4367,0.9490,10.2694,39.4687,1.4746
11/04/2010 00:00:00,0.0169,0.4323,20.2887,1.0000,0.0000,9.6164,180.2733,62.6849,0.7744,0.7015,0.4120,416.6667,175.3333,16.5372,13.1460,1.0182,10.9905,39.3647,1.4714
12/04/2010 00:00:00,0.3142,0.4305,20.0685,1.0000,0.0000,10.6171,178.3965,63.2786,1.1157,1.0184,0.4361,416.6667,175.3333,22.8634,28.9901,1.3634,11.7116,54.3955,1.8431
13/04/2010 00:00:00,0.8793,0.4287,19.8483,1.0000,0.0000,10.5640,176.5198,63.8722,1.2561,1.1552,0.3560,416.6667,175.3333,24.6678,34.0641,1.4452,11.3134,58.6563,1.8368
14/04/2010 00:00:00,2.8880,0.4095,19.8724,1.0000,0.0000,9.8577,180.5777,64.7560,1.7029,1.6005,0.4675,416.6667,175.3333,33.4415,56.2930,2.1153,10.1691,80.7003,2.6295
15/04/2010 00:00:00,2.2316,0.3783,20.0065,1.0000,0.0000,9.1514,187.3052,65.7708,1.4286,1.3812,0.3461,416.6667,175.3333,28.6129,46.0158,1.6145,9.0247,70.5220,1.9951
16/04/2010 00:00:00,0.4793,0.3471,20.1405,1.0000,0.0000,8.4451,194.0328,66.7855,0.9833,0.9780,0.2874,416.6667,175.3333,20.0906,25.9376,1.3861,7.8804,50.5426,1.7023
17/04/2010 00:00:00,0.0329,0.3159,20.2745,1.0000,0.0000,7.7388,200.7604,67.8003,0.7998,0.8184,0.2589,416.6667,175.3333,16.6739,18.0865,1.2946,6.7361,42.7904,1.5793
18/04/2010 00:00:00,0.0317,0.2847,20.4085,1.0000,0.0000,7.0325,207.4880,68.8151,0.7882,0.8297,0.2598,416.6667,175.3333,16.7695,19.0736,1.3518,5.5917,43.8763,1.6376
19/04/2010 00:00:00,0.0301,0.2535,20.5425,1.0000,0.0000,6.3262,214.2156,69.8298,0.7617,0.8252,0.2533,416.6667,175.3333,16.5450,19.2093,1.3764,4.4474,44.1109,1.6550
20/04/2010 00:00:00,0.0297,0.2223,20.6765,1.0000,0.0000,5.8651,220.9431,70.8446,0.7305,0.8143,0.2429,416.6667,175.3333,16.2001,18.9884,1.3852,11.1350,43.9889,1.6523
21/04/2010 00:00:00,0.0295,0.2184,20.4715,1.0000,0.0000,5.6143,221.6988,71.1744,0.7252,0.8321,0.2652,416.6667,175.3333,16.5509,18.7608,1.3661,22.8504,44.0326,1.6578
22/04/2010 00:00:00,0.0310,0.2334,20.1038,1.0000,0.0000,5.3636,219.5882,71.1744,0.7391,0.8730,0.3067,416.6667,175.3333,17.4210,18.9402,1.3418,34.5659,44.5664,1.6792
23/04/2010 00:00:00,0.0331,0.2484,19.7361,1.0000,0.0000,5.1129,217.4775,71.1744,0.7565,0.9199,0.3512,416.6667,175.3333,18.4181,19.3101,1.3205,46.2813,45.2907,1.7068
24/04/2010 00:00:00,0.0335,0.2634,19.3683,1.0000,0.0000,4.8622,215.3668,71.1744,0.7656,0.9586,0.3943,416.6667,175.3333,19.2535,19.1570,1.2856,57.9967,45.4920,1.7194
25/04/2010 00:00:00,0.0322,0.2783,19.0006,1.0000,0.0000,4.6115,213.2561,71.1744,0.7678,0.9901,0.4358,416.6667,175.3333,19.9476,18.5790,1.2403,69.7121,45.2684,1.7197
26/04/2010 00:00:00,0.0315,0.2933,18.6329,1.0000,0.0000,4.3608,211.1454,71.1744,0.7715,1.0247,0.4781,416.6667,175.3333,20.7074,18.0697,1.1937,81.4276,45.1135,1.7196
27/04/2010 00:00:00,0.0310,0.3083,18.2652,1.0000,0.0000,4.1100,209.0347,71.1744,0.7779,1.0645,0.5229,416.6667,175.3333,21.5749,17.7028,1.1499,93.1430,45.1009,1.7251
28/04/2010 00:00:00,0.0308,0.3233,17.8974,1.0000,0.0000,4.0939,206.9241,71.1744,0.7859,1.1083,0.5693,416.6667,175.3333,22.5272,17.4081,1.1055,92.2334,45.1606,1.7318
29/04/2010 00:00:00,0.0312,0.3337,17.8855,1.0000,0.0000,4.2613,203.0586,70.7710,0.7652,1.1123,0.5509,416.6667,175.3333,21.9642,18.1189,1.1396,82.3830,45.4162,1.7455
30/04/2010 00:00:00,0.0319,0.3410,18.0406,1.0000,0.0000,4.4287,198.3698,70.1778,0.7338,1.0998,0.5103,416.6667,175.3333,20.7679,19.3880,1.2043,72.5325,45.8488,1.7656
01/05/2010 00:00:00,0.3227,0.3484,18.1956,1.0000,0.0000,4.5961,193.6811,69.5845,0.7421,1.1470,0.4352,416.6667,175.3333,20.6925,23.1593,1.1514,62.6821,48.7836,1.6301
02/05/2010 00:00:00,0.0369,0.3557,18.3507,1.0000,0.0000,4.7635,188.9923,68.9913,0.6927,1.1044,0.4588,416.6667,175.3333,19.0117,23.0924,1.3420,52.8317,47.8801,1.8467
03/05/2010 00:00:00,0.0363,0.3631,18.5057,1.0000,0.0000,4.9309,184.3035,68.3980,0.6613,1.0880,0.4322,416.6667,175.3333,17.8493,24.0928,1.3824,42.9812,48.0441,1.8578
04/05/2010 00:00:00,0.0372,0.3704,18.6607,1.0000,0.0000,4.9165,179.6148,67.8048,0.6380,1.0835,0.4131,416.6667,175.3333,16.9179,25.5855,1.4317,37.1253,48.7003,1.8861
05/05/2010 00:00:00,0.0381,0.3737,18.5173,1.0000,0.0000,4.7743,178.5813,66.5779,0.6716,1.1209,0.4165,416.6667,175.3333,17.1008,26.4972,1.4562,33.9790,49.3827,1.9144
06/05/2010 00:00:00,0.0401,0.3742,18.2348,1.0000,0.0000,4.6321,179.2501,65.0545,0.7395,1.1874,0.4327,416.6667,175.3333,17.9307,27.4275,1.4767,30.8328,50.3678,1.9527
07/05/2010 00:00:00,0.0407,0.3747,17.9522,1.0000,0.0000,4.4899,179.9189,63.5312,0.8095,1.2533,0.4487,416.6667,175.3333,18.7339,28.1541,1.4916,27.6865,51.1491,1.9851
08/05/2010 00:00:00,0.0407,0.3752,17.6697,1.0000,0.0000,4.3477,180.5877,62.0078,0.8814,1.3185,0.4639,416.6667,175.3333,19.5111,28.6854,1.4991,24.5402,51.7353,2.0094
09/05/2010 00:00:00,0.0418,0.3757,17.3872,1.0000,0.0000,4.2055,181.2565,60.4845,0.9628,1.3939,0.4820,416.6667,175.3333,20.4219,29.4379,1.5099,21.3939,52.5425,2.0402
10/05/2010 00:00:00,0.0438,0.3762,17.1047,1.0000,0.0000,4.0633,181.9253,58.9611,1.0548,1.4804,0.5032,416.6667,175.3333,21.4765,30.4056,1.5234,18.2476,53.5651,2.0769
11/05/2010 00:00:00,0.0452,0.3767,16.8222,1.0000,0.0000,3.9204,182.5941,57.4378,1.1524,1.5704,0.5258,416.6667,175.3333,22.5615,31.2808,1.5329,18.8088,54.4950,2.1114
12/05/2010 00:00:00,0.0461,0.3710,16.5605,1.0000,0.0000,3.7769,188.8619,57.2819,1.3121,1.6556,0.5470,416.6667,175.3333,23.5557,32.0281,1.5414,21.8061,55.3521,2.1431
13/05/2010 00:00:00,2.9021,0.3609,16.3088,1.0000,0.0000,3.6333,197.8437,57.7908,2.0132,2.3187,0.6571,416.6667,175.3333,32.6758,51.3888,1.7913,24.8034,74.8492,2.5140
14/05/2010 00:00:00,0.1212,0.3509,16.0572,1.0000,0.0000,3.4898,206.8256,58.2997,1.4121,1.4981,0.4305,416.6667,175.3333,20.9122,23.0685,1.1316,27.8008,46.6654,1.6052
15/05/2010 00:00:00,0.0632,0.3409,15.8055,1.0000,0.0000,3.3463,215.8075,58.8086,1.9784,1.9483,0.6660,416.6667,175.3333,26.9418,34.7928,1.6821,30.7981,58.5262,2.4148
16/05/2010 00:00:00,0.0707,0.3308,15.5538,1.0000,0.0000,3.2028,224.7893,59.3175,2.2129,2.0358,0.7829,416.6667,175.3333,27.8898,35.0655,1.8913,33.7954,58.9354,2.7525
17/05/2010 00:00:00,0.0769,0.3208,15.3021,1.0000,0.0000,3.0593,233.7712,59.8264,2.4672,2.1319,0.8959,416.6667,175.3333,28.9389,35.4335,2.0596,36.7927,59.4399,3.0450
18/05/2010 00:00:00,0.0808,0.3108,15.0505,1.0000,0.0000,3.1671,242.7531,60.3353,2.7437,2.2376,0.9875,416.6667,175.3333,30.0960,35.8928,2.1470,35.1845,60.0356,3.2333
19/05/2010 00:00:00,0.0868,0.2976,14.8205,1.0000,0.0000,3.4518,243.8353,60.4982,2.9077,2.2472,1.0053,416.6667,175.3333,30.0532,36.3074,2.3371,30.4702,60.6559,3.4429
20/05/2010 00:00:00,0.0907,0.2823,14.6008,1.0000,0.0000,3.7365,241.2044,60.4982,3.0225,2.2217,0.9484,416.6667,175.3333,29.5904,36.9661,2.4894,25.7560,61.5530,3.5327
21/05/2010 00:00:00,0.0890,0.2670,14.3810,1.0000,0.0000,4.0213,238.5735,60.4982,3.1303,2.1955,0.8584,416.6667,175.3333,29.1240,37.5424,2.5299,21.0417,62.3677,3.4741
22/05/2010 00:00:00,4.3741,0.2517,14.1613,1.0000,0.0000,4.3060,235.9426,60.4982,4.6291,3.1069,0.6651,416.6667,175.3333,41.0504,65.3352,2.1914,16.3274,90.3989,2.9231
23/05/2010 00:00:00,4.8836,0.2365,13.9415,1.0000,0.0000,4.5907,233.3118,60.4982,4.3178,2.7803,0.6015,416.6667,175.3333,36.5904,57.4746,2.2076,11.6131,82.7767,2.8692
24/05/2010 00:00:00,0.3114,0.2212,13.7218,1.0000,0.0000,4.8754,230.6809,60.4982,2.7879,1.7263,0.8556,416.6667,175.3333,22.6314,27.0048,3.4888,6.8988,52.5452,4.4299
25/05/2010 00:00:00,0.1815,0.2059,13.5020,1.0000,0.0000,4.8387,228.0500,60.4982,3.4252,2.0439,0.7364,416.6667,175.3333,26.6923,37.7688,3.3291,5.0852,63.5477,4.1392
26/05/2010 00:00:00,0.1754,0.2014,13.4991,1.0000,0.0000,4.5519,231.5335,60.1572,3.2647,2.0224,0.6436,416.6667,175.3333,26.9120,39.0657,2.9497,5.2279,64.7859,3.6577
27/05/2010 00:00:00,4.5087,0.2039,13.6018,1.0000,0.0000,4.2652,237.9990,59.6494,3.8369,2.5790,0.5198,416.6667,175.3333,35.3742,60.0233,2.3141,5.3707,85.5397,2.8859
28/05/2010 00:00:00,1.8370,0.2065,13.7045,1.0000,0.0000,3.9784,244.4646,59.1417,2.7245,2.0114,0.5090,416.6667,175.3333,28.4549,43.8003,2.2023,5.5134,69.1129,2.7622
29/05/2010 00:00:00,0.2970,0.2091,13.8073,1.0000,0.0000,3.6916,250.9301,58.6339,2.3060,1.8994,0.7403,416.6667,175.3333,27.7341,42.5479,3.1153,5.6561,67.6566,3.9296
30/05/2010 00:00:00,0.2789,0.2116,13.9100,1.0000,0.0000,3.4049,257.3957,58.1261,1.9562,1.8356,0.6520,416.6667,175.3333,27.6842,42.9212,2.6701,5.7988,67.8261,3.3873
31/05/2010 00:00:00,0.2866,0.2142,14.0127,1.0000,0.0000,3.1181,263.8612,57.6183,1.5927,1.7526,0.6306,416.6667,175.3333,27.3221,42.5226,2.5146,5.9415,67.2236,3.2082
01/06/2010 00:00:00,0.3390,0.2168,14.1155,1.0000,0.0000,3.0000,270.3268,57.1105,1.2426,1.6737,0.5800,416.6667,175.3333,26.9919,42.1926,2.2529,5.9262,66.6898,2.8909
02/06/2010 00:00:00,0.2953,0.2265,14.1891,1.0000,0.0000,3.0000,268.7303,56.9395,1.2305,1.6567,0.6177,408.7487,173.7497,27.1893,42.0204,2.2598,5.8012,66.2894,2.9393
03/06/2010 00:00:00,0.3055,0.2417,14.2480,1.0000,0.0000,3.0000,263.0520,56.9395,1.3971,1.6743,0.6483,396.8096,171.3619,27.7294,42.0317,2.1900,5.6762,66.0601,2.9031
04/06/2010 00:00:00,0.3089,0.2568,14.3069,1.0000,0.0000,3.0000,257.3737,56.9395,1.5812,1.6993,0.6798,384.8705,168.9741,28.4091,42.2622,2.1142,5.5512,66.0499,2.8620
05/06/2010 00:00:00,0.3054,0.2719,14.3658,1.0000,0.0000,3.0000,251.6954,56.9395,1.7772,1.7232,0.7089,372.9314,166.5863,29.0934,42.3762,2.0226,5.4262,65.9232,2.8024
06/06/2010 00:00:00,0.3065,0.2870,14.4247,1.0000,0.0000,3.0000,246.0171,56.9395,1.9865,1.7468,0.7467,360.9923,164.1985,29.7934,42.3920,1.9466,5.3012,65.6985,2.7680
07/06/2010 00:00:00,0.3109,0.3021,14.4836,1.0000,0.0000,3.0000,240.3388,56.9395,2.2246,1.7816,0.7999,349.0532,161.8106,30.7114,42.7339,1.8958,5.1761,65.7997,2.7757
08/06/2010 00:00:00,0.3121,0.3172,14.5425,1.0000,0.0000,3.0000,234.6605,56.9395,2.4809,1.8163,0.8526,337.1141,159.4228,31.6576,42.9590,1.8270,5.0511,65.7842,2.7648
09/06/2010 00:00:00,0.3060,0.3323,14.6014,1.0000,0.0000,3.0000,228.9822,57.2864,2.6248,1.7620,0.8291,333.3333,158.6667,32.0530,42.4912,1.8152,5.4933,65.7033,2.7271
10/06/2010 00:00:00,0.3024,0.3545,14.7623,1.0000,0.0000,3.0000,222.8131,57.7941,2.7068,1.6705,0.7822,333.3333,158.6667,32.1770,41.7404,1.8555,6.3280,65.6303,2.7160
11/06/2010 00:00:00,0.2987,0.3813,14.9703,1.0000,0.0000,3.0000,216.4171,58.3018,2.7881,1.5855,0.7354,333.3333,158.6667,32.3349,41.0743,1.8906,7.1626,65.6420,2.6996
12/06/2010 00:00:00,0.2994,0.4081,15.1783,1.0000,0.0000,3.0000,210.0211,58.8095,2.8643,1.5036,0.6968,333.3333,158.6667,32.4683,40.3730,1.9423,7.9973,65.6185,2.7088
13/06/2010 00:00:00,0.2954,0.4349,15.3863,1.0000,0.0000,3.0000,203.6252,59.3172,2.9371,1.4255,0.6537,333.3333,158.6667,32.5977,39.6769,1.9771,8.8320,65.6002,2.6962
14/06/2010 00:00:00,2.0602,0.4617,15.5943,1.0000,0.0000,3.0000,197.2292,59.8248,3.4892,1.5678,0.5795,333.3333,158.6667,37.9730,49.5074,1.9042,9.6667,76.1085,2.5417
15/06/2010 00:00:00,3.8293,0.4885,15.8023,1.0000,0.0000,3.0000,190.8332,60.3325,3.8920,1.6206,0.5855,333.3333,158.6667,41.5888,55.7555,2.0926,9.6571,83.0343,2.7366
16/06/2010 00:00:00,1.4858,0.4811,15.5984,1.0000,0.0000,3.0000,198.3225,60.4982,3.3504,1.4062,0.5025,341.3525,160.2705,32.9630,39.6100,1.9877,9.0863,67.0068,2.5405
17/06/2010 00:00:00,0.6437,0.4504,15.1955,1.0000,0.0000,3.0000,212.5188,60.4982,3.6910,1.6127,0.4937,353.2573,162.6515,32.6015,40.9682,2.1712,8.5155,68.2120,2.7142
18/06/2010 00:00:00,0.8079,0.4197,14.7927,1.0000,0.0000,3.0000,226.7150,60.4982,3.7084,1.6744,0.4118,365.1620,165.0324,29.5951,36.6704,2.0077,7.9447,63.7610,2.4607
19/06/2010 00:00:00,0.6513,0.3890,14.3898,1.0000,0.0000,3.0000,240.9113,60.4982,3.9398,1.8282,0.3793,377.0668,167.4134,28.5602,36.4498,2.0456,7.3739,63.3874,2.4629
20/06/2010 00:00:00,0.4881,0.3583,13.9869,1.0000,0.0000,3.0000,255.1076,60.4982,4.3265,2.0546,0.3650,388.9716,169.7943,28.6186,38.6788,2.1731,6.8031,65.4633,2.5745
21/06/2010 00:00:00,0.4784,0.3276,13.5841,1.0000,0.0000,3.0000,269.3039,60.4982,4.5599,2.2088,0.3291,400.8763,172.1753,27.6293,38.5377,2.1609,6.2323,65.1691,2.5229
22/06/2010 00:00:00,0.4764,0.2969,13.1812,1.0000,0.0000,3.0000,283.5002,60.4982,4.8076,2.3691,0.3023,412.7811,174.5562,26.7721,38.6697,2.1869,5.9152,65.1480,2.5194
23/06/2010 00:00:00,5.5247,0.2830,13.0924,1.0000,0.0000,3.0000,282.4368,60.4982,6.9641,3.4838,0.3666,416.6667,175.3333,35.8629,62.1452,2.4633,5.7723,88.5392,2.8665
24/06/2010 00:00:00,1.8014,0.2808,13.1552,1.0000,0.0000,3.0000,274.0002,60.4982,6.0598,3.0720,0.3984,416.6667,175.3333,28.9812,45.6604,2.3086,5.6293,72.0034,2.7469
25/06/2010 00:00:00,0.7697,0.2785,13.2181,1.0000,0.0000,3.0000,265.5635,60.4982,6.3662,3.2656,0.4694,416.6667,175.3333,28.3419,44.5855,2.3641,5.4864,70.8775,2.8805
26/06/2010 00:00:00,0.7239,0.2762,13.2809,1.0000,0.0000,3.0000,257.1269,60.4982,6.6107,3.4270,0.4843,416.6667,175.3333,27.4521,42.8780,2.1330,5.3435,69.1191,2.6658
27/06/2010 00:00:00,0.6893,0.2740,13.3438,1.0000,0.0000,3.0000,248.6903,60.4982,6.8895,3.6058,0.5131,416.6667,175.3333,26.7351,41.5981,1.9849,5.2005,67.7882,2.5494
28/06/2010 00:00:00,0.6670,0.2717,13.4066,1.0000,0.0000,3.0000,240.2536,60.4982,7.2124,3.8074,0.5534,416.6667,175.3333,26.1950,40.7651,1.8865,5.0576,66.9042,2.4953
29/06/2010 00:00:00,0.6525,0.2695,13.4695,1.0000,0.0000,2.8324,231.8170,60.4982,7.5659,4.0254,0.6011,416.6667,175.3333,25.7544,40.1897,1.8096,5.1702,66.2778,2.4709
30/06/2010 00:00:00,0.6289,0.2792,13.2512,1.0000,0.0000,2.5493,240.0321,58.1133,7.6050,4.1456,0.6161,408.6886,173.7377,25.8687,39.6831,1.7552,5.4551,65.6517,2.4330
01/07/2010 00:00:00,0.6117,0.2972,12.8966,1.0000,0.0000,2.2661,256.3193,54.5655,7.5157,4.2356,0.6213,396.8203,171.3641,26.3677,39.4501,1.7308,5.7400,65.2656,2.4143
02/07/2010 00:00:00,0.6647,0.3151,12.5420,1.0000,0.0000,1.9829,272.6066,51.0177,7.3852,4.3072,0.6070,384.9520,168.9904,26.7497,38.8725,1.6523,6.0249,64.5350,2.3200
03/07/2010 00:00:00,0.5859,0.3331,12.1874,1.0000,0.0000,1.6997,288.8939,47.4699,7.3141,4.4191,0.6314,373.0838,166.6168,27.3799,38.8300,1.6785,6.3099,64.3395,2.3730
04/07/2010 00:00:00,0.5699,0.3510,11.8329,1.0000,0.0000,1.4165,305.1811,43.9221,7.2930,4.5698,0.6508,361.2155,164.2431,28.2473,39.2513,1.6879,6.5948,64.6078,2.4037
05/07/2010 00:00:00,0.5745,0.3690,11.4783,1.0000,0.0000,1.1333,321.4684,40.3743,7.2471,4.7152,0.6740,349.3472,161.8694,29.0775,39.4810,1.7042,6.8797,64.6845,2.4456
06/07/2010 00:00:00,0.5629,0.3869,11.1237,1.0000,0.0000,1.1894,337.7556,36.8265,7.1760,4.8542,0.6852,337.4790,159.4958,29.8646,39.5135,1.6878,6.9752,64.5640,2.4416
07/07/2010 00:00:00,0.5647,0.3775,11.2197,1.0000,0.0000,1.5474,337.5037,36.0839,6.9502,4.8948,0.7010,337.2107,159.4421,29.8761,39.8820,1.6956,6.9323,64.6797,2.4667
08/07/2010 00:00:00,0.5323,0.3478,11.5570,1.0000,0.0000,1.9054,328.3908,36.8474,6.5960,4.8436,0.6908,343.1696,160.6339,29.2400,39.9475,1.6480,6.8894,64.4390,2.4078
09/07/2010 00:00:00,10.2627,0.3180,11.8944,1.0000,0.0000,2.2634,319.2780,37.6108,9.8476,7.5521,0.9622,349.1285,161.8257,45.0889,76.9645,2.2634,6.8465,101.1497,3.3219
10/07/2010 00:00:00,6.9607,0.2882,12.2317,1.0000,0.0000,2.6213,310.1651,38.3742,8.5434,6.8546,0.9835,355.0874,163.0175,40.4711,68.5401,2.2803,6.8036,92.4191,3.3622
11/07/2010 00:00:00,4.9260,0.2585,12.5691,1.0000,0.0000,2.9793,301.0522,39.1376,8.2584,6.9452,0.9740,361.0463,164.2093,40.5488,70.6850,2.2253,6.7607,94.2578,3.2966
12/07/2010 00:00:00,8.1210,0.2287,12.9064,1.0000,0.0000,3.3373,291.9394,39.9010,8.5590,7.5608,1.0200,367.0052,165.4010,43.6472,80.0138,2.2955,6.7178,103.2803,3.4175
13/07/2010 00:00:00,5.6265,0.1990,13.2438,1.0000,0.0000,3.6953,282.8265,40.6644,10.8469,10.0879,1.2538,372.9640,166.5928,57.5775,115.7277,2.7786,6.6749,138.6880,4.1578
14/07/2010 00:00:00,2.8429,0.2027,13.1958,1.0000,0.0000,4.0532,280.9186,41.4278,13.6234,13.3731,1.4955,378.9229,167.7846,75.4594,162.3695,3.2623,6.6321,185.0235,4.9074
15/07/2010 00:00:00,2.1693,0.2301,12.9454,1.0000,0.0000,4.4112,282.7967,42.1913,10.1627,10.5591,1.2564,384.8818,168.9764,58.8985,124.6633,2.6966,6.5892,147.0111,4.0786
16/07/2010 00:00:00,1.8144,0.2574,12.6950,1.0000,0.0000,4.7692,284.6747,42.9547,7.9348,8.7537,1.0984,390.8407,170.1681,48.2644,100.5924,2.3189,6.5463,122.6339,3.5272
17/07/2010 00:00:00,2.4448,0.2847,12.4446,1.0000,0.0000,5.1272,286.5528,43.7181,6.1040,7.1752,0.9719,396.7996,171.3599,39.1020,79.4055,2.0173,6.5034,101.1409,3.0864
18/07/2010 00:00:00,1.5728,0.3120,12.1942,1.0000,0.0000,5.4852,288.4308,44.4815,5.6395,7.0918,0.9780,402.7585,172.5517,38.1952,79.1458,1.9948,6.4605,100.5749,3.0706
19/07/2010 00:00:00,1.4103,0.3393,11.9438,1.0000,0.0000,5.8431,290.3089,45.2449,4.8190,6.5124,0.9258,408.7174,173.7435,34.6612,71.7923,1.8550,6.4176,92.9152,2.8734
20/07/2010 00:00:00,1.3229,0.3666,11.6934,1.0000,0.0000,5.8798,292.1869,46.0083,4.2220,6.1637,0.9046,414.6762,174.9352,32.4158,67.6484,1.7795,6.1762,88.4650,2.7745
21/07/2010 00:00:00,1.2471,0.3860,11.9853,1.0000,0.0000,5.6658,290.3416,46.0941,4.0402,5.8835,0.8736,420.6308,176.1262,30.9727,63.6672,1.7276,5.7971,84.6856,2.6885
22/07/2010 00:00:00,1.1876,0.3998,12.5482,1.0000,0.0000,5.4517,286.6364,45.8399,4.0631,5.6730,0.8437,426.5832,177.3166,30.0837,60.2875,1.6973,5.4180,81.7625,2.6254
23/07/2010 00:00:00,1.1257,0.4136,13.1110,1.0000,0.0000,5.2377,282.9313,45.5857,4.0577,5.4464,0.8112,432.5355,178.5071,29.0874,56.6647,1.6599,5.0389,78.5963,2.5522
24/07/2010 00:00:00,1.0574,0.4274,13.6738,1.0000,0.0000,5.0237,279.2262,45.3315,4.0298,5.2120,0.7763,438.4879,179.6976,28.0275,52.9182,1.6154,4.6598,75.3064,2.4693
25/07/2010 00:00:00,1.0188,0.4412,14.2366,1.0000,0.0000,4.8097,275.5211,45.0773,4.0842,5.1007,0.7603,444.4403,180.8881,27.6129,50.9433,1.6086,4.2807,73.7881,2.4449
26/07/2010 00:00:00,2.2971,0.4550,14.7994,1.0000,0.0000,4.5957,271.8160,44.8231,4.4516,5.3787,0.7826,450.3927,182.0785,29.3072,54.6000,1.6834,3.9016,77.9014,2.5443
27/07/2010 00:00:00,2.1578,0.4688,15.3623,1.0000,0.0000,4.3817,268.1109,44.5689,4.7279,5.5365,0.7867,456.3451,183.2690,30.3578,56.5218,1.7203,3.5225,80.2799,2.5857
28/07/2010 00:00:00,1.6854,0.4624,15.1397,1.0000,0.0000,4.1677,270.9212,44.3147,5.6048,6.3713,0.8763,462.2975,184.4595,35.1501,68.2747,1.9476,3.1434,92.4893,2.9115
29/07/2010 00:00:00,3.9129,0.4426,14.5240,1.0000,0.0000,3.9537,276.9926,44.0605,5.7343,6.3370,0.8778,468.2498,185.6500,35.1695,67.4209,1.9825,2.7643,92.0922,2.9481
30/07/2010 00:00:00,1.5863,0.4227,13.9083,1.0000,0.0000,3.7397,283.0639,43.8063,7.3533,7.9107,1.0153,474.2022,186.8404,44.1586,89.9584,2.3302,2.3852,115.0863,3.4471
31/07/2010 00:00:00,1.6511,0.4029,13.2925,1.0000,0.0000,3.5257,289.1353,43.5521,6.8614,7.1947,0.9358,480.1546,188.0309,40.3892,79.1962,2.1821,2.0061,104.7807,3.2115
01/08/2010 00:00:00,1.2830,0.3830,12.6768,1.0000,0.0000,3.3117,295.2066,43.2979,6.8084,6.9665,0.9006,486.1070,189.2214,39.3234,75.5204,2.1336,1.6271,101.5616,3.1243
02/08/2010 00:00:00,1.1959,0.3631,12.0611,1.0000,0.0000,3.0976,301.2780,43.0437,6.3872,6.3844,0.8321,492.0594,190.4119,36.2312,66.6722,2.0022,1.2480,93.1699,2.9175
03/08/2010 00:00:00,1.1012,0.3433,11.4454,1.0000,0.0000,3.0388,307.3493,42.7895,6.0240,5.8879,0.7738,498.0117,191.6023,33.5883,59.0550,1.8913,1.1044,86.0094,2.7425
04/08/2010 00:00:00,1.0318,0.3458,11.5856,1.0000,0.0000,3.1101,302.8300,43.0431,5.7719,5.5217,0.7284,500.0000,192.0000,31.5530,53.1600,1.8116,1.1115,80.5030,2.6129
05/08/2010 00:00:00,0.9881,0.3635,12.1042,1.0000,0.0000,3.1814,293.0078,43.5514,5.6787,5.3217,0.7026,500.0000,192.0000,30.4104,49.6305,1.7796,1.1186,77.3280,2.5525
06/08/2010 00:00:00,0.9471,0.3813,12.6228,1.0000,0.0000,3.2527,283.1857,44.0596,5.6034,5.1483,0.6785,500.0000,192.0000,29.4193,46.5096,1.7500,1.1258,74.5617,2.4963
07/08/2010 00:00:00,0.9156,0.3990,13.1414,1.0000,0.0000,3.3241,273.3635,44.5679,5.5718,5.0228,0.6605,500.0000,192.0000,28.7020,44.1017,1.7345,1.1329,72.5082,2.4611
08/08/2010 00:00:00,0.8909,0.4168,13.6600,1.0000,0.0000,3.3954,263.5414,45.0762,5.6014,4.9578,0.6480,500.0000,192.0000,28.3306,42.5811,1.7321,1.1401,71.3421,2.4450
09/08/2010 00:00:00,0.8723,0.4345,14.1786,1.0000,0.0000,3.4667,253.7193,45.5844,5.6474,4.9112,0.6384,500.0000,192.0000,28.0642,41.3342,1.7366,1.1472,70.4498,2.4388
10/08/2010 00:00:00,0.8359,0.4523,14.6972,1.0000,0.0000,3.5380,243.8971,46.0927,5.6207,4.8056,0.6191,500.0000,192.0000,27.4605,39.2517,1.7138,1.1544,68.7218,2.3948
11/08/2010 00:00:00,0.7755,0.4477,15.0033,1.0000,0.0000,3.6094,234.9417,46.6010,5.4845,4.6127,0.5877,500.0000,192.0000,26.3586,35.9393,1.6554,1.1615,65.7640,2.3019
12/08/2010 00:00:00,5.7395,0.4276,15.2032,1.0000,0.0000,3.6807,226.4193,47.1092,7.9174,6.5543,0.7652,500.0000,192.0000,37.4533,62.9868,2.1927,1.1686,93.1659,3.0345
13/08/2010 00:00:00,5.7684,0.4076,15.4031,1.0000,0.0000,3.7520,217.8969,47.6175,10.0880,8.2243,0.8612,500.0000,192.0000,46.9965,86.0273,2.5102,1.1758,116.5610,3.4575
14/08/2010 00:00:00,2.5406,0.3876,15.6030,1.0000,0.0000,3.8233,209.3745,48.1257,18.4777,14.8428,1.3135,500.0000,192.0000,84.8163,178.8651,3.8936,1.1829,209.7533,5.3384
15/08/2010 00:00:00,1.8158,0.3675,15.8029,1.0000,0.0000,3.8947,200.8521,48.6340,15.2652,12.0879,1.0943,500.0000,192.0000,69.0741,139.0928,3.2986,1.1901,170.3355,4.5023
16/08/2010 00:00:00,1.5489,0.3475,16.0028,1.0000,0.0000,3.9660,192.3297,49.1423,12.4645,9.7342,0.9078,500.0000,192.0000,55.6242,105.1861,2.7825,1.1972,136.7834,3.7811
17/08/2010 00:00:00,1.3907,0.3275,16.2027,1.0000,0.0000,4.0000,183.8073,49.6505,10.8679,8.3741,0.7987,500.0000,192.0000,47.8520,85.3942,2.4887,1.1782,117.3460,3.3673
18/08/2010 00:00:00,1.8242,0.3275,16.2415,1.0000,0.0000,4.0000,187.6963,48.8451,8.9904,6.8727,0.6543,500.0000,192.0000,40.0983,67.9804,2.2784,1.1425,100.0687,2.9981
19/08/2010 00:00:00,1.2703,0.3416,16.1986,1.0000,0.0000,4.0000,197.8866,47.3704,9.2038,6.9976,0.6249,500.0000,192.0000,42.1444,75.9184,2.5007,1.1069,108.0323,3.1881
20/08/2010 00:00:00,1.2721,0.3556,16.1557,1.0000,0.0000,4.0000,208.0769,45.8957,7.8392,5.9264,0.5277,500.0000,192.0000,36.8616,64.8067,2.3816,1.0712,96.9461,2.9621
21/08/2010 00:00:00,1.2215,0.3697,16.1128,1.0000,0.0000,4.0000,218.2672,44.4210,7.0636,5.3086,0.4679,500.0000,192.0000,34.1166,59.7952,2.3475,1.0356,91.9601,2.8622
22/08/2010 00:00:00,3.2414,0.3838,16.0699,1.0000,0.0000,4.0000,228.4575,42.9463,6.5684,4.9060,0.4180,500.0000,192.0000,32.5948,57.7650,2.3043,0.9999,89.9554,2.7641
23/08/2010 00:00:00,1.2820,0.3978,16.0270,1.0000,0.0000,4.0000,238.6478,41.4716,7.2931,5.4123,0.4444,500.0000,192.0000,37.1938,72.7842,2.6669,0.9642,105.0002,3.1557
24/08/2010 00:00:00,1.1681,0.4119,15.9841,1.0000,0.0000,4.0000,248.8380,39.9969,6.3262,4.6632,0.3889,500.0000,192.0000,33.1658,63.4498,2.5208,0.9286,95.6913,2.9485
25/08/2010 00:00:00,1.0849,0.4192,16.1578,1.0000,0.0000,4.0000,249.0731,38.5222,5.5161,4.0375,0.3432,500.0000,192.0000,29.7376,55.3513,2.3874,0.8929,87.6183,2.7649
26/08/2010 00:00:00,1.0365,0.4221,16.4376,1.0000,0.0000,4.0000,244.4337,37.0475,4.9810,3.6190,0.3141,500.0000,192.0000,27.6220,50.7533,2.3315,0.8573,83.0458,2.6770
27/08/2010 00:00:00,0.9808,0.4251,16.7174,1.0000,0.0000,4.0000,239.7943,35.5729,4.4791,3.2292,0.2868,500.0000,192.0000,25.5586,46.0357,2.2605,0.8216,78.3537,2.5760
28/08/2010 00:00:00,0.9232,0.4280,16.9972,1.0000,0.0000,4.0000,235.1550,34.0982,4.0351,2.8855,0.2628,500.0000,192.0000,23.7006,41.6931,2.1906,0.7859,74.0367,2.4797
29/08/2010 00:00:00,0.8905,0.4310,17.2770,1.0000,0.0000,4.0000,230.5156,32.6235,3.7312,2.6454,0.2472,500.0000,192.0000,22.5671,39.4182,2.1710,0.7503,71.7872,2.4430
30/08/2010 00:00:00,1.2668,0.4340,17.5568,1.0000,0.0000,4.0000,225.8763,31.1488,3.6034,2.5318,0.2339,500.0000,192.0000,22.4507,40.2869,2.1568,0.7146,72.6815,2.4141
31/08/2010 00:00:00,2.7550,0.4369,17.8366,1.0000,0.0000,3.9200,221.2369,29.6741,3.9357,2.7392,0.2467,500.0000,192.0000,25.2705,50.7905,2.3818,0.7550,83.2106,2.6531
01/09/2010 00:00:00,2.5098,0.4310,17.8910,1.0000,0.0000,3.7774,216.9539,29.6556,4.8648,3.3520,0.2813,496.0351,191.2070,31.4432,71.5395,2.6460,0.8481,103.3734,2.9554
02/09/2010 00:00:00,1.2680,0.4188,17.8325,1.0000,0.0000,3.6347,212.8495,30.3675,6.5317,4.4530,0.3879,490.0815,190.0163,41.9819,105.5271,3.4229,0.9413,136.4680,3.8496
03/09/2010 00:00:00,1.1255,0.4065,17.7740,1.0000,0.0000,3.4920,208.7451,31.0794,5.5553,3.7450,0.3597,484.1280,188.8256,35.4970,83.9486,2.9672,1.0344,113.9964,3.3628
04/09/2010 00:00:00,1.1221,0.3943,17.7154,1.0000,0.0000,3.3493,204.6407,31.7912,4.9335,3.2863,0.3480,478.1744,187.6349,31.3289,70.1518,2.6734,1.1276,99.3066,3.0562
05/09/2010 00:00:00,0.9899,0.3821,17.6569,1.0000,0.0000,3.2066,200.5363,32.5031,4.6141,3.0348,0.3495,472.2208,186.4442,29.1089,62.7188,2.4893,1.2207,90.9805,2.8737
06/09/2010 00:00:00,0.9214,0.3699,17.5984,1.0000,0.0000,3.0640,196.4319,33.2150,4.3238,2.8056,0.3534,466.2673,185.2535,27.0887,56.0188,2.3220,1.3138,83.3875,2.7107
07/09/2010 00:00:00,0.8730,0.3577,17.5398,1.0000,0.0000,2.9213,192.3275,33.9269,4.1295,2.6411,0.3636,460.3137,184.0627,25.6812,51.2841,2.1913,1.4070,77.7597,2.5912
08/09/2010 00:00:00,4.1129,0.3512,17.1066,1.0000,0.0000,2.7786,199.3915,34.6388,4.7631,2.9996,0.4195,454.3602,182.8720,29.3906,61.8223,2.3034,1.5001,87.4049,2.7649
09/09/2010 00:00:00,3.3505,0.3484,16.4816,1.0000,0.0000,2.6359,212.1749,35.3507,6.2093,3.8460,0.5278,448.4066,181.6813,37.9965,86.1069,2.6185,1.5933,110.7964,3.1991
10/09/2010 00:00:00,1.5617,0.3457,15.8566,1.0000,0.0000,2.4932,224.9583,36.0626,9.4997,5.7799,0.7930,442.4530,180.4906,57.6171,140.6213,3.5197,1.6864,164.4179,4.3920
11/09/2010 00:00:00,1.3320,0.3430,15.2315,1.0000,0.0000,2.3506,237.7417,36.7744,7.7830,4.6450,0.7288,436.4995,179.2999,46.7585,107.3830,2.8592,1.7796,130.2865,3.6609
12/09/2010 00:00:00,2.3757,0.3403,14.6065,1.0000,0.0000,2.2079,250.5250,37.4863,6.1086,3.5705,0.6586,430.5459,178.1092,36.3275,76.5669,2.2488,1.8727,98.5774,2.9733
13/09/2010 00:00:00,1.2410,0.3376,13.9814,1.0000,0.0000,2.0652,263.3084,38.1982,7.2677,4.1528,0.8255,424.5923,176.9185,42.7502,91.5100,2.4043,1.9658,112.6274,3.3124
14/09/2010 00:00:00,1.1021,0.3348,13.3564,1.0000,0.0000,2.3976,276.0918,38.9101,6.5884,3.6728,0.8468,418.6388,175.7278,38.3006,77.3822,2.0469,2.0590,97.6066,2.9784
15/09/2010 00:00:00,1.0032,0.3415,13.5134,1.0000,0.0000,3.1297,277.0638,38.9081,5.8163,3.2355,0.8235,416.6667,175.3333,34.5176,65.8593,1.8113,2.1521,85.9756,2.7171
16/09/2010 00:00:00,0.8971,0.3545,14.0559,1.0000,0.0000,3.8619,272.2137,38.5525,5.0144,2.8176,0.7648,416.6667,175.3333,30.8770,55.2883,1.6216,2.2453,75.6853,2.4629
17/09/2010 00:00:00,0.7797,0.3675,14.5984,1.0000,0.0000,4.5940,267.3637,38.1969,4.2850,2.4326,0.7006,416.6667,175.3333,27.3733,45.3793,1.4326,2.3384,66.0570,2.2032
18/09/2010 00:00:00,0.7164,0.3805,15.1409,1.0000,0.0000,5.3262,262.5136,37.8413,3.9380,2.2592,0.6843,416.6667,175.3333,26.0943,41.0596,1.3499,2.4316,62.0181,2.1027
19/09/2010 00:00:00,0.6800,0.3936,15.6834,1.0000,0.0000,6.0583,257.6635,37.4857,3.7487,2.1739,0.6913,416.6667,175.3333,25.7641,39.0901,1.3160,2.5247,60.3292,2.0765
20/09/2010 00:00:00,0.6374,0.4066,16.2259,1.0000,0.0000,6.7905,252.8135,37.1301,3.5909,2.1054,0.6970,416.6667,175.3333,25.5955,37.5502,1.2806,2.6179,59.0701,2.0473
21/09/2010 00:00:00,0.6164,0.4196,16.7684,1.0000,0.0000,7.5226,247.9634,36.7746,3.5031,2.0772,0.7191,416.6667,175.3333,25.8945,37.1176,1.2758,2.7110,58.9182,2.0668
22/09/2010 00:00:00,0.5620,0.4313,17.1470,1.0000,0.0000,8.2548,242.6073,36.4190,3.3902,2.0337,0.7203,416.6667,175.3333,25.9879,36.2355,1.2342,2.8041,58.3168,2.0265
23/09/2010 00:00:00,0.5238,0.4419,17.4361,1.0000,0.0000,8.9869,236.9747,36.0634,3.2981,2.0019,0.7313,416.6667,175.3333,26.2175,35.6781,1.2103,2.8973,58.0401,2.0147
24/09/2010 00:00:00,0.5002,0.4526,17.7253,1.0000,0.0000,9.7191,231.3421,35.7078,3.2237,1.9807,0.7516,416.6667,175.3333,26.5757,35.4158,1.2018,2.9904,58.0586,2.0286
25/09/2010 00:00:00,0.4816,0.4632,18.0144,1.0000,0.0000,10.4512,225.7095,35.3522,3.1556,1.9631,0.7745,416.6667,175.3333,26.9789,35.2570,1.1966,3.0836,58.1805,2.0485
26/09/2010 00:00:00,0.4761,0.4738,18.3036,1.0000,0.0000,11.1834,220.0769,34.9966,3.0995,1.9530,0.8055,416.6667,175.3333,27.4839,35.3184,1.2028,3.1767,58.5225,2.0888
27/09/2010 00:00:00,0.4413,0.4844,18.5927,1.0000,0.0000,11.9155,214.4443,34.6410,3.0151,1.9249,0.8127,416.6667,175.3333,27.7316,34.8366,1.1731,3.2699,58.3214,2.0671
28/09/2010 00:00:00,0.4332,0.4950,18.8818,1.0000,0.0000,12.6477,208.8117,34.2854,2.9574,1.9137,0.8418,416.6667,175.3333,28.2173,34.8605,1.1746,3.3630,58.6261,2.1006
29/09/2010 00:00:00,0.3928,0.5057,19.1710,1.0000,0.0000,12.6416,203.1791,33.9298,2.8733,1.8851,0.8443,416.6667,175.3333,28.4428,34.3490,1.1388,3.6642,58.3954,2.0675
30/09/2010 00:00:00,0.3481,0.5135,19.3325,1.0000,0.0000,11.9506,202.4147,34.0776,2.7959,1.8606,0.8099,416.6667,175.3333,28.4201,33.8573,1.1423,4.1025,57.9655,2.0332
01/10/2010 00:00:00,0.3679,0.5193,19.4275,1.0000,0.0000,11.2597,204.1862,34.4883,2.7144,1.8330,0.7629,416.6667,175.3333,28.1894,33.2149,1.1721,4.5407,57.2707,2.0113
02/10/2010 00:00:00,0.3407,0.5252,19.5225,1.0000,0.0000,10.5687,205.9576,34.8989,2.7342,1.8743,0.7584,416.6667,175.3333,29.0223,34.7285,1.2694,4.9790,58.7320,2.1036
03/10/2010 00:00:00,0.3247,0.5310,19.6176,1.0000,0.0000,9.8778,207.7291,35.3096,2.7043,1.8828,0.7278,416.6667,175.3333,29.3548,35.2200,1.3280,5.4173,59.1712,2.1285
04/10/2010 00:00:00,0.3223,0.5368,19.7126,1.0000,0.0000,9.1869,209.5005,35.7203,2.6697,1.8886,0.6998,416.6667,175.3333,29.6503,35.6320,1.3931,5.8556,59.5308,2.1628
05/10/2010 00:00:00,0.3134,0.5426,19.8076,1.0000,0.0000,8.4959,211.2720,36.1309,2.6292,1.8907,0.6676,416.6667,175.3333,29.8922,35.9321,1.4518,6.2938,59.7785,2.1861
06/10/2010 00:00:00,0.2951,0.5525,19.6139,1.0000,0.0000,7.8050,211.3745,36.5416,2.5860,1.8914,0.6293,416.6667,175.3333,30.1145,36.1895,1.4972,6.7321,59.9836,2.1894
07/10/2010 00:00:00,0.2674,0.5651,19.2711,1.0000,0.0000,7.1140,210.6157,36.9523,2.5470,1.8958,0.5893,416.6667,175.3333,30.3987,36.5660,1.5371,7.1704,60.3077,2.1853
08/10/2010 00:00:00,0.2431,0.5778,18.9283,1.0000,0.0000,6.4231,209.8568,37.3629,2.4986,1.8936,0.5501,416.6667,175.3333,30.5809,36.7364,1.5770,7.6086,60.4257,2.1822
09/10/2010 00:00:00,0.2327,0.5904,18.5854,1.0000,0.0000,5.7322,209.0980,37.7736,2.4368,1.8816,0.5114,416.6667,175.3333,30.6059,36.5947,1.6159,8.0469,60.2317,2.1784
10/10/2010 00:00:00,1.4620,0.6031,18.2426,1.0000,0.0000,5.0412,208.3392,38.1843,2.7257,2.1457,0.5114,416.6667,175.3333,35.1546,45.3189,1.7880,8.4852,68.9035,2.3505
11/10/2010 00:00:00,0.7697,0.6158,17.8998,1.0000,0.0000,4.3503,207.5803,38.5949,2.2979,1.8454,0.3963,416.6667,175.3333,30.4557,35.9189,1.5396,8.9235,59.4512,1.9755
12/10/2010 00:00:00,0.2862,0.6284,17.5570,1.0000,0.0000,4.1240,206.8215,39.0056,2.2370,1.8340,0.4009,416.6667,175.3333,30.4910,35.7976,1.7401,9.0445,59.2776,2.1811
13/10/2010 00:00:00,0.2716,0.6404,17.7242,1.0000,0.0000,4.3755,204.8276,38.9742,2.1348,1.7880,0.3852,420.3227,176.0645,30.3104,35.4859,1.7408,8.9517,59.1642,2.1646
14/10/2010 00:00:00,0.2517,0.6518,18.1556,1.0000,0.0000,4.6269,202.1937,38.7133,2.0137,1.7246,0.3811,425.8762,177.1752,29.9880,34.9952,1.7248,8.8588,59.0020,2.1440
15/10/2010 00:00:00,0.2326,0.6632,18.5870,1.0000,0.0000,4.8784,199.5598,38.4524,1.9039,1.6686,0.3794,431.4297,178.2859,29.7547,34.6551,1.7196,8.7660,58.9903,2.1369
16/10/2010 00:00:00,0.2129,0.6746,19.0185,1.0000,0.0000,5.1299,196.9258,38.1915,1.8071,1.6222,0.3810,436.9832,179.3966,29.6586,34.5664,1.7300,8.6731,59.2301,2.1491
17/10/2010 00:00:00,0.1991,0.6860,19.4499,1.0000,0.0000,5.3814,194.2919,37.9307,1.7210,1.5839,0.3858,442.5367,180.5073,29.6825,34.7018,1.7542,8.5803,59.6939,2.1786
18/10/2010 00:00:00,0.1883,0.6974,19.8813,1.0000,0.0000,5.6328,191.6580,37.6698,1.6212,1.5314,0.3852,448.0902,181.6180,29.4084,34.2207,1.7544,8.4874,59.5413,2.1780
19/10/2010 00:00:00,0.1767,0.7088,20.3127,1.0000,0.0000,5.8843,189.0241,37.4089,1.5138,1.4692,0.3814,453.6437,182.7287,28.9076,33.2572,1.7403,8.3946,58.9062,2.1599
20/10/2010 00:00:00,0.1702,0.7115,20.5694,1.0000,0.0000,6.1358,189.2049,37.1480,1.4209,1.4187,0.3799,459.1972,183.8394,28.5926,32.6497,1.7362,8.3017,58.6272,2.1541
21/10/2010 00:00:00,1.8588,0.7080,20.7356,1.0000,0.0000,6.3873,190.8445,36.8872,1.5716,1.6162,0.4036,464.7507,184.9501,33.3600,42.5062,1.8479,8.2089,68.8122,2.2918
22/10/2010 00:00:00,0.2397,0.7045,20.9017,1.0000,0.0000,6.6387,192.4840,36.6263,1.2399,1.3153,0.3783,470.3042,186.0608,27.7986,31.0371,1.7350,8.1160,57.6715,2.1511
23/10/2010 00:00:00,0.2448,0.7010,21.0679,1.0000,0.0000,6.8902,194.1236,36.3654,1.1723,1.2846,0.3855,475.8577,187.1715,27.7954,31.0225,1.7714,8.0232,57.9854,2.1955
24/10/2010 00:00:00,0.2140,0.6975,21.2340,1.0000,0.0000,7.1417,195.7631,36.1045,1.0933,1.2397,0.3705,481.4112,188.2822,27.4559,30.2930,1.7054,7.9303,57.5843,2.1129
25/10/2010 00:00:00,0.2019,0.6939,21.4001,1.0000,0.0000,7.3931,197.4027,35.8437,1.0273,1.2074,0.3685,486.9647,189.3929,27.3671,30.0752,1.6994,7.8375,57.6950,2.1047
26/10/2010 00:00:00,0.1825,0.6904,21.5663,1.0000,0.0000,7.6446,199.0423,35.5828,0.9705,1.1847,0.3724,492.5182,190.5036,27.4778,30.2697,1.7211,7.7446,58.2179,2.1307
27/10/2010 00:00:00,0.1706,0.6869,21.7324,1.0000,0.0000,7.8961,200.6818,35.3219,0.9136,1.1608,0.3765,498.0717,191.6143,27.5451,30.3655,1.7431,7.6518,58.6422,2.1572
28/10/2010 00:00:00,1.1209,0.6744,21.6328,1.0000,0.0000,7.9513,201.3523,35.1240,0.9840,1.2566,0.3830,495.8099,191.1620,30.1357,35.9405,1.7714,7.5589,64.2568,2.1927
29/10/2010 00:00:00,0.2038,0.6553,21.3922,1.0000,0.0000,7.8684,201.5090,34.9595,0.8908,1.1212,0.3716,489.3911,189.8782,27.0033,29.3676,1.7140,7.4661,57.5700,2.1228
30/10/2010 00:00:00,0.1749,0.6363,21.1517,1.0000,0.0000,7.7855,201.6656,34.7950,0.9051,1.1227,0.3729,482.9723,188.5945,27.1538,29.7948,1.7149,7.3732,57.8833,2.1251
31/10/2010 00:00:00,0.1630,0.6173,20.9111,1.0000,0.0000,7.7025,201.8222,34.6306,0.9207,1.1256,0.3774,476.5534,187.3107,27.3406,30.2990,1.7311,7.2803,58.2735,2.1463
01/11/2010 00:00:00,0.1485,0.5982,20.6705,1.0000,0.0000,7.6196,201.9788,34.4661,0.9241,1.1133,0.3780,470.1346,186.0269,27.1606,30.0213,1.7289,7.1875,57.8820,2.1447
02/11/2010 00:00:00,0.1387,0.5792,20.4300,1.0000,0.0000,7.5366,202.1354,34.3016,0.9205,1.0928,0.3746,463.7158,184.7432,26.7802,29.3166,1.7083,7.0946,57.0633,2.1203
03/11/2010 00:00:00,0.1236,0.5732,20.5561,1.0000,0.0000,7.4537,199.8913,34.1371,0.9050,1.0588,0.3666,457.2970,183.4594,26.0622,27.8928,1.6672,7.0018,55.5256,2.0705
04/11/2010 00:00:00,0.1158,0.5763,20.8649,1.0000,0.0000,7.3708,196.4520,33.9727,0.9026,1.0404,0.3635,450.8781,182.1756,25.7277,27.2864,1.6484,6.9089,54.8053,2.0483
05/11/2010 00:00:00,0.1150,0.5795,21.1736,1.0000,0.0000,7.2878,193.0128,33.8082,0.9108,1.0345,0.3641,444.4593,180.8919,25.6980,27.3295,1.6465,6.8161,54.7344,2.0470
06/11/2010 00:00:00,0.1161,0.5827,21.4823,1.0000,0.0000,7.2049,189.5735,33.6437,0.9299,1.0407,0.3689,438.0405,179.6081,25.9724,28.0200,1.6634,6.7232,55.3110,2.0691
07/11/2010 00:00:00,0.1144,0.5859,21.7910,1.0000,0.0000,7.1219,186.1343,33.4793,0.9396,1.0359,0.3700,431.6216,178.3243,25.9771,28.1358,1.6639,6.6304,55.3129,2.0709
08/11/2010 00:00:00,0.1149,0.5890,22.0998,1.0000,0.0000,7.0390,182.6950,33.3148,0.9546,1.0369,0.3732,425.2028,177.0406,26.1269,28.5607,1.6733,6.5375,55.6238,2.0839
09/11/2010 00:00:00,0.1137,0.5922,22.4085,1.0000,0.0000,6.9622,179.2558,33.1503,0.9661,1.0337,0.3750,418.7840,175.7568,26.1733,28.7651,1.6766,6.4235,55.7144,2.0891
10/11/2010 00:00:00,0.1154,0.5910,22.3282,1.0000,0.0000,6.8908,181.2946,33.7259,0.9854,1.0386,0.3919,416.6667,175.3333,26.2522,29.4995,1.6760,6.2950,56.1694,2.1070
11/11/2010 00:00:00,1.4662,0.5867,22.0573,1.0000,0.0000,6.8195,186.0169,34.6656,1.1863,1.2317,0.4341,416.6667,175.3333,30.9728,40.4832,1.7463,6.1665,66.7924,2.2238
12/11/2010 00:00:00,0.1555,0.5824,21.7865,1.0000,0.0000,6.7481,190.7392,35.6054,0.9863,1.0086,0.4129,416.6667,175.3333,25.2315,28.9014,1.5690,6.0381,54.8497,2.0232
13/11/2010 00:00:00,0.1267,0.5782,21.5156,1.0000,0.0000,6.6768,195.4615,36.5452,1.0639,1.0716,0.4675,416.6667,175.3333,26.6634,32.8520,1.6839,5.9096,58.4397,2.1982
14/11/2010 00:00:00,0.1166,0.5739,21.2447,1.0000,0.0000,6.6054,200.1838,37.4850,1.0571,1.0486,0.4777,416.6667,175.3333,25.9489,32.1254,1.6361,5.7812,57.3523,2.1616
15/11/2010 00:00:00,0.1072,0.5696,20.9739,1.0000,0.0000,6.5341,204.9061,38.4247,1.0489,1.0246,0.4861,416.6667,175.3333,25.2122,31.3373,1.5879,5.6527,56.2035,2.1226
16/11/2010 00:00:00,0.0968,0.5653,20.7030,1.0000,0.0000,6.4627,209.6284,39.3645,1.0374,0.9979,0.4922,416.6667,175.3333,24.4142,30.3982,1.5371,5.5243,54.9036,2.0785
17/11/2010 00:00:00,0.0892,0.5725,20.8981,1.0000,0.0000,6.3914,207.7020,40.3043,1.0304,0.9760,0.4989,416.6667,175.3333,23.7370,29.7165,1.4932,5.3958,53.8612,2.0420
18/11/2010 00:00:00,0.0791,0.5876,21.3368,1.0000,0.0000,6.3200,202.2984,41.2440,1.0135,0.9452,0.5000,416.6667,175.3333,22.8483,28.5384,1.4368,5.2674,52.3223,1.9868
19/11/2010 00:00:00,0.0673,0.6028,21.7755,1.0000,0.0000,6.2486,196.8948,42.1838,0.9829,0.9024,0.4927,416.6667,175.3333,21.6788,26.6892,1.3623,5.1389,50.1124,1.9043
20/11/2010 00:00:00,0.0636,0.6179,22.2142,1.0000,0.0000,6.1773,191.4912,43.1236,0.9810,0.8866,0.4985,416.6667,175.3333,21.1643,26.3332,1.3287,5.0104,49.3956,1.8771
21/11/2010 00:00:00,0.2458,0.6331,22.6529,1.0000,0.0000,6.1059,186.0876,44.0634,0.9858,0.8770,0.4781,416.6667,175.3333,20.7974,26.3181,1.2302,4.8820,49.0197,1.7561
22/11/2010 00:00:00,0.1109,0.6482,23.0917,1.0000,0.0000,6.0346,180.6840,45.0031,0.9553,0.8365,0.4754,416.6667,175.3333,19.7032,24.5706,1.1829,4.7535,46.9115,1.7059
23/11/2010 00:00:00,0.1110,0.6634,23.5304,1.0000,0.0000,6.0000,175.2804,45.9429,0.9354,0.8062,0.4040,416.6667,175.3333,18.8567,23.3824,0.9732,5.3796,45.3626,1.4175
24/11/2010 00:00:00,0.0729,0.6938,23.6961,1.0000,0.0000,6.0000,175.4747,46.2633,1.1193,0.9337,0.5748,416.6667,175.3333,21.5570,29.9164,1.3413,6.5446,51.9315,1.9735
25/11/2010 00:00:00,0.0691,0.7354,23.7204,1.0000,0.0000,6.0000,178.5664,46.2633,1.1708,0.9398,0.5802,416.6667,175.3333,21.3639,29.0435,1.3124,7.7097,51.2982,1.9507
26/11/2010 00:00:00,0.0646,0.7770,23.7448,1.0000,0.0000,6.0000,181.6580,46.2633,1.2190,0.9445,0.5850,416.6667,175.3333,21.1476,28.1204,1.2834,8.8747,50.6147,1.9269
27/11/2010 00:00:00,0.0569,0.8186,23.7692,1.0000,0.0000,6.0000,184.7497,46.2633,1.2403,0.9301,0.5777,416.6667,175.3333,20.5234,26.2300,1.2305,10.0398,48.9640,1.8660
28/11/2010 00:00:00,0.0491,0.8603,23.7936,1.0000,0.0000,6.0000,187.8414,46.2633,1.2448,0.9056,0.5636,416.6667,175.3333,19.7001,23.8780,1.1660,11.2048,46.8516,1.7859
29/11/2010 00:00:00,0.0438,0.9019,23.8179,1.0000,0.0000,6.0000,190.9330,46.2633,1.2560,0.8883,0.5532,416.6667,175.3333,19.0576,21.9690,1.1125,12.3698,45.1823,1.7210
30/11/2010 00:00:00,0.0396,0.9435,23.8423,1.0000,0.0000,6.0000,194.0247,46.2633,1.2679,0.8734,0.5439,416.6667,175.3333,18.4882,20.2442,1.0640,13.5349,43.6972,1.6622
01/12/2010 00:00:00,0.0376,0.9942,23.6982,1.0000,0.0000,6.0000,192.7797,46.2633,1.3019,0.8750,0.5448,416.6667,175.3333,18.2821,19.3858,1.0373,14.6999,43.0783,1.6366
02/12/2010 00:00:00,0.0378,1.0511,23.4764,1.0000,0.0000,6.0000,189.5362,46.2633,1.3632,0.8953,0.5578,416.6667,175.3333,18.4692,19.4560,1.0343,15.8649,43.3882,1.6479
03/12/2010 00:00:00,0.0374,1.1081,23.2546,1.0000,0.0000,6.0000,186.2927,46.2633,1.4166,0.9104,0.5675,416.6667,175.3333,18.5490,19.2740,1.0254,17.0300,43.4458,1.6496
04/12/2010 00:00:00,0.0399,1.1650,23.0328,1.0000,0.0000,6.0000,183.0492,46.2633,1.5082,0.9497,0.5929,416.6667,175.3333,19.1170,20.2328,1.0443,18.1950,44.6443,1.6965
05/12/2010 00:00:00,0.0750,1.2220,22.8110,1.0000,0.0000,6.0000,179.8057,46.2633,1.6032,0.9902,0.6171,416.6667,175.3333,19.6998,21.2203,1.0603,19.3600,45.8714,1.7391
06/12/2010 00:00:00,0.1819,1.2789,22.5892,1.0000,0.0000,6.0000,176.5622,46.2633,1.5680,0.9509,0.5559,416.6667,175.3333,18.7033,18.5348,0.9321,20.5251,43.4256,1.5436
07/12/2010 00:00:00,0.1824,1.3359,22.3674,1.0000,0.0000,6.1514,173.3186,46.2633,1.7538,1.0454,0.6363,416.6667,175.3333,20.3325,21.9433,1.0416,20.3222,47.0737,1.7416
08/12/2010 00:00:00,0.0477,1.4254,22.4307,1.0000,0.0000,6.4365,173.3814,46.2633,1.7840,1.0352,0.6825,416.6667,175.3333,20.6269,22.1127,1.0586,19.1781,47.5461,1.8093
09/12/2010 00:00:00,0.0470,1.5387,22.6468,1.0000,0.0000,6.7215,175.2146,46.2633,1.7558,0.9858,0.7029,416.6667,175.3333,20.5166,21.2801,1.0170,18.0339,47.0506,1.7902
10/12/2010 00:00:00,0.0421,1.6521,22.8628,1.0000,0.0000,7.0065,177.0478,46.2633,1.7231,0.9354,0.7226,416.6667,175.3333,20.3443,20.3158,0.9757,16.8898,46.4234,1.7705
11/12/2010 00:00:00,0.0401,1.7655,23.0789,1.0000,0.0000,7.2916,178.8810,46.2633,1.6931,0.8879,0.7408,416.6667,175.3333,20.1942,19.4132,0.9342,15.7456,45.8579,1.7492
12/12/2010 00:00:00,0.0364,1.8788,23.2949,1.0000,0.0000,7.5766,180.7142,46.2633,1.6391,0.8298,0.7470,416.6667,175.3333,19.7461,17.8468,0.8799,14.6014,44.6286,1.7015
13/12/2010 00:00:00,0.0330,1.9922,23.5110,1.0000,0.0000,7.8616,182.5474,46.2633,1.5845,0.7735,0.7504,416.6667,175.3333,19.2748,16.2440,0.8258,13.4573,43.3629,1.6513
14/12/2010 00:00:00,0.0306,2.1056,23.7270,1.0000,0.0000,8.1467,184.3806,46.2633,1.5417,0.7251,0.7576,416.6667,175.3333,18.9347,14.9506,0.7790,12.3131,42.4066,1.6123
15/12/2010 00:00:00,0.0286,2.1498,23.5274,1.0000,0.0000,8.4317,185.4732,46.2633,1.5064,0.6820,0.7672,416.6667,175.3333,18.6759,13.8507,0.7369,11.1689,41.6439,1.5807
16/12/2010 00:00:00,0.0269,2.1466,23.1158,1.0000,0.0000,8.7167,186.1878,46.2633,1.4730,0.6410,0.7764,416.6667,175.3333,18.4296,12.7887,0.6964,10.0248,40.9189,1.5504
17/12/2010 00:00:00,0.0248,2.1434,22.7042,1.0000,0.0000,9.0018,186.9025,46.2633,1.4318,0.5983,0.7796,416.6667,175.3333,18.0764,11.4999,0.6527,8.8806,39.9672,1.5103
18/12/2010 00:00:00,0.0226,2.1402,22.2926,1.0000,0.0000,9.2868,187.6171,46.2633,1.3838,0.5546,0.7770,416.6667,175.3333,17.6260,10.0082,0.6068,7.7365,38.8126,1.4615
19/12/2010 00:00:00,0.0210,2.1370,21.8809,1.0000,0.0000,9.5719,188.3317,46.2633,1.3483,0.5175,0.7800,416.6667,175.3333,17.3236,8.8535,0.5677,6.5923,37.9950,1.4257
20/12/2010 00:00:00,0.9709,2.1338,21.4693,1.0000,0.0000,9.8569,189.0464,46.2633,2.0560,0.7545,1.0840,416.6667,175.3333,26.6420,28.7265,0.7346,5.4481,58.2052,1.9270
21/12/2010 00:00:00,0.6796,2.1305,21.0577,1.0000,0.0000,9.9335,189.7610,46.2633,1.9296,0.6761,1.0655,416.6667,175.3333,25.2149,25.0623,0.6714,5.8504,54.8780,1.8435
22/12/2010 00:00:00,0.0267,2.2311,21.2747,1.0000,0.0000,9.8000,189.0762,46.8942,1.4693,0.5122,0.9109,416.6667,175.3333,19.2133,12.2086,0.5828,7.2482,41.9063,1.5848
23/12/2010 00:00:00,0.0579,2.4040,21.8077,1.0000,0.0000,9.6665,187.6883,47.8425,1.2704,0.4502,0.6010,416.6667,175.3333,16.5600,6.9572,0.4075,8.6461,36.3078,1.0687
24/12/2010 00:00:00,0.0308,2.5769,22.3406,1.0000,0.0000,9.5330,186.3004,48.7908,1.4522,0.5231,0.8469,416.6667,175.3333,18.8681,12.5853,0.6075,10.0440,41.5889,1.5391
25/12/2010 00:00:00,0.0274,2.7499,22.8736,1.0000,0.0000,9.3995,184.9125,49.7391,1.4866,0.5444,0.8699,416.6667,175.3333,19.2512,14.0074,0.6590,11.4418,42.6640,1.6160
26/12/2010 00:00:00,0.0200,2.9228,23.4066,1.0000,0.0000,9.2660,183.5245,50.6874,1.3405,0.4990,0.7628,416.6667,175.3333,17.3011,10.2455,0.6094,12.8397,38.5551,1.4485
27/12/2010 00:00:00,0.0166,3.0957,23.9395,1.0000,0.0000,9.1325,182.1366,51.6357,1.2497,0.4730,0.6908,416.6667,175.3333,16.0733,8.0591,0.5812,14.2376,36.0217,1.3411
28/12/2010 00:00:00,0.0155,3.2686,24.4725,1.0000,0.0000,8.9990,180.7487,52.5840,1.2195,0.4693,0.6577,416.6667,175.3333,15.6296,7.6144,0.5820,15.6354,35.2300,1.3055
29/12/2010 00:00:00,0.0147,3.4415,25.0055,1.0000,0.0000,8.8655,179.3608,53.5322,1.1975,0.4685,0.6307,416.6667,175.3333,15.2920,7.4039,0.5864,17.0333,34.6725,1.2802
30/12/2010 00:00:00,0.0155,3.6145,25.5384,1.0000,0.0000,8.7320,177.9728,54.4805,1.2319,0.4901,0.6379,416.6667,175.3333,15.6741,8.8317,0.6224,18.4311,35.7533,1.3240
31/12/2010 00:00:00,0.0149,3.8146,26.0120,1.0000,0.0000,8.5985,174.7209,55.4288,1.2205,0.4938,0.6185,416.6667,175.3333,15.4696,8.9297,0.6327,19.8290,35.5043,1.3130
01/01/2011 00:00:00,0.0142,4.0344,26.4550,1.0000,0.0000,8.4650,170.5057,56.3771,1.1973,0.4926,0.5931,416.6667,175.3333,15.1173,8.6866,0.6356,21.2269,34.9142,1.2880
02/01/2011 00:00:00,0.0132,4.2542,26.8980,1.0000,0.0000,8.3314,166.2906,57.3254,1.1602,0.4854,0.5610,416.6667,175.3333,14.5897,8.0321,0.6293,22.6247,33.9126,1.2464
03/01/2011 00:00:00,0.0127,4.4739,27.3409,1.0000,0.0000,8.1979,162.0755,58.2737,1.1429,0.4863,0.5407,416.6667,175.3333,14.3138,7.9567,0.6343,24.0226,33.4902,1.2290
04/01/2011 00:00:00,0.0142,4.6937,27.7839,1.0000,0.0000,8.0644,157.8603,59.2220,1.1631,0.5034,0.5349,416.6667,175.3333,14.5066,8.9834,0.6559,25.4205,34.1699,1.2443
05/01/2011 00:00:00,0.1624,4.9135,28.2268,1.0000,0.0000,7.8806,153.6452,60.1703,1.4092,0.6204,0.6105,416.6667,175.3333,17.5004,16.6662,0.7819,25.1087,41.5057,1.4534
06/01/2011 00:00:00,3.4089,4.8166,27.9724,1.0000,0.0000,7.6498,154.0656,61.5723,2.5843,1.1851,1.0179,420.8587,176.1717,33.9003,54.5558,1.3303,23.5863,79.7995,2.4500
07/01/2011 00:00:00,0.0525,4.4810,27.3494,1.0000,0.0000,7.4190,156.9365,63.2143,0.9678,0.4690,0.4661,427.2669,177.4534,13.8456,6.0803,0.6140,22.0639,32.1256,1.1267
08/01/2011 00:00:00,0.0188,4.1455,26.7263,1.0000,0.0000,7.1883,159.8074,64.8563,1.0770,0.5529,0.5907,433.6751,178.7350,16.8220,11.6592,0.7844,20.5415,38.5061,1.4342
09/01/2011 00:00:00,0.0179,3.8100,26.1033,1.0000,0.0000,6.9575,162.6783,66.4982,0.9846,0.5369,0.5799,440.0833,180.0167,16.8148,10.3523,0.7760,19.0190,38.0007,1.4139
10/01/2011 00:00:00,0.0151,3.4745,25.4803,1.0000,0.0000,6.7267,165.5492,68.1402,0.8497,0.4936,0.5356,446.4915,181.2983,15.8952,7.0411,0.7225,17.4966,35.4911,1.3117
11/01/2011 00:00:00,0.0131,3.1389,24.8572,1.0000,0.0000,6.4959,168.4202,69.7821,0.7365,0.4574,0.4983,452.8997,182.5799,15.1279,4.1424,0.6773,15.9742,33.3939,1.2255
12/01/2011 00:00:00,0.0116,3.4500,24.7223,1.0000,0.0000,6.2651,168.5131,71.4241,0.6399,0.4265,0.4661,459.3079,183.8616,14.4736,1.5523,0.6385,14.4518,31.6054,1.1513
13/01/2011 00:00:00,0.0113,4.2099,24.8306,1.0000,0.0000,6.0343,167.2216,73.0661,0.5804,0.4170,0.4601,465.7161,185.1432,14.5061,0.4978,0.6350,12.9293,31.3524,1.1411
14/01/2011 00:00:00,0.0111,4.9697,24.9389,1.0000,0.0000,5.8036,165.9301,74.7080,0.5279,0.4110,0.4580,472.1243,186.4249,14.6408,0.0000,0.6369,11.4069,31.3359,1.1407
15/01/2011 00:00:00,0.0117,5.7296,25.0472,1.0000,0.0000,5.5728,164.6386,76.3500,0.4943,0.4194,0.4743,478.5325,187.7065,15.2885,0.0000,0.6646,9.8845,32.4193,1.1863
16/01/2011 00:00:00,0.0119,6.4895,25.1555,1.0000,0.0000,5.3420,163.3471,77.9919,0.4511,0.4200,0.4804,484.9407,188.9881,15.6548,0.0000,0.6782,8.3621,32.9032,1.2067
17/01/2011 00:00:00,0.0117,7.2493,25.2638,1.0000,0.0000,5.1112,162.0556,79.6339,0.4010,0.4130,0.4766,491.3489,190.2698,15.7303,0.0000,0.6778,6.8396,32.7837,1.2020
18/01/2011 00:00:00,0.0404,8.0092,25.3721,1.0000,0.0000,5.0372,160.7641,81.2758,0.4618,0.5316,0.6465,497.7571,191.5514,20.6713,7.8727,0.9263,6.8956,42.7351,1.6375
19/01/2011 00:00:00,0.0117,8.5905,25.2035,1.0000,0.0000,5.1090,160.1671,82.0160,0.3583,0.4106,0.4718,503.8756,192.7751,16.1307,0.0000,0.7071,8.0951,33.3434,1.2261
20/01/2011 00:00:00,0.0113,9.0333,24.8859,1.0000,0.0000,5.1808,159.9436,82.2707,0.3749,0.4021,0.4483,509.8380,193.9676,15.8686,0.0000,0.7161,9.2946,32.9306,1.2093
21/01/2011 00:00:00,0.0113,9.4761,24.5683,1.0000,0.0000,5.2526,159.7201,82.5253,0.3849,0.3882,0.4133,515.8005,195.1601,15.3911,0.0000,0.7023,10.4941,32.0621,1.1569
22/01/2011 00:00:00,0.0115,9.9189,24.2507,1.0000,0.0000,5.3244,159.4965,82.7799,0.4232,0.4031,0.4257,521.7629,196.3526,16.0532,0.0000,0.7682,11.6937,33.5665,1.2364
23/01/2011 00:00:00,0.3160,10.3617,23.9331,1.0000,0.0000,5.3963,159.2730,83.0345,0.8132,0.7342,0.7022,527.7253,197.5451,29.3654,24.5342,1.3439,12.8932,61.6257,2.1163
24/01/2011 00:00:00,0.0148,10.8045,23.6155,1.0000,0.0000,5.4681,159.0495,83.2892,0.5189,0.4455,0.4531,533.6878,198.7376,17.8974,0.1824,0.9184,14.0927,37.6931,1.4169
25/01/2011 00:00:00,0.0478,11.2473,23.2979,1.0000,0.0000,5.5399,158.8260,83.5438,0.5736,0.4697,0.4853,539.6502,199.9300,18.9504,2.1199,1.0405,15.2922,40.0496,1.5743
26/01/2011 00:00:00,0.0146,10.9246,23.4395,1.0000,0.0000,5.6117,158.6614,83.7984,0.5632,0.4411,0.4206,545.6126,201.1225,17.8686,0.0000,0.9529,16.4917,37.8918,1.4155
27/01/2011 00:00:00,0.0132,10.0604,23.8173,1.0000,0.0000,5.6835,158.5272,84.0530,0.5628,0.4225,0.3901,551.5751,202.3150,17.1880,0.0000,0.9330,17.6913,36.5697,1.3621
28/01/2011 00:00:00,0.0131,9.1961,24.1952,1.0000,0.0000,5.7553,158.3930,84.3077,0.5529,0.3988,0.3503,557.5375,203.5075,16.2878,0.0000,0.8837,18.8908,34.7670,1.2691
29/01/2011 00:00:00,0.0712,8.3319,24.5731,1.0000,0.0000,5.8271,158.2589,84.5623,0.5844,0.4057,0.2751,563.5000,204.7000,16.6384,0.0000,0.7313,20.0903,35.6281,1.0339
30/01/2011 00:00:00,1.6985,7.4676,24.9509,1.0000,0.0000,5.8989,158.1247,84.8169,1.1526,0.7716,0.6193,569.4624,205.8925,31.7679,28.2116,1.7343,21.2898,68.2366,2.4155
31/01/2011 00:00:00,0.3109,6.6033,25.3288,1.0000,0.0000,5.9707,157.9905,85.0715,0.8403,0.5434,0.4223,575.4248,207.0850,22.4579,7.9412,1.2450,22.4894,48.3853,1.7096
01/02/2011 00:00:00,0.0261,5.7391,25.7067,1.0000,0.0000,6.1262,157.8563,85.3261,0.5681,0.3554,0.2869,581.3873,208.2775,14.7442,0.0000,0.8897,22.6299,31.8607,1.2053
02/02/2011 00:00:00,0.0128,5.3364,25.5643,1.0000,0.0000,6.3392,161.6798,83.3565,0.6645,0.4157,0.3282,575.3217,207.0643,17.0361,0.0000,1.0131,21.9856,36.8193,1.3741
03/02/2011 00:00:00,0.0114,5.2466,25.1698,1.0000,0.0000,6.5521,167.4208,80.3090,0.6416,0.4078,0.3214,563.4282,204.6856,16.3773,0.0000,0.9609,21.3412,35.3527,1.3145
04/02/2011 00:00:00,0.0166,5.1569,24.7753,1.0000,0.0000,6.7651,173.1619,77.2615,0.5586,0.3607,0.2135,551.5346,202.3069,14.1917,0.0000,0.6177,20.6969,30.5967,0.8525
05/02/2011 00:00:00,0.0098,5.0672,24.3808,1.0000,0.0000,6.9781,178.9029,74.2141,0.5910,0.3877,0.2987,539.6410,199.9282,14.9449,0.0000,0.8359,20.0525,32.1790,1.1645
06/02/2011 00:00:00,0.0084,4.9774,23.9863,1.0000,0.0000,7.1911,184.6439,71.1666,0.5738,0.3825,0.2988,527.7475,197.5495,14.4405,0.0000,0.8079,19.4081,31.0517,1.1367
07/02/2011 00:00:00,0.0079,4.8877,23.5918,1.0000,0.0000,7.4041,190.3850,68.1192,0.5615,0.3804,0.2968,515.8539,195.1708,14.0600,0.0000,0.7745,18.7638,30.1920,1.1009
08/02/2011 00:00:00,0.0078,4.7980,23.1974,1.0000,0.0000,7.6171,196.1260,65.0717,0.5663,0.3899,0.3052,503.9604,192.7921,14.1098,0.0000,0.7680,18.1194,30.2560,1.1036
09/02/2011 00:00:00,0.0081,5.3717,23.2670,1.0000,0.0000,7.8301,195.1824,62.0242,0.5813,0.4068,0.3204,492.0668,190.4134,14.4079,0.0000,0.7767,17.4751,30.8500,1.1292
10/02/2011 00:00:00,0.0080,6.4270,23.5845,1.0000,0.0000,8.0430,190.6679,58.9768,0.5879,0.4182,0.3305,480.1733,188.0347,14.4921,0.0000,0.7710,16.8307,30.9832,1.1346
11/02/2011 00:00:00,0.0075,7.4823,23.9020,1.0000,0.0000,8.2560,186.1534,55.9293,0.5748,0.4157,0.3283,468.2797,185.6559,14.0922,0.0000,0.7360,16.1863,30.0810,1.0971
12/02/2011 00:00:00,0.0073,8.5376,24.2196,1.0000,0.0000,8.4690,181.6388,52.8819,0.5717,0.4204,0.3326,456.3862,183.2772,13.9372,0.0000,0.7155,15.5420,29.7019,1.0813
13/02/2011 00:00:00,0.0069,9.5930,24.5371,1.0000,0.0000,8.6820,177.1243,49.8344,0.5631,0.4210,0.3332,444.4926,180.8985,13.6465,0.0000,0.6871,14.8976,29.0332,1.0537
14/02/2011 00:00:00,0.0070,10.6483,24.8547,1.0000,0.0000,8.8950,172.6098,46.7870,0.5735,0.4360,0.3470,432.5991,178.5198,13.8144,0.0000,0.6848,14.2533,29.3390,1.0665
15/02/2011 00:00:00,0.0072,11.7036,25.1722,1.0000,0.0000,9.1087,168.0952,43.7395,0.5911,0.4571,0.3667,420.7055,176.1411,14.1516,0.0000,0.6913,14.0866,30.0007,1.0947
16/02/2011 00:00:00,0.0061,12.8678,25.2328,1.0000,0.0000,9.3232,166.5036,44.8862,0.5222,0.4221,0.3156,420.5964,176.1193,12.8321,0.0000,0.6502,14.2292,27.6911,0.9973
17/02/2011 00:00:00,0.0057,14.1082,25.1615,1.0000,0.0000,9.5377,166.4143,48.1896,0.4698,0.4025,0.2754,426.5467,177.3093,12.0565,0.0000,0.6536,14.3718,26.7183,0.9565
18/02/2011 00:00:00,0.0061,15.3485,25.0901,1.0000,0.0000,9.7522,166.3251,51.4930,0.4585,0.4164,0.2663,432.4970,178.4994,12.2980,0.0000,0.7158,14.5145,27.9478,1.0086
19/02/2011 00:00:00,0.0066,16.5888,25.0187,1.0000,0.0000,9.9667,166.2359,54.7964,0.4483,0.4316,0.2593,438.4473,179.6895,12.5728,0.0000,0.7793,14.6571,29.2622,1.0646
20/02/2011 00:00:00,0.0062,17.8291,24.9473,1.0000,0.0000,10.1812,166.1466,58.0997,0.4060,0.4145,0.2321,444.3976,180.8795,11.9172,0.0000,0.7718,14.7997,28.3719,1.0270
21/02/2011 00:00:00,0.0070,19.0694,24.8759,1.0000,0.0000,10.3957,166.0574,61.4031,0.4057,0.4392,0.2338,450.3479,182.0696,12.4711,0.0000,0.8531,14.9424,30.3373,1.1104
22/02/2011 00:00:00,0.0058,20.3097,24.8045,1.0000,0.0000,10.6102,165.9682,64.7065,0.3453,0.3966,0.1963,456.2982,183.2596,11.1266,0.0000,0.7801,15.0850,27.6279,0.9960
23/02/2011 00:00:00,0.0053,21.1542,25.0416,1.0000,0.0000,10.8247,164.4432,68.0099,0.3065,0.3738,0.1736,462.2486,184.4497,10.3662,0.0000,0.7467,15.2276,26.2488,0.9376
24/02/2011 00:00:00,0.0055,21.7141,25.4401,1.0000,0.0000,11.0392,162.1665,71.3133,0.2948,0.3818,0.1693,468.1989,185.6398,10.4706,0.0000,0.7842,15.3702,27.0137,0.9704
25/02/2011 00:00:00,0.0059,22.2741,25.8387,1.0000,0.0000,11.2537,159.8899,74.6166,0.2878,0.3963,0.1686,474.1492,186.8298,10.7515,0.0000,0.8370,15.5129,28.2387,1.0225
26/02/2011 00:00:00,0.0061,22.8341,26.2372,1.0000,0.0000,11.4682,157.6132,77.9200,0.2743,0.4019,0.1637,480.0995,188.0199,10.7898,0.0000,0.8680,15.6555,28.8288,1.0480
27/02/2011 00:00:00,0.0056,23.3940,26.6358,1.0000,0.0000,11.6827,155.3365,81.2234,0.2457,0.3835,0.1483,486.0498,189.2100,10.1934,0.0000,0.8364,15.7981,27.6857,0.9995
28/02/2011 00:00:00,0.0055,23.9540,27.0343,1.0000,0.0000,11.8972,153.0598,84.5268,0.2297,0.3823,0.1417,492.0001,190.4000,10.0651,0.0000,0.8476,15.9408,27.7709,1.0034
01/03/2011 00:00:00,1.9139,24.5140,27.4329,1.0000,0.0000,11.9256,150.7832,87.8301,0.5928,1.0533,0.3403,497.9504,191.5901,27.4721,37.7526,2.1530,16.1671,76.9534,2.5273
02/03/2011 00:00:00,0.0056,23.8742,27.2829,1.0000,0.0000,11.7827,151.0253,89.1348,0.2015,0.3425,0.1194,500.0000,192.0000,8.9799,0.0000,0.7432,16.4528,24.9748,0.8745
03/03/2011 00:00:00,0.0048,22.3505,26.8453,1.0000,0.0000,11.6399,152.5883,89.3892,0.2319,0.3578,0.1324,500.0000,192.0000,9.5073,0.0000,0.7808,16.7386,25.9448,0.9265
04/03/2011 00:00:00,0.0052,20.8269,26.4076,1.0000,0.0000,11.4970,154.1513,89.6437,0.2698,0.3801,0.1482,500.0000,192.0000,10.2354,0.0000,0.8252,17.0244,27.3955,0.9882
05/03/2011 00:00:00,0.0055,19.3032,25.9700,1.0000,0.0000,11.3542,155.7143,89.8982,0.3067,0.3966,0.1624,500.0000,192.0000,10.8243,0.0000,0.8527,17.3101,28.4028,1.0313
06/03/2011 00:00:00,0.0057,17.7796,25.5324,1.0000,0.0000,11.2113,157.2773,90.1526,0.3431,0.4091,0.1758,500.0000,192.0000,11.3211,0.0000,0.8676,17.5959,29.1100,1.0610
07/03/2011 00:00:00,0.0058,16.2559,25.0947,1.0000,0.0000,11.0685,158.8403,90.4071,0.3759,0.4147,0.1869,500.0000,192.0000,11.6401,0.0000,0.8640,17.8816,29.3152,1.0696
08/03/2011 00:00:00,0.0060,14.7323,24.6571,1.0000,0.0000,10.9256,160.4033,90.6615,0.4181,0.4284,0.2033,500.0000,192.0000,12.1977,0.0000,0.8781,18.1674,30.0730,1.1017
09/03/2011 00:00:00,0.0058,13.2086,24.2194,1.0000,0.0000,10.7828,161.9663,90.9160,0.4439,0.4236,0.2108,500.0000,192.0000,12.2373,0.0000,0.8469,18.4531,29.5205,1.0787
10/03/2011 00:00:00,0.0056,12.6788,23.9424,1.0000,0.0000,10.6399,163.9434,91.1705,0.4749,0.4233,0.2216,500.0000,192.0000,12.4081,0.0000,0.8250,18.7389,29.2713,1.0687
11/03/2011 00:00:00,0.0056,12.8461,23.7487,1.0000,0.0000,10.4971,166.1353,91.4249,0.5101,0.4255,0.2351,500.0000,192.0000,12.6639,0.0000,0.8068,19.0247,29.1983,1.0654
12/03/2011 00:00:00,0.0055,13.0134,23.5550,1.0000,0.0000,10.3542,168.3271,91.6794,0.5474,0.4284,0.2506,500.0000,192.0000,12.9453,0.0000,0.7882,19.3104,29.1534,1.0639
13/03/2011 00:00:00,0.0055,13.1807,23.3613,1.0000,0.0000,10.2114,170.5190,91.9338,0.5893,0.4334,0.2695,500.0000,192.0000,13.3028,0.0000,0.7715,19.5962,29.2438,1.0679
14/03/2011 00:00:00,0.0052,13.3480,23.1676,1.0000,0.0000,10.0685,172.7109,92.1883,0.6202,0.4293,0.2838,500.0000,192.0000,13.3885,0.0000,0.7334,19.8819,28.7108,1.0455
15/03/2011 00:00:00,0.0047,13.5153,22.9738,1.0000,0.0000,9.8885,174.9027,92.4428,0.6321,0.4124,0.2895,500.0000,192.0000,13.0725,0.0000,0.6688,19.8742,27.3269,0.9872
16/03/2011 00:00:00,0.0040,13.7416,22.9847,1.0000,0.0000,9.6741,176.2532,91.8458,0.5834,0.3711,0.2666,496.0140,191.2028,11.9141,0.0000,0.5839,19.6598,24.7360,0.8771
17/03/2011 00:00:00,0.0041,14.0083,23.0960,1.0000,0.0000,9.4597,177.1903,90.8298,0.5964,0.3758,0.2791,490.0661,190.0132,12.1995,0.0000,0.5988,19.4455,25.3954,0.9058
18/03/2011 00:00:00,0.0042,14.2749,23.2074,1.0000,0.0000,9.2453,178.1273,89.8138,0.6095,0.3802,0.2917,484.1181,188.8236,12.4862,0.0000,0.6131,19.2311,26.0619,0.9340
19/03/2011 00:00:00,0.0046,14.5416,23.3188,1.0000,0.0000,9.0309,179.0643,88.7978,0.6382,0.3941,0.3138,478.1702,187.6340,13.0956,0.0000,0.6461,19.0167,27.4080,0.9913
20/03/2011 00:00:00,0.0046,14.8082,23.4302,1.0000,0.0000,8.8165,180.0013,87.7817,0.6336,0.3873,0.3171,472.2222,186.4444,13.0244,0.0000,0.6396,18.8024,27.3337,0.9884
21/03/2011 00:00:00,0.0046,15.0748,23.5415,1.0000,0.0000,8.6021,180.9384,86.7657,0.6344,0.3836,0.3235,466.2743,185.2549,13.0631,0.0000,0.6391,18.5880,27.4908,0.9950
22/03/2011 00:00:00,0.0048,15.3415,23.6529,1.0000,0.0000,8.3877,181.8754,85.7497,0.6278,0.3755,0.3195,460.3263,184.0653,12.9498,0.0000,0.6183,18.3736,27.3290,0.9698
23/03/2011 00:00:00,0.0047,15.4603,23.6481,1.0000,0.0000,8.1733,182.9318,84.7337,0.6459,0.3820,0.3430,454.3784,182.8757,13.3469,0.0000,0.6503,18.1592,28.2469,1.0275
24/03/2011 00:00:00,0.0048,15.4755,23.5852,1.0000,0.0000,7.9590,184.0479,83.7176,0.6536,0.3820,0.3542,448.4304,181.6861,13.5289,0.0000,0.6578,17.9449,28.7144,1.0474
25/03/2011 00:00:00,0.0046,15.4908,23.5224,1.0000,0.0000,7.7446,185.1640,82.7016,0.6362,0.3674,0.3498,442.4824,180.4965,13.1936,0.0000,0.6364,17.7305,28.0841,1.0211
26/03/2011 00:00:00,0.0043,15.5060,23.4595,1.0000,0.0000,7.5302,186.2802,81.6856,0.6143,0.3503,0.3420,436.5345,179.3069,12.7619,0.0000,0.6095,17.5161,27.2451,0.9857
27/03/2011 00:00:00,0.0041,15.5212,23.3966,1.0000,0.0000,7.3158,187.3963,80.6696,0.6017,0.3388,0.3400,430.5865,178.1173,12.5238,0.0000,0.5936,17.3018,26.8165,0.9676
28/03/2011 00:00:00,0.0042,15.5364,23.3338,1.0000,0.0000,7.1014,188.5124,79.6536,0.6044,0.3358,0.3483,424.6386,176.9277,12.6045,0.0000,0.5956,17.0874,27.0707,0.9787
29/03/2011 00:00:00,0.0043,15.5517,23.2709,1.0000,0.0000,7.1128,189.6285,78.6375,0.6102,0.3344,0.3587,418.6906,175.7381,12.7495,0.0000,0.6009,17.0000,27.4658,0.9954
30/03/2011 00:00:00,0.0040,15.5819,23.2081,1.0000,0.0000,7.3269,190.7446,76.9504,0.5930,0.3251,0.3560,412.7401,174.5480,12.2983,0.0000,0.5664,17.0000,26.5778,0.9580
31/03/2011 00:00:00,0.0039,15.6230,23.1452,1.0000,0.0000,7.5410,191.8607,74.9170,0.5901,0.3259,0.3646,406.7883,173.3577,12.0820,0.0000,0.5410,17.0000,26.1969,0.9421
01/04/2011 00:00:00,0.0037,15.6642,23.0823,1.0000,0.0000,7.7550,192.9768,72.8837,0.5891,0.3278,0.3749,400.8366,172.1673,11.9035,0.0000,0.5171,17.0000,25.8993,0.9295
02/04/2011 00:00:00,0.0036,15.7053,23.0195,1.0000,0.0000,7.9691,194.0929,70.8503,0.5845,0.3278,0.3825,394.8848,170.9770,11.6492,0.0000,0.4892,17.0000,25.4375,0.9099
03/04/2011 00:00:00,0.0034,15.7465,22.9566,1.0000,0.0000,8.1831,195.2090,68.8170,0.5715,0.3230,0.3837,388.9330,169.7866,11.2320,0.0000,0.4531,17.0000,24.6192,0.8752
04/04/2011 00:00:00,0.0036,15.7876,22.8938,1.0000,0.0000,8.3972,196.3251,66.7836,0.5968,0.3400,0.4163,382.9812,168.5962,11.5581,0.0000,0.4521,17.0000,25.4339,0.9101
05/04/2011 00:00:00,0.0036,15.8287,22.8309,1.0000,0.0000,8.6113,197.4412,64.7503,0.6051,0.3475,0.4362,377.0294,167.4059,11.5443,0.0000,0.4336,17.0000,25.5085,0.9134
06/04/2011 00:00:00,0.0037,15.9620,22.5843,1.0000,0.0000,8.8253,197.8720,62.7169,0.6242,0.3613,0.4665,371.0776,166.2155,11.7227,0.0000,0.4220,17.0000,26.0148,0.9352
07/04/2011 00:00:00,0.3859,16.1582,22.2462,1.0000,0.0000,9.0394,197.9612,60.6836,1.3667,0.7976,1.0231,365.1258,165.0252,25.2542,27.3401,0.8366,17.0000,56.2982,1.9620
08/04/2011 00:00:00,0.1614,16.3544,21.9080,1.0000,0.0000,9.2535,198.0504,58.6502,0.9275,0.5458,0.6132,359.1740,163.8348,16.8519,9.5190,0.4497,17.0000,37.7464,1.1242
09/04/2011 00:00:00,0.0049,16.5506,21.5698,1.0000,0.0000,9.4675,198.1395,56.6168,0.6658,0.3951,0.5341,353.2222,162.6444,11.8877,0.0000,0.3478,17.0000,26.7607,0.9354
10/04/2011 00:00:00,0.0039,16.7468,21.2317,1.0000,0.0000,9.6816,198.2287,54.5835,0.6924,0.4144,0.5968,347.2704,161.4541,12.1390,0.7047,0.3410,17.0000,27.4707,0.9975
11/04/2011 00:00:00,0.6217,16.9430,20.8935,1.0000,0.0000,9.8956,198.3179,52.5501,1.4329,0.8649,1.1565,341.3187,160.2637,24.6504,30.0593,0.5709,17.0000,56.0946,1.8430
12/04/2011 00:00:00,0.1065,17.1392,20.5554,1.0000,0.0000,10.1933,198.4071,50.5168,0.9501,0.5785,0.8190,335.3669,159.0734,16.0256,11.3778,0.3423,17.3388,36.6825,1.2432
13/04/2011 00:00:00,0.0146,17.2663,20.5191,1.0000,0.0000,10.5705,195.8478,49.5097,0.7833,0.4812,0.7057,333.3333,158.6667,13.1251,5.1091,0.2934,17.9016,29.9965,1.0697
14/04/2011 00:00:00,0.0048,17.3417,20.6392,1.0000,0.0000,10.9477,191.9174,49.0352,0.7970,0.4940,0.7208,333.3333,158.6667,13.3600,5.7284,0.3267,18.4644,30.3612,1.1196
15/04/2011 00:00:00,0.0048,17.4172,20.7592,1.0000,0.0000,11.3248,187.9870,48.5606,0.8095,0.5063,0.7109,333.3333,158.6667,13.5755,6.2941,0.3510,19.0272,30.6723,1.1330
16/04/2011 00:00:00,0.0043,17.4926,20.8793,1.0000,0.0000,11.7020,184.0566,48.0861,0.7768,0.4903,0.6560,333.3333,158.6667,13.0325,5.1469,0.3527,19.5900,29.2705,1.0743
17/04/2011 00:00:00,0.0046,17.5681,20.9993,1.0000,0.0000,12.0792,180.1262,47.6116,0.7532,0.4798,0.5863,333.3333,158.6667,12.6421,4.3510,0.3434,20.1528,28.2201,0.9883
18/04/2011 00:00:00,0.0048,17.6436,21.1194,1.0000,0.0000,12.4564,176.1959,47.1371,0.8189,0.5266,0.6475,333.3333,158.6667,13.7514,6.8889,0.4132,20.7156,30.5034,1.1254
19/04/2011 00:00:00,0.0047,17.7190,21.2394,1.0000,0.0000,12.8335,172.2655,46.6626,0.8313,0.5397,0.6335,333.3333,158.6667,13.9660,7.4190,0.4407,21.2784,30.7789,1.1376
20/04/2011 00:00:00,0.0046,17.8755,21.2932,1.0000,0.0000,13.2107,173.2906,46.1880,0.8286,0.5432,0.6056,333.3333,158.6667,13.9273,7.3840,0.4598,21.8412,30.4893,1.1259
21/04/2011 00:00:00,0.0047,18.0901,21.3132,1.0000,0.0000,13.5879,176.8446,45.7135,0.8409,0.5566,0.5890,333.3333,158.6667,14.1409,7.8940,0.4887,22.4040,30.7447,1.1367
22/04/2011 00:00:00,0.0043,18.3047,21.3332,1.0000,0.0000,13.9651,180.3985,45.2390,0.8167,0.5461,0.5434,333.3333,158.6667,13.7420,7.0703,0.4936,22.9668,29.6664,1.0914
23/04/2011 00:00:00,0.0046,18.5193,21.3532,1.0000,0.0000,14.3423,183.9524,44.7645,0.8371,0.5653,0.5307,333.3333,158.6667,14.0915,7.8578,0.5289,23.5296,30.1994,1.1127
24/04/2011 00:00:00,0.2362,18.7339,21.3732,1.0000,0.0000,14.7194,187.5063,44.2900,1.4161,0.9663,0.8540,333.3333,158.6667,23.8524,28.6471,0.9363,24.0924,50.7341,1.8757
25/04/2011 00:00:00,0.3492,18.9485,21.3932,1.0000,0.0000,15.0966,191.0602,43.8155,1.5876,1.0946,0.7965,333.3333,158.6667,26.7557,34.6363,0.9637,24.6552,56.4687,1.8399
26/04/2011 00:00:00,0.0065,19.1632,21.4132,1.0000,0.0000,15.4738,194.6141,43.3409,0.8953,0.6238,0.4872,333.3333,158.6667,15.0964,10.0288,0.6531,25.2180,31.6066,1.1890
27/04/2011 00:00:00,1.4734,19.3778,21.4332,1.0000,0.0000,15.8510,198.1680,42.8664,1.8391,1.2951,0.7770,333.3333,158.6667,31.0279,43.1020,1.1596,25.7807,64.4252,2.0143
28/04/2011 00:00:00,2.6265,17.8105,21.2735,1.0000,0.0000,15.5484,198.1693,43.9682,2.1883,1.5446,0.8552,337.5601,159.5120,37.2045,56.2379,1.3561,24.9099,77.6180,2.2969
29/04/2011 00:00:00,0.0486,14.9761,21.0215,1.0000,0.0000,14.8018,196.3436,45.8854,1.2430,0.8755,0.6511,343.9738,160.7948,21.3723,23.4952,1.0668,23.1242,45.0935,1.7829
30/04/2011 00:00:00,0.0066,12.1416,20.7694,1.0000,0.0000,14.0552,194.5178,47.8027,0.9400,0.6607,0.4685,350.3875,162.0775,16.3440,13.0459,0.7919,21.3384,34.8624,1.3072
01/05/2011 00:00:00,0.0066,9.3071,20.5174,1.0000,0.0000,13.3087,192.6920,49.7199,0.9259,0.6494,0.4639,356.8012,163.3602,16.2756,13.0499,0.8074,19.5526,35.0847,1.3176
02/05/2011 00:00:00,0.0067,6.4727,20.2653,1.0000,0.0000,12.5621,190.8663,51.6372,0.9101,0.6370,0.4577,363.2149,164.6430,16.1734,12.9694,0.8191,17.7668,35.2224,1.3226
03/05/2011 00:00:00,0.0068,3.6382,20.0132,1.0000,0.0000,11.8155,189.0405,53.5544,0.8983,0.6274,0.4544,369.6285,165.9257,16.1377,13.0230,0.8349,15.9811,35.4941,1.3347
04/05/2011 00:00:00,0.0069,2.7548,19.8573,1.0000,0.0000,11.0689,188.6467,55.4717,0.8804,0.6136,0.4477,376.0422,167.2084,15.9851,12.8081,0.8436,14.1953,35.4975,1.3361
05/05/2011 00:00:00,0.0068,3.1891,19.7488,1.0000,0.0000,10.3223,188.9591,57.3890,0.8599,0.5980,0.4400,382.4559,168.4912,15.7785,12.4586,0.8493,12.4095,35.3661,1.3333
06/05/2011 00:00:00,0.0688,3.6234,19.6403,1.0000,0.0000,9.5757,189.2714,59.3062,0.9982,0.6927,0.4733,388.8696,169.7739,18.5070,18.7322,0.9347,10.6237,41.8579,1.4554
07/05/2011 00:00:00,0.0068,4.0577,19.5317,1.0000,0.0000,8.8291,189.5838,61.2235,0.8249,0.5712,0.4288,395.2833,171.0567,15.4537,11.9159,0.8655,8.8379,35.2598,1.3372
08/05/2011 00:00:00,0.0061,4.4920,19.4232,1.0000,0.0000,8.0826,189.8962,63.1407,0.7886,0.5449,0.4125,401.6970,172.3394,14.9255,10.7837,0.8503,7.0522,34.3459,1.3040
09/05/2011 00:00:00,0.0067,4.9264,19.3147,1.0000,0.0000,7.3360,190.2086,65.0580,0.7842,0.5407,0.4139,408.1106,173.6221,14.9926,11.0065,0.8704,5.2664,34.7868,1.3258
10/05/2011 00:00:00,0.0064,5.3607,19.2062,1.0000,0.0000,6.9216,190.5209,66.9752,0.7699,0.5297,0.4109,414.5243,174.9049,14.8671,10.7755,0.8809,4.8059,34.7740,1.3329
11/05/2011 00:00:00,0.0065,7.9205,19.0624,1.0000,0.0000,6.7790,191.8453,67.7848,0.8367,0.5305,0.3967,416.6667,175.3333,14.7504,10.2443,0.8978,5.3419,34.6622,1.3342
12/05/2011 00:00:00,0.0120,11.9700,18.9010,1.0000,0.0000,6.6364,193.6751,68.0389,0.8036,0.4590,0.2726,416.6667,175.3333,12.5134,4.5546,0.6630,5.8778,29.4928,0.9629
13/05/2011 00:00:00,0.0069,16.0196,18.7396,1.0000,0.0000,6.4938,195.5048,68.2929,1.0796,0.5641,0.3743,416.6667,175.3333,15.0946,10.2206,0.9790,6.4137,35.6790,1.3908
14/05/2011 00:00:00,0.0071,20.0691,18.5782,1.0000,0.0000,6.3512,197.3346,68.5469,1.2033,0.5822,0.3635,416.6667,175.3333,15.3044,10.2974,1.0225,6.9496,36.2760,1.4223
15/05/2011 00:00:00,0.0080,24.1186,18.4169,1.0000,0.0000,6.2086,199.1644,68.8010,1.3029,0.5894,0.3386,416.6667,175.3333,15.2302,9.6995,1.0252,7.4856,36.1984,1.3977
16/05/2011 00:00:00,0.1083,28.1681,18.2555,1.0000,0.0000,6.0660,200.9942,69.0550,1.6698,0.7117,0.3736,416.6667,175.3333,18.0925,16.0957,1.2184,8.0215,43.1148,1.6293
17/05/2011 00:00:00,0.0484,32.2176,18.0941,1.0000,0.0000,5.9234,202.8240,69.3090,1.4227,0.5750,0.2909,416.6667,175.3333,14.3896,6.8393,1.0233,8.5574,34.3787,1.3433
18/05/2011 00:00:00,1.0627,31.4866,17.9660,1.0000,0.0000,5.7808,211.9750,69.5630,2.7381,1.0551,0.4299,416.6667,175.3333,26.0079,34.2321,1.6329,9.0933,62.2917,2.1058
19/05/2011 00:00:00,0.0158,26.6922,17.8547,1.0000,0.0000,5.6382,224.8188,69.8171,1.9403,0.7161,0.3292,416.6667,175.3333,17.3973,13.1898,1.3524,9.6293,41.7696,1.7145
20/05/2011 00:00:00,4.6250,21.8978,17.7434,1.0000,0.0000,5.4956,237.6626,70.0711,4.5146,1.6019,0.5190,416.6667,175.3333,38.3799,63.2651,2.3107,10.1652,92.3652,2.8816
21/05/2011 00:00:00,2.4542,17.1034,17.6321,1.0000,0.0000,5.3530,250.5063,70.3251,3.5737,1.2233,0.3720,416.6667,175.3333,28.9175,40.1327,1.7989,10.7011,69.7531,2.2082
22/05/2011 00:00:00,0.0327,12.3090,17.5208,1.0000,0.0000,5.2104,263.3501,70.5792,2.3311,0.7720,0.2737,416.6667,175.3333,18.0157,13.4132,1.4412,11.2370,43.5538,1.7423
23/05/2011 00:00:00,0.0360,7.5146,17.4094,1.0000,0.0000,5.0678,276.1939,70.8332,2.7050,0.8690,0.2760,416.6667,175.3333,20.0266,17.8604,1.5875,11.7730,48.5212,1.8911
24/05/2011 00:00:00,0.0320,2.7202,17.2981,1.0000,0.0000,4.9650,289.0376,71.0872,3.1122,0.9720,0.2809,416.6667,175.3333,22.1334,22.5585,1.7713,11.8307,53.7396,2.0803
25/05/2011 00:00:00,0.0345,0.7266,17.2544,1.0000,0.0000,4.8983,286.8523,70.3944,3.3695,1.0252,0.2805,413.0138,174.6028,22.7380,24.5147,1.8497,11.5370,55.8271,2.1583
26/05/2011 00:00:00,0.0365,0.8017,17.2458,1.0000,0.0000,4.8316,276.8357,69.2071,3.6028,1.0698,0.2829,407.4533,173.4907,22.9426,25.9959,1.8980,11.2433,57.2367,2.2092
27/05/2011 00:00:00,0.0379,0.8768,17.2372,1.0000,0.0000,4.7649,266.8191,68.0198,3.8387,1.1142,0.2856,401.8929,172.3786,23.1136,27.4284,1.9467,10.9496,58.5975,2.2608
28/05/2011 00:00:00,0.0404,0.9520,17.2286,1.0000,0.0000,4.6982,256.8026,66.8325,4.0799,1.1592,0.2877,396.3324,171.2665,23.2705,28.8597,1.9909,10.6559,59.9572,2.3074
29/05/2011 00:00:00,0.0421,1.0271,17.2200,1.0000,0.0000,4.6315,246.7860,65.6453,4.3270,1.2050,0.2904,390.7720,170.1544,23.4165,30.2972,2.0379,10.3621,61.3230,2.3573
30/05/2011 00:00:00,4.5537,1.1023,17.2114,1.0000,0.0000,4.5647,236.7694,64.4580,6.4133,1.7528,0.3387,385.2115,169.0423,32.9801,56.8404,2.4086,10.0684,87.7946,2.7811
31/05/2011 00:00:00,1.1980,1.1774,17.2028,1.0000,0.0000,4.4980,226.7528,63.2707,4.5058,1.2098,0.2369,379.6511,167.9302,22.0484,28.7869,1.7055,9.7747,59.6695,1.9661
01/06/2011 00:00:00,2.1357,1.1584,16.9616,1.0000,0.0000,4.4313,220.7453,62.0834,6.0706,1.6029,0.3106,374.0906,166.8181,28.3018,47.0643,2.2625,9.4810,77.8752,2.6042
02/06/2011 00:00:00,6.3282,1.0762,16.6053,1.0000,0.0000,4.3646,216.7212,60.8961,7.0188,1.8242,0.3469,368.5302,165.7060,31.2123,56.5921,2.5545,9.1873,87.3313,2.9361
03/06/2011 00:00:00,0.2460,0.9939,16.2490,1.0000,0.0000,4.2979,212.6970,59.7088,3.9021,0.9991,0.1814,362.9697,164.5939,16.5694,16.4804,1.3502,8.8936,47.1480,1.5498
04/06/2011 00:00:00,0.1613,0.9116,15.8927,1.0000,0.0000,4.2312,208.6729,58.5216,5.7191,1.4436,0.2724,357.4093,163.4819,23.2117,36.5821,2.0474,8.5999,67.1781,2.3471
05/06/2011 00:00:00,0.1648,0.8294,15.5364,1.0000,0.0000,4.1645,204.6488,57.3343,5.9124,1.4723,0.2723,351.8488,162.3698,22.9568,37.0608,2.0653,8.3061,67.5851,2.3648
06/06/2011 00:00:00,0.1654,0.7471,15.1801,1.0000,0.0000,4.0978,200.6247,56.1470,6.0905,1.4973,0.2713,346.2884,161.2577,22.6427,37.3654,2.0762,8.0124,67.8180,2.3746
07/06/2011 00:00:00,0.1665,0.6648,14.8238,1.0000,0.0000,4.0310,196.6005,54.9597,6.2712,1.5229,0.2706,340.7280,160.1456,22.3405,37.7028,2.0881,7.7187,68.0838,2.3857
08/06/2011 00:00:00,0.1672,0.5826,14.4674,1.0000,0.0000,4.0000,192.5764,53.7724,6.4466,1.5474,0.2696,335.1675,159.0335,22.0219,37.9874,2.0976,7.4395,68.2967,2.3942
09/06/2011 00:00:00,0.1654,2.4226,14.2819,1.0000,0.0000,4.0000,197.4273,53.1974,6.7888,1.8635,0.2812,333.3333,158.6667,22.2863,37.6682,2.0894,7.1701,68.4077,2.3987
10/06/2011 00:00:00,0.1639,5.5775,14.1803,1.0000,0.0000,4.0000,206.6420,52.9238,7.2396,2.3456,0.3008,333.3333,158.6667,22.8865,37.1307,2.0735,6.9007,68.5472,2.4044
11/06/2011 00:00:00,0.1611,8.7324,14.0786,1.0000,0.0000,4.0000,215.8566,52.6502,7.7040,2.8502,0.3222,333.3333,158.6667,23.4857,36.5007,2.0527,6.6314,68.5943,2.4071
12/06/2011 00:00:00,0.1575,11.8873,13.9770,1.0000,0.0000,4.0000,225.0713,52.3766,8.1914,3.3811,0.3460,333.3333,158.6667,24.1111,35.8562,2.0292,6.3620,68.6268,2.4098
13/06/2011 00:00:00,0.1546,15.0422,13.8754,1.0000,0.0000,4.0000,234.2859,52.1030,8.7111,3.9436,0.3732,333.3333,158.6667,24.7870,35.2586,2.0041,6.0926,68.7063,2.4145
14/06/2011 00:00:00,1.6981,18.1971,13.7738,1.0000,0.0000,4.0000,243.5006,51.8293,9.5393,4.6751,0.3941,333.3333,158.6667,26.2687,36.7342,1.9274,5.8232,70.8589,2.3609
15/06/2011 00:00:00,2.0870,17.9469,14.0098,1.0000,0.0000,4.0000,247.0094,51.5557,10.6082,5.5707,0.4518,333.3333,158.6667,28.3000,39.4307,1.9988,5.5539,74.2325,2.4958
16/06/2011 00:00:00,2.4930,15.2322,14.4139,1.0000,0.0000,4.0000,247.6787,51.2821,11.6810,6.5186,0.4832,333.3333,158.6667,30.2183,41.5371,1.9181,5.2845,77.0159,2.4497
17/06/2011 00:00:00,0.2500,12.5175,14.8180,1.0000,0.0000,4.0000,248.3480,51.0085,10.8080,6.3662,0.5278,333.3333,158.6667,27.1381,30.9903,1.8613,5.0151,67.1462,2.4419
18/06/2011 00:00:00,0.7487,9.8028,15.2221,1.0000,0.0000,4.0000,249.0173,50.7349,11.4601,7.0851,0.5602,333.3333,158.6667,27.9538,30.2516,1.7341,4.7458,67.0846,2.3504
19/06/2011 00:00:00,1.4907,7.0881,15.6262,1.0000,0.0000,4.0000,249.6867,50.4613,12.4044,8.0112,0.6408,333.3333,158.6667,29.4173,30.8980,1.7145,4.4764,68.4080,2.4195
20/06/2011 00:00:00,0.8931,4.3734,16.0302,1.0000,0.0000,4.0000,250.3560,50.1876,12.8515,8.6355,0.7268,333.3333,158.6667,29.6545,28.5661,1.6470,4.2070,66.7532,2.4465
21/06/2011 00:00:00,0.3872,1.6587,16.4343,1.0000,0.0000,3.9435,251.0253,49.9140,13.0084,9.0625,0.8606,333.3333,158.6667,29.2270,24.7521,1.6065,4.9994,63.6162,2.5531
22/06/2011 00:00:00,0.2711,0.5313,16.2274,1.0000,0.0000,3.8363,251.5465,50.8345,14.6823,10.5732,1.0730,337.2847,159.4569,32.3884,31.6357,1.8568,6.4914,71.3462,3.0371
23/06/2011 00:00:00,0.3258,0.5097,15.7117,1.0000,0.0000,3.7291,251.9930,52.3595,13.5719,10.0761,0.9909,343.2365,160.6473,29.5248,26.6303,1.7083,7.9835,67.2730,2.7983
24/06/2011 00:00:00,0.4570,0.4881,15.1960,1.0000,0.0000,3.6218,252.4394,53.8845,12.6761,9.6797,0.8898,349.1882,161.8376,27.2077,22.4323,1.5285,9.4755,64.0071,2.5073
25/06/2011 00:00:00,11.1539,0.4665,14.6803,1.0000,0.0000,3.5146,252.8858,55.4095,20.3239,15.9302,1.1987,355.1400,163.0280,43.0608,61.9114,2.0521,10.9675,104.4184,3.3707
26/06/2011 00:00:00,1.4530,0.4449,14.1646,1.0000,0.0000,3.4074,253.3322,56.9346,13.5201,10.8576,1.2324,361.0918,164.2184,28.2890,27.1615,2.1025,12.4596,70.6005,3.4582
27/06/2011 00:00:00,0.6884,0.4233,13.6489,1.0000,0.0000,3.3002,253.7786,58.4596,15.1589,12.4523,1.2387,367.0436,165.4087,31.3363,36.0049,2.1061,13.9516,80.3760,3.4686
28/06/2011 00:00:00,3.5511,0.4017,13.1332,1.0000,0.0000,3.1930,254.2251,59.9846,16.1993,13.5914,1.0928,372.9954,166.5991,33.0972,41.8325,1.8519,15.4437,87.1358,3.0540
29/06/2011 00:00:00,7.6059,0.3931,12.6175,1.0000,0.0000,3.0857,254.6715,61.5096,18.5692,15.8918,1.2551,378.9472,167.7894,37.5121,55.0120,2.1201,16.9357,101.2474,3.5007
30/06/2011 00:00:00,2.6455,0.3915,12.1018,1.0000,0.0000,2.9785,255.1179,63.0346,41.4709,36.1585,2.1891,384.8990,168.9798,82.8627,181.8660,3.6861,18.4278,229.0336,6.0941
01/07/2011 00:00:00,6.7732,0.3899,11.5861,1.0000,0.0000,2.8713,255.5643,64.5596,23.6708,21.0035,1.4893,390.8508,170.1702,46.7968,84.2235,2.5000,19.9198,132.3232,4.1383
02/07/2011 00:00:00,4.9532,0.3883,11.0704,1.0000,0.0000,2.7641,256.0107,66.0846,36.6871,33.0956,2.0008,396.8026,171.3605,71.7867,158.4255,3.3483,21.4118,207.4573,5.5491
03/07/2011 00:00:00,4.0117,0.3868,10.5547,1.0000,0.0000,2.6569,256.4572,67.6097,33.3072,30.5194,1.8546,402.7544,172.5509,64.5256,140.4477,3.0942,22.9039,190.4117,5.1343
04/07/2011 00:00:00,2.1717,0.3852,10.0390,1.0000,0.0000,2.5497,256.9036,69.1347,41.9815,39.0403,2.2235,408.7061,173.7412,80.5460,191.6080,3.6989,24.3959,242.5041,6.1447
05/07/2011 00:00:00,1.7063,0.3836,9.5233,1.0000,0.0000,2.4424,257.3500,70.6597,31.5509,29.7542,1.8029,414.6579,174.9316,59.9670,132.2327,2.9906,26.5320,184.0610,4.9738
06/07/2011 00:00:00,1.4400,0.4356,9.6981,1.0000,0.0000,2.3352,255.3953,70.8375,24.6233,24.1341,1.6221,420.6109,176.1222,48.9095,97.9393,2.4691,29.1061,149.4229,4.2534
07/07/2011 00:00:00,1.2772,0.5250,10.2224,1.0000,0.0000,2.2280,252.2255,70.3290,19.9323,20.6431,1.5607,426.5645,177.3129,42.6853,77.7552,2.0847,31.6802,128.2437,3.8014
08/07/2011 00:00:00,1.1735,0.6143,10.7468,1.0000,0.0000,2.1208,249.0557,69.8205,16.6767,18.3452,1.5444,432.5180,178.5036,38.7146,64.8737,1.8033,34.2543,114.3671,3.5022
09/07/2011 00:00:00,1.0732,0.7037,11.2711,1.0000,0.0000,2.0136,245.8859,69.3120,14.0508,16.5182,1.5401,438.4716,179.6943,35.5858,54.8505,1.5633,36.8284,103.3489,3.2574
10/07/2011 00:00:00,0.9990,0.7930,11.7954,1.0000,0.0000,1.9064,242.7161,68.8035,11.9798,15.1605,1.5553,444.4251,180.8850,33.3508,47.7035,1.3626,39.4025,95.2067,3.0735
11/07/2011 00:00:00,2.8911,0.8823,12.3197,1.0000,0.0000,1.7991,239.5463,68.2951,10.0769,13.8482,1.5630,450.3787,182.0757,31.1162,40.7910,1.1707,41.9766,87.2992,2.8899
12/07/2011 00:00:00,2.1781,0.9717,12.8440,1.0000,0.0000,1.6919,236.3765,67.7866,12.0375,18.1586,2.0158,456.3323,183.2665,41.6869,69.4111,1.2745,44.5507,114.9242,3.4920
13/07/2011 00:00:00,1.2552,1.0305,13.1292,1.0000,0.0000,1.5847,238.3383,67.2781,12.3947,20.8030,2.3783,462.2858,184.4572,48.8091,87.6802,1.2479,47.1248,132.1982,3.8640
14/07/2011 00:00:00,1.1416,1.0679,13.2935,1.0000,0.0000,1.4775,242.8929,66.7696,9.6731,18.3812,2.3132,468.2394,185.6479,44.0900,73.7774,0.9836,49.6989,117.3002,3.5281
15/07/2011 00:00:00,1.5177,1.1053,13.4578,1.0000,0.0000,1.3703,247.4475,66.2611,6.7074,14.7716,2.0541,474.1930,186.8386,36.2347,52.1480,0.6840,52.2731,94.6757,2.9435
16/07/2011 00:00:00,4.3499,1.1427,13.6221,1.0000,0.0000,1.2631,252.0021,65.7526,5.5387,14.6086,2.2964,480.1465,188.0293,36.6593,52.5198,0.5678,54.8472,94.0524,3.0938
17/07/2011 00:00:00,1.5340,1.1802,13.7865,1.0000,0.0000,1.1558,256.5567,65.2441,6.9845,23.1825,3.3699,486.1001,189.2200,59.5343,109.4097,0.5639,57.4213,149.9473,4.2708
18/07/2011 00:00:00,1.3147,1.2176,13.9508,1.0000,0.0000,1.0486,261.1113,64.7356,4.2540,19.3069,3.0700,492.0536,190.4107,50.7584,85.9383,0.2844,59.9954,125.4808,3.6614
19/07/2011 00:00:00,1.2031,1.2550,14.1151,1.0000,0.0000,1.0784,265.6659,64.2271,2.3292,17.1132,2.9852,498.0072,191.6014,46.0767,73.2308,0.0678,58.7567,111.7782,3.3515
20/07/2011 00:00:00,1.8328,1.2253,14.3440,1.0000,0.0000,1.2218,267.9603,65.9156,2.0497,16.9396,2.6411,515.8266,195.1653,38.3405,55.7679,0.1176,55.0776,95.6949,3.0228
21/07/2011 00:00:00,2.4614,1.1461,14.6054,1.0000,0.0000,1.3653,269.1207,68.7094,2.8149,20.7937,2.5271,539.6161,199.9232,37.3436,55.7021,0.2723,51.3985,98.2034,3.0521
22/07/2011 00:00:00,2.1844,1.0669,14.8668,1.0000,0.0000,1.5087,270.2811,71.5031,4.2279,29.1124,2.8087,563.4055,204.6811,42.9493,73.9162,0.4700,47.7193,118.9918,3.5596
23/07/2011 00:00:00,4.1337,0.9877,15.1281,1.0000,0.0000,1.6522,271.4416,74.2969,4.5098,29.5905,2.5193,587.1950,209.4390,36.7433,59.5986,0.5632,44.0402,107.2486,3.3344
24/07/2011 00:00:00,1.7197,0.9084,15.3895,1.0000,0.0000,1.7956,272.6020,77.0907,7.9553,50.3920,3.2621,610.9845,214.1969,53.6166,114.6671,0.9025,40.3610,164.8915,4.4908
25/07/2011 00:00:00,1.5427,0.8292,15.6509,1.0000,0.0000,1.9391,273.7624,79.8845,7.4805,46.1288,2.7307,634.7739,218.9548,42.6326,85.3638,0.8928,36.6819,138.1625,3.8966
26/07/2011 00:00:00,1.9535,0.7500,15.9122,1.0000,0.0000,2.0825,274.9229,82.6783,6.7380,40.6802,2.2502,658.5634,223.7127,33.0077,57.3745,0.8430,33.0027,112.7476,3.3182
27/07/2011 00:00:00,1.3355,0.6800,15.9858,1.0000,0.0000,2.2260,273.1509,85.4720,7.8259,46.4470,2.2972,682.3528,228.4706,33.3689,62.2255,0.9646,29.3236,120.1730,3.4915
28/07/2011 00:00:00,6.7856,0.6163,15.9644,1.0000,0.0000,2.3694,269.8967,88.2658,7.3818,43.1970,2.1137,706.1423,233.2285,27.6677,44.5709,0.9785,25.6444,105.0927,3.3035
29/07/2011 00:00:00,6.1700,0.5526,15.9430,1.0000,0.0000,2.5129,266.6425,91.0596,10.3688,59.9618,2.3606,729.9318,237.9864,34.4320,74.9081,1.1895,21.9653,138.0042,3.7862
30/07/2011 00:00:00,7.5299,0.4890,15.9216,1.0000,0.0000,2.6563,263.3882,93.8534,12.3814,70.8819,2.5272,753.7212,242.7442,36.6593,89.4531,1.3720,18.2862,155.1237,4.1519
31/07/2011 00:00:00,11.3710,0.4253,15.9002,1.0000,0.0000,2.7998,260.1340,96.6472,12.8405,72.8737,2.4458,777.5107,247.5021,34.0735,84.0716,1.4189,14.6070,152.3165,4.1093
01/08/2011 00:00:00,8.4673,0.3616,15.8788,1.0000,0.0000,2.9432,256.8798,99.4409,17.6450,99.3858,2.7667,801.3002,252.2600,42.1409,128.3321,1.7034,10.9279,199.1513,4.7468
02/08/2011 00:00:00,8.6276,0.2979,15.8574,1.0000,0.0000,2.9568,253.6255,102.2347,14.6272,81.8416,2.3771,825.0896,257.0179,31.5478,84.3512,1.5443,10.0926,157.7448,4.1591
03/08/2011 00:00:00,7.9034,0.2894,15.8350,1.0000,0.0000,2.8853,252.5585,103.7015,14.2133,76.9522,2.0961,833.3333,258.6667,30.2869,74.6447,1.4181,11.2770,149.5976,3.7238
04/08/2011 00:00:00,6.4055,0.3225,15.8121,1.0000,0.0000,2.8138,252.6479,104.4646,14.2689,73.7633,2.0082,833.3333,258.6667,31.3854,72.1496,1.4089,12.4614,148.1236,3.6180
05/08/2011 00:00:00,4.0075,0.3557,15.7893,1.0000,0.0000,2.7423,252.7373,105.2276,14.8524,73.3848,1.9983,833.3333,258.6667,33.6225,75.1834,1.4557,13.6458,152.1785,3.6537
06/08/2011 00:00:00,3.0754,0.3888,15.7664,1.0000,0.0000,2.6708,252.8267,105.9907,12.5771,59.4494,1.7157,833.3333,258.6667,29.2282,49.2606,1.2995,14.8302,127.2767,3.1867
07/08/2011 00:00:00,3.0107,0.4220,15.7435,1.0000,0.0000,2.5993,252.9161,106.7538,10.8801,49.2413,1.5242,833.3333,258.6667,25.8990,29.7769,1.2021,16.0147,108.8142,2.8787
08/08/2011 00:00:00,2.4859,0.4551,15.7206,1.0000,0.0000,2.5279,253.0055,107.5169,10.5000,45.5357,1.4593,833.3333,258.6667,25.5518,23.7831,1.2003,17.1991,103.8414,2.8055
09/08/2011 00:00:00,3.3183,0.4883,15.6977,1.0000,0.0000,2.4564,253.0949,108.2799,10.1177,42.0753,1.4008,833.3333,258.6667,25.1277,17.9177,1.2038,18.3835,98.9970,2.7447
10/08/2011 00:00:00,2.1161,0.4852,15.5725,1.0000,0.0000,2.3849,254.7826,109.0430,11.1390,44.4496,1.4536,833.3333,258.6667,28.1903,25.7850,1.3076,19.5679,107.8854,2.9065
11/08/2011 00:00:00,1.8943,0.4568,15.3954,1.0000,0.0000,2.3134,257.2825,109.8061,10.3520,39.6636,1.3407,833.3333,258.6667,26.6609,16.1711,1.2650,20.7524,99.2926,2.7398
12/08/2011 00:00:00,1.7348,0.4284,15.2183,1.0000,0.0000,2.2419,259.7823,110.5692,9.7562,35.9122,1.2524,833.3333,258.6667,25.5389,8.5688,1.2424,21.9368,92.7113,2.6200
13/08/2011 00:00:00,1.6205,0.4000,15.0412,1.0000,0.0000,2.1704,262.2821,111.3322,9.4131,33.3058,1.1918,833.3333,258.6667,25.0182,3.4949,1.2461,23.1212,88.6586,2.5571
14/08/2011 00:00:00,7.6303,0.3716,14.8640,1.0000,0.0000,2.0989,264.7819,112.0953,11.3356,38.5717,1.3792,833.3333,258.6667,30.5592,19.6746,1.5240,24.3056,105.8593,3.0412
15/08/2011 00:00:00,3.6432,0.3432,14.6869,1.0000,0.0000,2.0274,267.2817,112.8584,17.7805,58.2107,1.7865,833.3333,258.6667,48.5774,77.4890,2.0928,25.4900,164.6947,4.0579
16/08/2011 00:00:00,6.4099,0.3147,14.5098,1.0000,0.0000,2.0875,269.7815,113.6215,13.4123,42.2648,1.4160,833.3333,258.6667,37.1055,35.0366,1.7648,25.1115,123.2634,3.3224
17/08/2011 00:00:00,3.5415,0.2938,14.5826,1.0000,0.0000,2.2295,267.2219,113.5421,18.0211,55.6564,1.6100,833.3333,258.6667,50.6607,78.7605,2.2158,23.5513,166.9132,3.9868
18/08/2011 00:00:00,2.7662,0.2780,14.7827,1.0000,0.0000,2.3715,262.0860,113.0336,14.6416,44.7093,1.3057,833.3333,258.6667,41.9104,50.2339,2.0022,21.9911,137.7545,3.4385
19/08/2011 00:00:00,2.3257,0.2622,14.9827,1.0000,0.0000,2.5135,256.9500,112.5250,12.2451,36.9566,1.0894,833.3333,258.6667,35.6901,30.1453,1.8450,20.4308,117.0339,3.0433
20/08/2011 00:00:00,2.0355,0.2464,15.1828,1.0000,0.0000,2.6554,251.8140,112.0165,10.6881,31.8709,0.9456,833.3333,258.6667,31.7214,17.5228,1.7557,18.8706,103.7793,2.7959
21/08/2011 00:00:00,1.8060,0.2306,15.3829,1.0000,0.0000,2.7974,246.6781,111.5079,9.4393,27.7987,0.8306,833.3333,258.6667,28.5278,7.4937,1.6803,17.3103,93.1181,2.5940
22/08/2011 00:00:00,14.3769,0.2148,15.5830,1.0000,0.0000,2.9394,241.5421,110.9994,11.7635,34.2004,1.0394,833.3333,258.6667,36.2036,32.9150,2.2787,15.7501,117.9073,3.4220
23/08/2011 00:00:00,7.7243,0.1990,15.7830,1.0000,0.0000,3.0813,236.4061,110.4909,20.1235,57.7327,1.2653,833.3333,258.6667,63.0697,120.5889,2.9924,14.1899,204.9491,4.3842
24/08/2011 00:00:00,7.6171,0.2162,15.9964,1.0000,0.0000,3.2233,237.9855,109.9823,13.3701,37.8336,0.9145,833.3333,258.6667,42.6746,54.6425,2.3235,12.6296,138.3707,3.3295
25/08/2011 00:00:00,4.4633,0.2563,16.2165,1.0000,0.0000,3.3653,242.9422,109.4738,13.5704,37.8577,0.8659,833.3333,258.6667,44.1128,59.6297,2.3555,11.0694,142.7259,3.3080
26/08/2011 00:00:00,3.3610,0.2964,16.4365,1.0000,0.0000,3.5072,247.8989,108.9652,11.4430,31.4555,0.7464,833.3333,258.6667,37.8850,39.8511,2.1670,9.5091,122.3151,2.9881
27/08/2011 00:00:00,2.7473,0.3365,16.6566,1.0000,0.0000,3.6492,252.8556,108.4567,9.9791,27.0152,0.6588,833.3333,258.6667,33.6505,26.5838,2.0354,7.9489,108.4158,2.7600
28/08/2011 00:00:00,2.3504,0.3767,16.8767,1.0000,0.0000,3.7912,257.8123,107.9482,8.8850,23.6750,0.5911,833.3333,258.6667,30.5178,16.9197,1.9389,6.3887,98.1196,2.5891
29/08/2011 00:00:00,2.1024,0.4168,17.0967,1.0000,0.0000,3.9332,262.7690,107.4396,8.2012,21.4963,0.5475,833.3333,258.6667,28.6942,11.5001,1.9024,4.8284,92.0680,2.5047
30/08/2011 00:00:00,2.1043,0.4569,17.3168,1.0000,0.0000,4.0379,267.7256,106.9311,7.6254,19.6481,0.5155,833.3333,258.6667,27.1782,7.0924,1.8931,4.8746,87.0282,2.4601
31/08/2011 00:00:00,2.4097,0.4695,17.2565,1.0000,0.0000,4.1095,269.8816,104.2208,7.6569,18.9419,0.5432,829.3668,257.8734,27.4962,8.6450,1.9826,6.0041,86.8712,2.5802
01/09/2011 00:00:00,1.7368,0.4630,17.0564,1.0000,0.0000,4.1810,270.6410,100.4095,7.5917,17.7627,0.5377,823.4171,256.6834,27.3179,8.6404,1.8888,7.1336,84.6183,2.4803
02/09/2011 00:00:00,6.9145,0.4565,16.8563,1.0000,0.0000,4.2526,271.4003,96.5983,9.2453,20.3640,0.6511,817.4674,255.4935,33.3372,27.4344,2.1956,8.2631,101.1640,2.9117
03/09/2011 00:00:00,4.7035,0.4500,16.6562,1.0000,0.0000,4.3242,272.1596,92.7871,10.9955,22.6771,0.7009,811.5177,254.3035,39.7322,46.5407,2.2634,9.3927,118.0220,3.0344
04/09/2011 00:00:00,4.6084,0.4435,16.4561,1.0000,0.0000,4.3958,272.9189,88.9759,10.6599,20.4558,0.6939,805.5680,253.1136,38.6031,42.9131,2.1392,10.5222,112.1461,2.9025
05/09/2011 00:00:00,3.1332,0.4370,16.2560,1.0000,0.0000,4.4673,273.6782,85.1647,12.9730,22.9900,0.8174,799.6182,251.9236,47.0833,66.6637,2.3979,11.6517,133.6484,3.2970
06/09/2011 00:00:00,2.5322,0.4306,16.0559,1.0000,0.0000,4.5389,274.4375,81.3535,11.4419,18.5576,0.7629,793.6685,250.7337,41.6203,50.5823,2.1215,12.7812,115.3186,2.9608
07/09/2011 00:00:00,2.1656,0.4400,16.2206,1.0000,0.0000,4.6105,276.3622,77.5423,10.1769,14.9403,0.7200,787.7188,249.5438,37.1040,37.7525,1.8897,13.9108,100.2405,2.6817
08/09/2011 00:00:00,1.8957,0.4599,16.5645,1.0000,0.0000,4.6821,278.8589,73.7311,9.2883,12.1725,0.6958,781.7691,248.3538,33.9440,29.0722,1.7151,15.0403,89.3119,2.4805
09/09/2011 00:00:00,1.7089,0.4799,16.9083,1.0000,0.0000,4.7537,281.3556,69.9199,8.7574,10.0635,0.6927,775.8193,247.1639,32.0810,24.1142,1.5942,16.1698,82.1056,2.3562
10/09/2011 00:00:00,1.5459,0.4998,17.2521,1.0000,0.0000,4.8252,283.8524,66.1086,8.2726,8.1384,0.6916,769.8696,245.9739,30.3797,19.7829,1.4760,17.2993,75.5260,2.2367
11/09/2011 00:00:00,1.4251,0.5197,17.5960,1.0000,0.0000,4.8968,286.3491,62.2974,8.0068,6.5197,0.7066,763.9199,244.7840,29.4775,17.5860,1.3871,18.4289,71.0807,2.1643
12/09/2011 00:00:00,1.3258,0.5396,17.9398,1.0000,0.0000,4.9684,288.8458,58.4862,7.8580,5.0329,0.7317,757.9702,243.5940,29.0043,16.4828,1.3082,19.5584,67.7292,2.1131
13/09/2011 00:00:00,1.2391,0.5595,18.2836,1.0000,0.0000,4.9601,291.3425,54.6750,7.7950,3.6031,0.7659,752.0204,242.4041,28.8476,16.1218,1.2319,20.1741,65.1199,2.0744
14/09/2011 00:00:00,1.1853,0.5458,18.2553,1.0000,0.0000,4.8886,291.1829,52.3222,7.6582,3.0664,0.7736,753.9346,242.7869,28.8032,15.7355,1.2264,20.4599,64.0913,2.0773
15/09/2011 00:00:00,1.2404,0.5085,18.0367,1.0000,0.0000,4.8172,289.6643,50.7194,7.4975,2.9992,0.7595,759.8923,243.9785,28.8601,15.4436,1.2497,20.7457,63.9828,2.0851
16/09/2011 00:00:00,4.9412,0.4712,17.8180,1.0000,0.0000,4.7457,288.1457,49.1165,10.2433,4.0935,1.0059,765.8500,245.1700,40.3566,40.4258,1.7170,21.0316,89.1485,2.8236
17/09/2011 00:00:00,3.5587,0.4339,17.5993,1.0000,0.0000,4.6742,286.6271,47.5137,17.6247,7.0361,1.4155,771.8077,246.3615,71.0763,107.5465,2.5055,21.3174,156.4527,4.0626
18/09/2011 00:00:00,7.3570,0.3966,17.3806,1.0000,0.0000,4.6028,285.1085,45.9108,13.5269,5.3946,1.1439,777.7654,247.5531,55.8427,73.4026,2.0986,21.6032,122.4923,3.3568
19/09/2011 00:00:00,5.8101,0.3593,17.1620,1.0000,0.0000,4.5313,283.5900,44.3080,17.8316,7.1037,1.3329,783.7231,248.7446,75.3641,115.4727,2.5339,21.8890,164.7457,4.0001
20/09/2011 00:00:00,3.5566,0.3220,16.9433,1.0000,0.0000,4.4598,282.0714,42.7051,16.9668,6.7517,1.2491,789.6808,249.9362,73.4218,110.5017,2.4595,22.1749,159.9582,3.8335
21/09/2011 00:00:00,3.7442,0.3115,16.8576,1.0000,0.0000,4.3884,281.6814,41.1022,12.6450,5.0262,1.0222,795.6385,251.1277,56.0324,72.0275,2.0842,22.4607,121.6675,3.2085
22/09/2011 00:00:00,7.2305,0.3195,16.8390,1.0000,0.0000,4.3169,281.8601,39.4994,11.9128,4.7296,0.9877,801.5962,252.3192,54.0605,67.1782,2.0847,22.7465,117.0017,3.1711
23/09/2011 00:00:00,3.9099,0.3276,16.8205,1.0000,0.0000,4.2454,282.0389,37.8965,16.7005,6.6224,1.1937,807.5539,253.5108,77.6237,117.4509,2.6076,23.0324,167.4578,3.9206
24/09/2011 00:00:00,2.9500,0.3356,16.8019,1.0000,0.0000,4.1740,282.2177,36.2937,12.6787,5.0213,0.9564,813.5116,254.7023,60.3664,79.6251,2.1618,23.3182,129.8155,3.2138
25/09/2011 00:00:00,2.4037,0.3436,16.7833,1.0000,0.0000,4.1025,282.3965,34.6908,10.2973,4.0729,0.8142,819.4693,255.8939,50.2293,57.3048,1.9038,23.6040,107.6787,2.7995
26/09/2011 00:00:00,5.2725,0.3516,16.7647,1.0000,0.0000,4.0310,282.5752,33.0880,9.5181,3.7598,0.8007,825.4270,257.0854,47.5736,51.1144,1.9365,23.8898,101.6717,2.8173
27/09/2011 00:00:00,4.9890,0.3596,16.7461,1.0000,0.0000,4.1211,282.7540,31.4851,10.8199,4.2682,0.8529,831.3847,258.2769,55.4225,67.3461,2.1328,23.0450,118.0868,3.0710
28/09/2011 00:00:00,5.0578,0.3648,16.9398,1.0000,0.0000,4.3350,277.5899,32.7213,10.7500,4.2346,0.8502,825.3288,257.0658,55.4770,68.4540,2.1775,21.4911,118.6917,3.1127
29/09/2011 00:00:00,3.0566,0.3681,17.2367,1.0000,0.0000,4.5489,269.8286,35.3374,10.8861,4.2819,0.8135,813.4335,254.6867,56.1294,71.6218,2.1238,19.9372,121.0227,3.0186
30/09/2011 00:00:00,2.4323,0.3714,17.5336,1.0000,0.0000,4.7628,262.0672,37.9535,8.9906,3.5310,0.6983,801.5381,252.3076,46.3134,52.0925,1.8590,18.3833,100.6567,2.6271
01/10/2011 00:00:00,2.0396,0.3747,17.8305,1.0000,0.0000,4.9767,254.3059,40.5697,7.6776,3.0106,0.6192,789.6428,249.9286,39.5122,38.8530,1.6812,16.8294,86.5805,2.3623
02/10/2011 00:00:00,1.8217,0.3780,18.1274,1.0000,0.0000,5.1906,246.5445,43.1858,6.9730,2.7299,0.5790,777.7475,247.5495,35.8506,32.3292,1.6035,15.2755,79.2200,2.2404
03/10/2011 00:00:00,2.1824,0.3814,18.4242,1.0000,0.0000,5.4045,238.7832,45.8019,6.8720,2.6858,0.6069,765.8522,245.1704,35.2953,32.6155,1.7148,13.7216,78.6696,2.3824
04/10/2011 00:00:00,1.5892,0.3847,18.7211,1.0000,0.0000,5.6184,231.0218,48.4180,6.4535,2.5179,0.5640,753.9568,242.7914,33.1111,29.2422,1.6266,12.1677,74.4595,2.2470
05/10/2011 00:00:00,1.4724,0.3927,18.9209,1.0000,0.0000,5.8323,229.8659,51.0342,6.1174,2.3824,0.5419,742.0615,240.4123,31.3521,26.7703,1.5952,10.6138,71.1509,2.1913
06/10/2011 00:00:00,1.3540,0.4040,19.0723,1.0000,0.0000,6.0462,232.0074,53.6503,5.7151,2.2216,0.5138,730.1662,238.0332,29.2571,23.4799,1.5444,9.0598,67.0237,2.1096
07/10/2011 00:00:00,1.2439,0.4153,19.2236,1.0000,0.0000,6.2601,234.1489,56.2664,5.3467,2.0743,0.4872,718.2709,235.6542,27.3390,20.5316,1.4955,7.5059,63.2387,2.0313
08/10/2011 00:00:00,1.1908,0.4265,19.3749,1.0000,0.0000,6.4740,236.2905,58.8825,5.1810,2.0060,0.4758,706.3756,233.2751,26.4593,19.9469,1.4921,5.9520,61.8172,2.0155
09/10/2011 00:00:00,1.8029,0.4378,19.5263,1.0000,0.0000,6.6879,238.4320,61.4987,6.3583,2.4566,0.6091,694.4802,230.8960,32.4303,35.5163,1.9520,4.3981,76.5499,2.6221
10/10/2011 00:00:00,1.0852,0.4491,19.6776,1.0000,0.0000,6.9018,240.5735,64.1148,5.2753,2.0337,0.4845,682.5849,228.5170,26.8710,23.9062,1.5870,2.8442,64.1030,2.1200
11/10/2011 00:00:00,1.0430,0.4603,19.8289,1.0000,0.0000,6.7679,242.7150,66.7309,5.0721,1.9509,0.4676,670.6896,226.1379,25.8004,22.8656,1.5660,2.1791,62.2257,2.0803
12/10/2011 00:00:00,0.9443,0.4671,19.8904,1.0000,0.0000,6.3390,240.4132,67.9522,4.8279,1.8525,0.4493,662.7268,224.5454,24.7411,20.7370,1.5161,2.1433,59.5301,2.0103
13/10/2011 00:00:00,1.1478,0.4706,19.9062,1.0000,0.0000,5.9100,235.8490,68.4606,5.0396,1.9290,0.4726,656.7735,223.3547,26.1444,23.9494,1.5947,2.1076,62.3134,2.1146
14/10/2011 00:00:00,1.4474,0.4740,19.9219,1.0000,0.0000,5.4811,231.2848,68.9691,5.2455,2.0025,0.4684,650.8202,222.1640,27.5574,27.1103,1.5803,2.0718,65.0451,2.0955
15/10/2011 00:00:00,0.9203,0.4775,19.9377,1.0000,0.0000,5.0521,226.7206,69.4776,5.0886,1.9373,0.4756,644.8670,220.9734,27.0828,25.7837,1.6046,2.0361,63.2893,2.1277
16/10/2011 00:00:00,0.8273,0.4809,19.9534,1.0000,0.0000,4.6232,222.1564,69.9860,4.7599,1.8071,0.4503,638.9137,219.7827,25.6751,22.3100,1.5193,2.0003,59.3866,2.0147
17/10/2011 00:00:00,0.7539,0.4844,19.9692,1.0000,0.0000,4.1942,217.5922,70.4945,4.6095,1.7447,0.4395,632.9604,218.5921,25.2094,21.0496,1.4826,1.9646,57.6970,1.9661
18/10/2011 00:00:00,2.5684,0.4878,19.9849,1.0000,0.0000,3.7653,213.0280,71.0029,6.0710,2.2906,0.5676,627.0072,217.4014,33.6785,40.0295,1.9146,1.9288,76.2478,2.5390
19/10/2011 00:00:00,1.4539,0.4869,19.9542,1.0000,0.0000,3.3363,210.2619,71.5114,5.9023,2.2197,0.5273,621.0539,216.2108,33.2282,38.6030,1.7786,1.8931,74.3922,2.3586
20/10/2011 00:00:00,0.9511,0.4831,19.9014,1.0000,0.0000,2.9074,208.3462,72.0199,5.5434,2.0774,0.5175,615.1006,215.0201,31.6855,34.7670,1.7455,1.8573,70.1270,2.3147
21/10/2011 00:00:00,0.8401,0.4794,19.8487,1.0000,0.0000,2.4784,206.4305,72.5283,4.9289,1.8404,0.4706,609.1474,213.8295,28.6196,27.6645,1.5870,1.8216,62.5953,2.1046
22/10/2011 00:00:00,0.7381,0.4757,19.7959,1.0000,0.0000,2.0494,204.5149,73.0368,4.5044,1.6754,0.4362,603.1941,212.6388,26.5839,22.9354,1.4710,1.7858,57.4371,1.9509
23/10/2011 00:00:00,1.5482,0.4720,19.7432,1.0000,0.0000,1.6205,202.5992,73.5453,5.1243,1.8982,0.4928,597.2408,211.4482,30.7558,31.5468,1.6618,1.7501,65.6194,2.2039
24/10/2011 00:00:00,0.7721,0.4683,19.6904,1.0000,0.0000,1.1915,200.6835,74.0537,4.7324,1.7454,0.4669,591.2876,210.2575,28.9035,27.2281,1.5742,1.7143,60.8715,2.0878
25/10/2011 00:00:00,3.7743,0.4646,19.6377,1.0000,0.0000,1.0794,198.7678,74.5622,6.1457,2.2563,0.6148,585.3343,209.0669,38.2206,46.2070,2.0728,1.6658,79.4213,2.7491
26/10/2011 00:00:00,1.4440,0.4567,19.7138,1.0000,0.0000,1.2229,198.0954,74.9017,6.2489,2.2830,0.5533,579.3853,207.8771,39.6489,49.6123,1.9304,1.6087,82.4315,2.5389
27/10/2011 00:00:00,5.2059,0.4459,19.8551,1.0000,0.0000,1.3663,198.0508,75.1556,6.6934,2.4328,0.6450,573.4386,206.6877,43.3893,58.4694,2.3689,1.5515,90.9107,3.0784
28/10/2011 00:00:00,1.9566,0.4351,19.9963,1.0000,0.0000,1.5098,198.0062,75.4096,8.3988,3.0358,0.6802,567.4918,205.4984,55.6690,85.4916,2.6281,1.4944,117.5550,3.3763
29/10/2011 00:00:00,1.5292,0.4243,20.1375,1.0000,0.0000,1.6532,197.9617,75.6636,6.3517,2.2823,0.5260,561.5450,204.3090,43.0844,60.0142,2.1373,1.4373,91.6997,2.7159
30/10/2011 00:00:00,1.2786,0.4135,20.2787,1.0000,0.0000,1.7967,197.9171,75.9175,5.1042,1.8225,0.4350,555.5982,203.1196,35.4646,44.7757,1.8584,1.3801,76.0833,2.3369
31/10/2011 00:00:00,1.0666,0.4027,20.4199,1.0000,0.0000,1.9402,197.8725,76.1715,4.0966,1.4528,0.3589,549.6515,201.9303,29.1843,32.1830,1.6115,1.3230,63.1127,2.0063
01/11/2011 00:00:00,0.9211,0.3919,20.5611,1.0000,0.0000,2.0836,197.8279,76.4254,3.5271,1.2417,0.3143,543.7047,200.7409,25.7905,25.6727,1.4831,1.2659,56.2245,1.8287
02/11/2011 00:00:00,0.7780,0.3828,20.5521,1.0000,0.0000,2.2271,200.4685,76.6794,3.1105,1.0864,0.2801,537.7579,199.5516,23.3708,21.1911,1.3888,1.2087,51.3651,1.6969
03/11/2011 00:00:00,1.0163,0.3748,20.4636,1.0000,0.0000,2.3706,204.5292,76.9333,3.3719,1.1677,0.3135,531.8111,198.3622,26.0648,27.9606,1.6335,1.1516,57.7566,1.9784
04/11/2011 00:00:00,3.7386,0.3667,20.3750,1.0000,0.0000,2.5140,208.5900,77.1873,4.4720,1.5343,0.4082,525.8643,197.1729,35.6115,50.1464,2.2350,1.0945,79.5646,2.6840
05/11/2011 00:00:00,1.2928,0.3587,20.2865,1.0000,0.0000,2.6575,212.6508,77.4412,4.3678,1.4834,0.3618,519.9176,195.9835,35.8818,51.7976,2.0815,1.0374,80.8378,2.4795
06/11/2011 00:00:00,2.3692,0.3507,20.1980,1.0000,0.0000,2.8009,216.7116,77.6952,4.2114,1.4145,0.3728,513.9708,194.7942,35.7459,52.5470,2.2541,0.9802,81.2093,2.6642
07/11/2011 00:00:00,1.5446,0.3427,20.1094,1.0000,0.0000,2.9444,220.7723,77.9492,4.7202,1.5662,0.3835,508.0240,193.6048,41.4644,66.7156,2.4368,0.9231,95.0001,2.8586
08/11/2011 00:00:00,4.3511,0.3347,20.0209,1.0000,0.0000,2.9565,224.8331,78.2031,4.2474,1.3904,0.3728,502.0772,192.4154,38.6856,61.4852,2.4906,0.9255,89.3918,2.9006
09/11/2011 00:00:00,2.2971,0.3389,19.9620,1.0000,0.0000,2.8854,226.1626,77.9608,4.6305,1.6875,0.3904,507.7502,193.5500,44.7189,74.9186,2.5919,0.9684,103.0524,3.0213
10/11/2011 00:00:00,1.5139,0.3524,19.9191,1.0000,0.0000,2.8144,226.0285,77.4522,4.3335,1.8585,0.3954,519.6609,195.9322,44.9476,74.0154,2.5351,1.0112,102.7013,2.9700
11/11/2011 00:00:00,1.2859,0.3658,19.8762,1.0000,0.0000,2.7433,225.8943,76.9436,3.3883,1.6945,0.3519,531.5715,198.3143,37.8200,56.4708,2.1843,1.0540,85.7088,2.5714
12/11/2011 00:00:00,1.0817,0.3793,19.8332,1.0000,0.0000,2.6722,225.7601,76.4349,2.6157,1.5152,0.3098,543.4822,200.6964,31.4920,41.0148,1.8657,1.0969,70.8049,2.2065
13/11/2011 00:00:00,0.9247,0.3927,19.7903,1.0000,0.0000,2.6012,225.6260,75.9263,2.0777,1.3874,0.2793,555.3929,203.0786,27.0531,30.0188,1.6354,1.1397,60.3610,1.9427
14/11/2011 00:00:00,0.8428,0.4061,19.7474,1.0000,0.0000,2.5301,225.4918,75.4176,1.8161,1.3936,0.2744,567.3036,205.4607,25.6526,25.9203,1.5644,1.1826,56.8145,1.8662
15/11/2011 00:00:00,0.7889,0.4196,19.7044,1.0000,0.0000,2.4590,225.3576,74.9090,1.6148,1.4215,0.2726,579.2142,207.8428,24.8310,23.1565,1.5156,1.2254,54.6029,1.8155
16/11/2011 00:00:00,0.6973,0.4326,19.8567,1.0000,0.0000,2.3880,221.5823,74.4004,1.4468,1.4603,0.2722,591.1249,210.2250,24.3174,21.1065,1.4784,1.2682,53.1049,1.7779
17/11/2011 00:00:00,0.6374,0.4452,20.1079,1.0000,0.0000,2.3169,215.9621,73.8917,1.3184,1.5271,0.2768,603.0356,212.6071,24.3369,20.2423,1.4699,1.3111,52.7928,1.7744
18/11/2011 00:00:00,1.4092,0.4579,20.3592,1.0000,0.0000,2.2459,210.3419,73.3831,1.4349,1.9113,0.3378,614.9462,214.9892,29.2512,29.9402,1.7564,1.3539,63.0429,2.1279
19/11/2011 00:00:00,0.6215,0.4705,20.6104,1.0000,0.0000,2.1748,204.7217,72.8744,1.1296,1.7369,0.3016,626.8569,217.3714,25.6029,21.1793,1.5372,1.3968,54.8340,1.8690
20/11/2011 00:00:00,0.5559,0.4832,20.8616,1.0000,0.0000,2.1037,199.1014,72.3658,1.0016,1.7872,0.3034,638.7676,219.7535,25.4414,19.9504,1.5174,1.4396,54.1572,1.8512
21/11/2011 00:00:00,0.4971,0.4959,21.1128,1.0000,0.0000,2.0327,193.4812,71.8572,0.8834,1.8429,0.3067,650.6782,222.1356,25.3952,18.9812,1.5063,1.4824,53.7401,1.8437
22/11/2011 00:00:00,0.4284,0.5085,21.3640,1.0000,0.0000,2.2318,187.8610,71.3485,0.7664,1.8879,0.3078,662.5889,224.5178,25.2372,17.7894,1.4857,1.7616,53.1004,1.8242
23/11/2011 00:00:00,0.3745,0.5491,21.4199,1.0000,0.0000,2.6608,186.6729,69.3550,0.7306,1.8759,0.3063,654.9406,222.9881,24.5472,16.6531,1.4275,2.2048,51.6530,1.7644
24/11/2011 00:00:00,0.3283,0.6091,21.3741,1.0000,0.0000,3.0898,187.7908,66.5884,0.7374,1.8419,0.3061,637.1100,219.4220,23.6783,15.7439,1.3635,2.6479,49.9835,1.7003
25/11/2011 00:00:00,0.3076,0.6691,21.3283,1.0000,0.0000,3.5188,188.9088,63.8218,0.7655,1.8605,0.3168,619.2793,215.8559,23.4834,16.2584,1.3477,3.0911,49.7375,1.6961
26/11/2011 00:00:00,0.2909,0.7291,21.2825,1.0000,0.0000,3.9478,190.0268,61.0552,0.7969,1.8854,0.3289,601.4487,212.2897,23.3526,16.9148,1.3353,3.5343,49.6335,1.6970
27/11/2011 00:00:00,0.2817,0.7891,21.2367,1.0000,0.0000,4.3768,191.1448,58.2886,0.8383,1.9313,0.3453,583.6181,208.7236,23.4583,18.0829,1.3370,3.9774,50.0413,1.7168
28/11/2011 00:00:00,0.2725,0.8491,21.1909,1.0000,0.0000,4.8058,192.2627,55.5220,0.8799,1.9750,0.3617,565.7875,205.1575,23.5081,19.1433,1.3342,4.4206,50.3412,1.7320
29/11/2011 00:00:00,0.7687,0.9091,21.1451,1.0000,0.0000,5.2348,193.3807,52.7554,1.0297,2.2521,0.4074,547.9569,201.5914,26.2517,26.0075,1.4306,4.8637,56.4451,1.8788
30/11/2011 00:00:00,0.2603,0.9325,21.3433,1.0000,0.0000,5.6638,191.4587,49.9888,0.9767,2.0822,0.4004,530.1263,198.0253,23.7514,21.6106,1.3369,5.3069,51.2877,1.7774
01/12/2011 00:00:00,0.2363,0.9319,21.6618,1.0000,0.0000,6.0928,188.0372,47.2222,0.9945,2.0671,0.4056,512.2957,194.4591,23.0550,21.0921,1.2863,5.7501,50.0089,1.7324
02/12/2011 00:00:00,0.2179,0.9313,21.9803,1.0000,0.0000,6.5217,184.6157,44.4556,1.0193,2.0663,0.4140,494.4651,190.8930,22.5154,20.9153,1.2451,6.1932,49.0717,1.7005
03/12/2011 00:00:00,0.1946,0.9307,22.2988,1.0000,0.0000,6.9507,181.1942,41.6890,1.0282,2.0333,0.4154,476.6345,187.3269,21.6255,19.9746,1.1837,6.6364,47.3706,1.6406
04/12/2011 00:00:00,0.1859,0.9301,22.6173,1.0000,0.0000,7.3797,177.7727,38.9224,1.0477,2.0218,0.4224,458.8039,183.7608,20.9694,19.5441,1.1382,7.0796,46.1797,1.6028
05/12/2011 00:00:00,0.1721,0.9295,22.9359,1.0000,0.0000,7.8087,174.3512,36.1558,1.0879,2.0491,0.4359,440.9733,180.1947,20.7023,19.9761,1.1089,7.5227,45.8513,1.5884
06/12/2011 00:00:00,1.6557,0.9289,23.2544,1.0000,0.0000,7.9208,170.9297,33.3892,1.6391,3.0139,0.6544,423.1426,176.6285,29.6301,40.9075,1.5690,7.4302,66.0223,2.2888
07/12/2011 00:00:00,4.5807,0.8850,23.2530,1.0000,0.0000,7.7779,173.0864,33.3404,2.1419,3.8458,0.7517,420.4611,176.0922,37.5426,59.1240,1.8354,6.9806,83.9325,2.6623
08/12/2011 00:00:00,1.6047,0.8052,23.0693,1.0000,0.0000,7.6350,178.4227,34.8417,1.7502,3.0692,0.5659,426.4197,177.2839,30.1125,42.6708,1.4719,6.5310,67.4320,2.0944
09/12/2011 00:00:00,0.5348,0.7254,22.8857,1.0000,0.0000,7.4922,183.7590,36.3430,1.4879,2.5490,0.4967,432.3783,178.4757,25.1350,31.6646,1.3766,6.0814,56.3785,1.9229
10/12/2011 00:00:00,0.4648,0.6456,22.7020,1.0000,0.0000,7.3493,189.0953,37.8443,1.4805,2.4781,0.4661,438.3369,179.6674,24.5611,30.5159,1.3772,5.6318,55.1825,1.8899
11/12/2011 00:00:00,0.3978,0.5658,22.5183,1.0000,0.0000,7.2064,194.4316,39.3456,1.4492,2.3706,0.4285,444.2955,180.8591,23.6170,28.5299,1.3507,5.1822,53.1493,1.8220
12/12/2011 00:00:00,0.3924,0.4860,22.3346,1.0000,0.0000,7.0635,199.7679,40.8469,1.4675,2.3463,0.4103,450.2541,182.0508,23.4972,28.3957,1.3808,4.7326,52.9677,1.8322
13/12/2011 00:00:00,4.8112,0.4062,22.1510,1.0000,0.0000,6.9206,205.1041,42.3482,2.4985,3.9051,0.6174,456.2127,183.2425,39.3144,64.2463,2.2197,4.2831,88.7710,2.8988
14/12/2011 00:00:00,0.9801,0.3719,22.2567,1.0000,0.0000,6.7777,203.8394,43.8496,1.9153,2.9270,0.4543,462.1712,184.4342,29.6242,42.5253,1.7472,3.8335,67.0027,2.2470
15/12/2011 00:00:00,0.7401,0.3670,22.5061,1.0000,0.0000,6.6348,199.2961,45.3509,1.7386,2.5982,0.3835,468.1298,185.6260,26.4387,35.4684,1.5798,3.3839,59.8985,2.0017
16/12/2011 00:00:00,0.6385,0.3620,22.7555,1.0000,0.0000,6.4920,194.7528,46.8522,1.6557,2.4200,0.3402,474.0884,186.8177,24.7594,31.8057,1.5032,2.9343,56.1885,1.8774
17/12/2011 00:00:00,0.5549,0.3571,23.0050,1.0000,0.0000,6.3491,190.2094,48.3535,1.6053,2.2951,0.3073,480.0470,188.0094,23.6103,29.3359,1.4586,2.4847,53.6714,1.7966
18/12/2011 00:00:00,0.4762,0.3522,23.2544,1.0000,0.0000,6.2062,185.6661,49.8548,1.5601,2.1822,0.2775,486.0056,189.2011,22.5732,27.1127,1.4183,2.0351,51.4009,1.7236
19/12/2011 00:00:00,0.4137,0.3472,23.5038,1.0000,0.0000,6.0633,181.1228,51.3561,1.5403,2.1080,0.2547,491.9642,190.3928,21.9285,25.7769,1.4045,1.5855,50.0178,1.6847
20/12/2011 00:00:00,0.3643,0.3423,23.7533,1.0000,0.0000,6.5190,176.5795,52.8574,1.5451,2.0692,0.2374,497.9228,191.5846,21.6472,25.2669,1.4159,1.5176,49.4606,1.6771
21/12/2011 00:00:00,0.3266,0.3487,23.9060,1.0000,0.0000,7.4507,175.9966,53.5353,1.5271,2.0014,0.2405,500.0000,192.0000,21.1867,24.8670,1.4078,1.7177,49.1397,1.6723
22/12/2011 00:00:00,0.2852,0.3633,24.0071,1.0000,0.0000,8.3825,177.5243,53.7726,1.4687,1.8840,0.2465,500.0000,192.0000,20.2472,23.5603,1.3549,1.9178,47.9796,1.6260
23/12/2011 00:00:00,0.2629,0.3779,24.1082,1.0000,0.0000,9.3143,179.0520,54.0098,1.4408,1.8092,0.2566,500.0000,192.0000,19.7390,23.1893,1.3361,2.1179,47.7552,1.6184
24/12/2011 00:00:00,0.2413,0.3925,24.2093,1.0000,0.0000,10.2461,180.5797,54.2470,1.4092,1.7323,0.2644,500.0000,192.0000,19.1886,22.6507,1.3124,2.3180,47.3633,1.6032
25/12/2011 00:00:00,0.2205,0.4071,24.3104,1.0000,0.0000,11.1779,182.1073,54.4843,1.3704,1.6494,0.2693,500.0000,192.0000,18.5496,21.8234,1.2820,2.5181,46.6825,1.5782
26/12/2011 00:00:00,0.2019,0.4217,24.4115,1.0000,0.0000,12.1096,183.6350,54.7215,1.3300,1.5674,0.2730,500.0000,192.0000,17.8972,20.8881,1.2520,2.7182,45.8939,1.5523
27/12/2011 00:00:00,0.1831,0.4363,24.5126,1.0000,0.0000,13.0414,185.1627,54.9587,1.2818,1.4791,0.2739,500.0000,192.0000,17.1484,19.6283,1.2146,2.9183,44.7807,1.5158
28/12/2011 00:00:00,0.1648,0.4509,24.6137,1.0000,0.0000,13.9732,186.6904,55.1960,1.2321,1.3924,0.2732,500.0000,192.0000,16.3909,18.2647,1.1757,3.1184,43.5637,1.4763
29/12/2011 00:00:00,0.1484,0.4655,24.7148,1.0000,0.0000,14.9050,188.2181,55.4332,1.1843,1.3107,0.2719,500.0000,192.0000,15.6675,16.9133,1.1383,3.3185,42.3589,1.4373
30/12/2011 00:00:00,0.1441,0.4764,24.4752,1.0000,0.0000,15.8368,189.2931,55.6704,1.1889,1.2888,0.2836,500.0000,192.0000,15.6434,17.4094,1.1582,3.5186,43.0017,1.4702
31/12/2011 00:00:00,0.1420,0.4845,24.0535,1.0000,0.0000,16.7685,190.1264,55.9077,1.2020,1.2763,0.2974,500.0000,192.0000,15.7316,18.2075,1.1871,3.7187,43.9464,1.5143
01/01/2012 00:00:00,0.1377,0.4926,23.6319,1.0000,0.0000,17.7003,190.9596,56.1449,1.1985,1.2465,0.3060,500.0000,192.0000,15.6025,18.3882,1.1958,3.9188,44.2737,1.5324
02/01/2012 00:00:00,0.1412,0.5007,23.2103,1.0000,0.0000,18.6321,191.7929,56.3822,1.2305,1.2537,0.3245,500.0000,192.0000,15.9372,19.8849,1.2437,4.1189,45.9171,1.6005
03/01/2012 00:00:00,0.1354,0.5088,22.7887,1.0000,0.0000,19.5639,192.6262,56.6194,1.2192,1.2170,0.3303,500.0000,192.0000,15.7113,19.7627,1.2435,4.3190,45.9415,1.6068
04/01/2012 00:00:00,0.5326,0.5169,22.3670,1.0000,0.0000,19.3415,193.4594,56.8566,1.3341,1.3046,0.3549,500.0000,192.0000,17.1058,24.4197,1.3143,4.6382,50.7451,1.7047
05/01/2012 00:00:00,0.1134,0.5618,22.2624,1.0000,0.0000,18.1037,193.1049,56.9395,1.1373,1.1269,0.3255,500.0000,192.0000,14.9234,17.6987,1.1844,5.0386,43.9826,1.5425
06/01/2012 00:00:00,0.2664,0.6338,22.3274,1.0000,0.0000,16.8658,192.1143,56.9395,1.1325,1.1591,0.3148,500.0000,192.0000,15.4587,18.6074,1.1240,5.4389,44.7488,1.4703
07/01/2012 00:00:00,0.1572,0.7058,22.3925,1.0000,0.0000,15.6280,191.1236,56.9395,1.0666,1.1298,0.3274,500.0000,192.0000,15.1741,17.1257,1.1465,5.8392,43.1246,1.5066
08/01/2012 00:00:00,0.1282,0.7778,22.4576,1.0000,0.0000,14.3902,190.1330,56.9395,1.0006,1.0988,0.3116,500.0000,192.0000,14.8651,15.6024,1.0703,6.2395,41.4588,1.4131
09/01/2012 00:00:00,0.1056,0.8498,22.5226,1.0000,0.0000,13.1523,189.1424,56.9395,1.0771,1.2291,0.3650,500.0000,192.0000,16.7479,20.1041,1.2288,6.6399,45.8180,1.6303
10/01/2012 00:00:00,0.0985,0.9218,22.5877,1.0000,0.0000,11.9145,188.1518,56.9395,1.0327,1.2272,0.3661,500.0000,192.0000,16.8462,19.6138,1.2078,7.0402,45.1852,1.6105
11/01/2012 00:00:00,0.0915,0.9938,22.7901,1.0000,0.0000,10.6766,187.1676,56.9395,0.9861,1.2235,0.3665,500.0000,192.0000,16.9215,19.0483,1.1843,7.4405,44.4771,1.5875
12/01/2012 00:00:00,0.0847,1.0656,23.0640,1.0000,0.0000,9.4388,186.1867,56.9395,0.9364,1.2166,0.3656,500.0000,192.0000,16.9530,18.3575,1.1565,7.8408,43.6438,1.5587
13/01/2012 00:00:00,0.0771,1.1375,23.3380,1.0000,0.0000,8.2009,185.2058,56.9395,0.8792,1.2000,0.3612,500.0000,192.0000,16.8499,17.3194,1.1180,8.2411,42.4632,1.5153
14/01/2012 00:00:00,0.0739,1.2094,23.6119,1.0000,0.0000,6.9631,184.2249,56.9395,0.8432,1.2134,0.3666,500.0000,192.0000,17.1694,17.3303,1.1097,8.6415,42.3316,1.5129
15/01/2012 00:00:00,0.0745,1.2813,23.8859,1.0000,0.0000,5.7252,183.2440,56.9395,0.8247,1.2565,0.3818,500.0000,192.0000,17.9195,18.3393,1.1299,9.0418,43.1981,1.5499
16/01/2012 00:00:00,0.0721,1.3531,24.1598,1.0000,0.0000,4.4874,182.2631,56.9395,0.7868,1.2752,0.3887,500.0000,192.0000,18.3303,18.4618,1.1240,9.4421,43.1781,1.5515
17/01/2012 00:00:00,0.0698,1.4250,24.4337,1.0000,0.0000,4.6898,181.2822,56.9395,0.7471,1.2952,0.3960,500.0000,192.0000,18.7685,18.5971,1.1182,10.5682,43.1709,1.5537
18/01/2012 00:00:00,0.0661,1.4601,24.7008,1.0000,0.0000,5.8276,180.8795,57.4343,0.7465,1.2784,0.4041,500.0000,192.0000,18.7907,18.0833,1.0940,12.1670,42.7224,1.5385
19/01/2012 00:00:00,0.0636,1.4674,24.9641,1.0000,0.0000,6.9653,180.7900,58.1971,0.7762,1.2571,0.4178,500.0000,192.0000,18.8048,17.7352,1.0744,13.7658,42.5520,1.5339
20/01/2012 00:00:00,2.2454,1.4747,25.2275,1.0000,0.0000,8.1031,180.7006,58.9600,1.3975,2.1440,0.5491,500.0000,192.0000,32.6439,48.5265,1.3431,15.3646,73.5211,1.9472
21/01/2012 00:00:00,0.6960,1.4820,25.4908,1.0000,0.0000,9.2409,180.6112,59.7228,0.9172,1.3354,0.4320,500.0000,192.0000,20.6959,21.2225,1.0059,16.9634,46.3949,1.4811
22/01/2012 00:00:00,0.0880,1.4893,25.7541,1.0000,0.0000,10.3787,180.5217,60.4857,0.7446,1.0303,0.3615,500.0000,192.0000,16.2553,10.9221,0.8021,18.5622,36.2723,1.1998
23/01/2012 00:00:00,0.0869,1.4966,26.0174,1.0000,0.0000,11.5164,180.4323,61.2485,0.7943,1.0460,0.3888,500.0000,192.0000,16.8006,11.7899,0.8225,20.1610,37.3179,1.2502
24/01/2012 00:00:00,0.0813,1.5039,26.2808,1.0000,0.0000,12.6542,180.3428,62.0114,0.8143,1.0219,0.3979,500.0000,192.0000,16.7110,11.2452,0.8032,21.7598,36.9509,1.2409
25/01/2012 00:00:00,0.0723,1.5641,25.9568,1.0000,0.0000,13.7920,181.9635,62.7742,0.8047,0.9634,0.3894,500.0000,192.0000,16.0425,9.4300,0.7506,23.3587,35.3136,1.1790
26/01/2012 00:00:00,0.0634,1.6601,25.3317,1.0000,0.0000,14.9298,184.4610,63.5371,0.7795,0.8913,0.3711,500.0000,192.0000,15.1138,7.0598,0.6833,24.9575,33.1212,1.0915
27/01/2012 00:00:00,0.5645,1.7560,24.7066,1.0000,0.0000,16.0676,186.9585,64.2999,1.2483,1.3648,0.6437,500.0000,192.0000,23.5679,25.1809,1.1331,26.5563,51.4201,1.8412
28/01/2012 00:00:00,0.0634,1.8519,24.0815,1.0000,0.0000,17.2053,189.4560,65.0628,0.8902,0.9314,0.4337,500.0000,192.0000,16.3809,9.1663,0.7301,28.1551,35.5832,1.2071
29/01/2012 00:00:00,0.0598,1.9479,23.4564,1.0000,0.0000,18.3431,191.9535,65.8256,0.9053,0.9071,0.4401,500.0000,192.0000,16.2518,8.5549,0.7089,29.7539,35.1496,1.1930
30/01/2012 00:00:00,0.0545,2.0438,22.8313,1.0000,0.0000,19.4809,194.4510,66.5885,0.8932,0.8580,0.4300,500.0000,192.0000,15.6584,6.9482,0.6629,31.3527,33.7207,1.1359
31/01/2012 00:00:00,0.0500,2.1398,22.2062,1.0000,0.0000,19.3001,196.9485,67.3513,0.8830,0.8135,0.4211,500.0000,192.0000,15.1273,5.4876,0.6215,31.1925,32.4379,1.0847
01/02/2012 00:00:00,0.0469,2.1252,22.0658,1.0000,0.0000,18.0130,197.1691,66.7851,0.8620,0.7756,0.4059,500.0000,192.0000,14.7765,4.4810,0.6109,29.8356,31.7176,1.0574
02/02/2012 00:00:00,0.4544,2.0315,22.1817,1.0000,0.0000,16.7259,196.1854,65.5141,1.2911,1.1449,0.5895,500.0000,192.0000,22.4103,20.7013,0.9359,28.4787,48.2816,1.5844
03/02/2012 00:00:00,2.8851,1.9378,22.2976,1.0000,0.0000,15.4388,195.2017,64.2432,2.0063,1.7530,0.8837,500.0000,192.0000,35.2542,48.3011,1.4814,27.1219,76.2253,2.4535
04/02/2012 00:00:00,0.0793,1.8442,22.4135,1.0000,0.0000,14.1517,194.2180,62.9722,0.9739,0.8383,0.4621,500.0000,192.0000,17.3206,9.3120,0.8186,25.7650,37.5799,1.3268
05/02/2012 00:00:00,0.0718,1.7505,22.5294,1.0000,0.0000,12.8645,193.2343,61.7012,0.9976,0.8459,0.4586,500.0000,192.0000,17.9550,10.4758,0.8596,24.4081,39.0875,1.3640
06/02/2012 00:00:00,0.0694,1.6568,22.6453,1.0000,0.0000,11.5774,192.2506,60.4303,0.9848,0.8224,0.4442,500.0000,192.0000,17.9330,10.2114,0.8819,23.0512,39.1669,1.3705
07/02/2012 00:00:00,0.0668,1.5632,22.7612,1.0000,0.0000,10.2903,191.2669,59.1593,0.9702,0.7978,0.4284,500.0000,192.0000,17.8740,9.8623,0.9021,21.6944,39.1616,1.3733
08/02/2012 00:00:00,0.0597,1.6829,23.1064,1.0000,0.0000,9.0032,191.4118,57.8883,0.9138,0.7398,0.3906,500.0000,192.0000,17.0271,7.7776,0.8736,20.3375,37.4207,1.3032
09/02/2012 00:00:00,0.0547,1.9430,23.5671,1.0000,0.0000,7.7161,192.1250,56.6173,0.8747,0.6970,0.3621,500.0000,192.0000,16.4813,6.3422,0.8618,18.9806,36.3292,1.2601
10/02/2012 00:00:00,0.0571,2.2032,24.0278,1.0000,0.0000,6.4289,192.8381,55.3464,0.8445,0.6623,0.3325,500.0000,192.0000,16.0888,5.2358,0.8435,17.6237,35.5665,1.2092
11/02/2012 00:00:00,0.0511,2.4633,24.4885,1.0000,0.0000,5.1418,193.5513,54.0754,0.8536,0.6587,0.3337,500.0000,192.0000,16.4392,5.7689,0.9043,16.2669,36.4435,1.2714
12/02/2012 00:00:00,0.0513,2.7234,24.9492,1.0000,0.0000,3.8547,194.2644,52.8044,0.8633,0.6553,0.3280,500.0000,192.0000,16.8055,6.3391,0.9517,14.9100,37.3575,1.3125
13/02/2012 00:00:00,0.0534,2.9835,25.4099,1.0000,0.0000,2.5676,194.9776,51.5335,0.8883,0.6632,0.3275,500.0000,192.0000,17.4754,7.5879,1.0202,13.5531,38.9501,1.3805
14/02/2012 00:00:00,0.0536,3.2436,25.8706,1.0000,0.0000,2.1604,195.6907,50.2625,0.8949,0.6571,0.3180,500.0000,192.0000,17.7907,8.0494,1.0663,13.0846,39.7554,1.4161
15/02/2012 00:00:00,0.0528,3.3188,26.0972,1.0000,0.0000,2.4473,194.4496,49.8221,0.9021,0.6724,0.3226,500.0000,192.0000,17.9749,8.2081,1.0764,13.2275,40.0592,1.4312
16/02/2012 00:00:00,0.0524,3.2549,26.2000,1.0000,0.0000,2.7342,192.1745,49.8221,0.9190,0.7067,0.3389,500.0000,192.0000,18.2767,8.6181,1.0790,13.3704,40.5088,1.4517
17/02/2012 00:00:00,0.0507,3.1910,26.3028,1.0000,0.0000,3.0212,189.8993,49.8221,0.9250,0.7330,0.3509,500.0000,192.0000,18.3605,8.5402,1.0672,13.5133,40.4705,1.4532
18/02/2012 00:00:00,0.0487,3.1271,26.4056,1.0000,0.0000,3.3081,187.6242,49.8221,0.9273,0.7566,0.3613,500.0000,192.0000,18.3710,8.2995,1.0503,13.6562,40.2695,1.4477
19/02/2012 00:00:00,0.0469,3.0632,26.5083,1.0000,0.0000,3.5950,185.3491,49.8221,0.9291,0.7797,0.3713,500.0000,192.0000,18.3716,8.0370,1.0325,13.7991,40.0467,1.4409
20/02/2012 00:00:00,0.0442,2.9993,26.6111,1.0000,0.0000,3.8819,183.0740,49.8221,0.9198,0.7933,0.3759,500.0000,192.0000,18.1543,7.3022,1.0010,13.9420,39.3515,1.4145
21/02/2012 00:00:00,0.0424,2.9354,26.7139,1.0000,0.0000,4.1689,180.7988,49.8221,0.9183,0.8133,0.3839,500.0000,192.0000,18.0896,6.9015,0.9794,14.0849,38.9905,1.4017
22/02/2012 00:00:00,0.0401,3.0269,26.3935,1.0000,0.0000,4.4558,181.5375,49.8221,0.9110,0.8278,0.3889,500.0000,192.0000,17.9123,6.2611,0.9512,14.2278,38.3898,1.3789
23/02/2012 00:00:00,0.0388,3.2325,25.8442,1.0000,0.0000,4.7427,183.9070,49.8221,0.9145,0.8521,0.3990,500.0000,192.0000,17.9479,6.0788,0.9361,14.3707,38.2471,1.3750
24/02/2012 00:00:00,0.0378,3.4381,25.2948,1.0000,0.0000,5.0296,186.2765,49.8221,0.9208,0.8790,0.4103,500.0000,192.0000,18.0364,6.0077,0.9241,14.5136,38.2157,1.3754
25/02/2012 00:00:00,0.0370,3.6437,24.7454,1.0000,0.0000,5.3166,188.6460,49.8221,0.9291,0.9081,0.4227,500.0000,192.0000,18.1659,6.0208,0.9143,14.6565,38.2684,1.3792
26/02/2012 00:00:00,0.0986,3.8493,24.1961,1.0000,0.0000,5.6035,191.0154,49.8221,1.0469,1.0470,0.5162,500.0000,192.0000,20.4301,10.5017,1.0727,14.7994,42.7890,1.6405
27/02/2012 00:00:00,0.0375,4.0549,23.6467,1.0000,0.0000,5.8904,193.3849,49.8221,0.9724,0.9945,0.4618,500.0000,192.0000,18.9399,7.1100,0.9225,14.9423,39.4370,1.4305
28/02/2012 00:00:00,0.0362,4.2605,23.0974,1.0000,0.0000,6.0878,195.7544,49.8221,0.9732,1.0173,0.4704,500.0000,192.0000,18.9196,6.7973,0.9034,14.7529,39.1639,1.4209
29/02/2012 00:00:00,0.0346,4.4214,23.0671,1.0000,0.0000,6.2297,194.4035,49.3194,0.9695,1.0352,0.4711,496.0760,191.2152,18.8128,6.2852,0.8847,14.3387,38.6916,1.4029
01/03/2012 00:00:00,0.0320,4.5500,23.3055,1.0000,0.0000,6.3717,191.1270,48.5565,0.9502,1.0359,0.4605,490.1219,190.0244,18.4042,5.1487,0.8525,13.9245,37.5947,1.3590
02/03/2012 00:00:00,0.0299,4.6785,23.5439,1.0000,0.0000,6.5137,187.8505,47.7937,0.9348,1.0399,0.4521,484.1677,188.8335,18.0719,4.1782,0.8245,13.5103,36.6639,1.3218
03/03/2012 00:00:00,0.0292,4.8071,23.7823,1.0000,0.0000,6.6557,184.5740,47.0309,0.9408,1.0675,0.4558,478.2136,187.6427,18.1553,4.0546,0.8183,13.0961,36.5800,1.3197
04/03/2012 00:00:00,0.0283,4.9357,24.0207,1.0000,0.0000,6.7977,181.2976,46.2681,0.9437,1.0918,0.4579,472.2594,186.4519,18.1779,3.8072,0.8087,12.6819,36.3722,1.3124
05/03/2012 00:00:00,0.0277,5.0642,24.2591,1.0000,0.0000,6.9397,178.0211,45.5053,0.9517,1.1219,0.4629,466.3053,185.2611,18.2969,3.7506,0.8037,12.2677,36.3552,1.3129
06/03/2012 00:00:00,0.0254,5.1928,24.4975,1.0000,0.0000,7.0817,174.7446,44.7425,0.9244,1.1101,0.4483,460.3511,184.0702,17.7399,2.3567,0.7646,11.8535,35.0010,1.2577
07/03/2012 00:00:00,0.0245,5.3214,24.7359,1.0000,0.0000,7.2237,171.4681,43.9797,0.9222,1.1277,0.4480,454.3970,182.8794,17.6655,1.9241,0.7497,11.4393,34.6081,1.2425
08/03/2012 00:00:00,0.0240,5.5818,24.9379,1.0000,0.0000,7.3657,170.5829,43.2169,0.9325,1.1606,0.4549,448.4428,181.6886,17.8292,1.9565,0.7464,11.0251,34.6802,1.2467
09/03/2012 00:00:00,0.0237,5.9395,25.1201,1.0000,0.0000,7.5077,171.0007,42.4541,0.9445,1.1960,0.4630,442.4887,180.4977,18.0254,2.0473,0.7440,10.6109,34.8106,1.2533
10/03/2012 00:00:00,0.0236,6.2973,25.3022,1.0000,0.0000,7.6497,171.4185,41.6913,0.9621,1.2391,0.4746,436.5345,179.3069,18.3276,2.3357,0.7461,10.1967,35.1387,1.2681
11/03/2012 00:00:00,0.0219,6.6550,25.4844,1.0000,0.0000,7.7916,171.8363,40.9284,0.9388,1.2294,0.4631,430.5804,178.1161,17.8514,1.1341,0.7112,9.7825,33.9767,1.2206
12/03/2012 00:00:00,0.0214,7.0128,25.6666,1.0000,0.0000,7.9336,172.2541,40.1656,0.9450,1.2579,0.4687,424.6262,176.9252,17.9375,1.0082,0.7025,9.3683,33.8905,1.2180
13/03/2012 00:00:00,0.0209,7.3705,25.8487,1.0000,0.0000,7.9619,172.6719,39.4028,0.9523,1.2880,0.4753,418.6721,175.7344,18.0426,0.9156,0.6941,9.5731,33.8376,1.2169
14/03/2012 00:00:00,0.0204,7.7266,25.6230,1.0000,0.0000,7.8904,173.4637,39.8198,0.9458,1.2993,0.4797,416.6667,175.3333,17.8450,0.7440,0.6819,10.2014,33.6381,1.2095
15/03/2012 00:00:00,0.0206,8.0814,25.1904,1.0000,0.0000,7.8188,174.4452,40.8358,0.9570,1.3352,0.4975,416.6667,175.3333,17.9621,1.4162,0.6889,10.8298,34.2480,1.2361
16/03/2012 00:00:00,0.0197,8.4363,24.7579,1.0000,0.0000,7.7473,175.4266,41.8519,0.9349,1.3240,0.4949,416.6667,175.3333,17.4527,0.8880,0.6678,11.4581,33.6574,1.2122
17/03/2012 00:00:00,0.0197,8.7912,24.3253,1.0000,0.0000,7.6758,176.4081,42.8680,0.9406,1.3520,0.5095,416.6667,175.3333,17.4670,1.3614,0.6700,12.0865,34.0686,1.2305
18/03/2012 00:00:00,0.0187,9.1460,23.8928,1.0000,0.0000,7.6043,177.3896,43.8840,0.9170,1.3374,0.5053,416.6667,175.3333,16.9378,0.7663,0.6480,12.7149,33.4111,1.2038
19/03/2012 00:00:00,0.0189,9.5009,23.4602,1.0000,0.0000,7.5327,178.3710,44.9001,0.9248,1.3682,0.5211,416.6667,175.3333,16.9911,1.3123,0.6518,13.3432,33.8948,1.2250
20/03/2012 00:00:00,0.0187,9.8558,23.0277,1.0000,0.0000,7.4612,179.3525,45.9162,0.9224,1.3838,0.5302,416.6667,175.3333,16.8554,1.4822,0.6471,13.9716,34.0024,1.2304
21/03/2012 00:00:00,0.0190,9.9660,22.7860,1.0000,0.0000,7.3897,181.9499,46.9323,0.9325,1.4184,0.5478,416.6667,175.3333,16.9487,2.1158,0.6525,14.5999,34.5737,1.2551
22/03/2012 00:00:00,0.0195,9.8987,22.6432,1.0000,0.0000,7.3182,185.3849,47.9483,0.9465,1.4593,0.5683,416.6667,175.3333,17.1116,2.8998,0.6608,15.2283,35.2954,1.2859
23/03/2012 00:00:00,0.0191,9.8314,22.5005,1.0000,0.0000,7.2466,188.8200,48.9644,0.9402,1.4691,0.5750,416.6667,175.3333,16.9070,2.9276,0.6529,15.8566,35.2609,1.2854
24/03/2012 00:00:00,0.0186,9.7641,22.3577,1.0000,0.0000,7.1751,192.2550,49.9805,0.9302,1.4726,0.5788,416.6667,175.3333,16.6365,2.8100,0.6420,16.4850,35.0809,1.2787
25/03/2012 00:00:00,0.0195,9.6968,22.2150,1.0000,0.0000,7.1036,195.6901,50.9965,0.9507,1.5245,0.6043,416.6667,175.3333,16.9111,3.8446,0.6549,17.1133,36.0533,1.3196
26/03/2012 00:00:00,0.0207,9.6295,22.0722,1.0000,0.0000,7.0320,199.1251,52.0126,0.9796,1.5909,0.6361,416.6667,175.3333,17.3316,5.2094,0.6738,17.7417,37.3558,1.3735
27/03/2012 00:00:00,0.0212,9.5622,21.9294,1.0000,0.0000,8.3602,202.5601,53.0287,0.9904,1.6286,0.6556,416.6667,175.3333,17.4282,5.8914,0.6788,17.6624,37.9755,1.4000
28/03/2012 00:00:00,0.0210,9.4908,21.8342,1.0000,0.0000,10.8239,202.9910,51.2866,0.9974,1.6604,0.6453,416.6667,175.3333,17.4007,6.2125,0.6981,17.0890,38.1453,1.4078
29/03/2012 00:00:00,0.0204,9.4165,21.7642,1.0000,0.0000,13.2876,201.8298,48.0820,0.9974,1.6805,0.6160,416.6667,175.3333,17.2198,6.1477,0.7203,16.5156,37.8818,1.3979
30/03/2012 00:00:00,0.0262,9.3422,21.6942,1.0000,0.0000,15.7513,200.6686,44.8774,1.0134,1.7279,0.6052,416.6667,175.3333,17.3134,6.6885,0.7637,15.9423,38.2241,1.4295
31/03/2012 00:00:00,0.0208,9.2679,21.6241,1.0000,0.0000,18.2150,199.5073,41.6728,0.9921,1.7115,0.5594,416.6667,175.3333,16.7717,5.8256,0.7608,15.3689,37.1626,1.3761
01/04/2012 00:00:00,0.0215,9.1936,21.5541,1.0000,0.0000,20.6787,198.3461,38.4681,1.0116,1.7655,0.5354,416.6667,175.3333,16.9215,6.4941,0.7840,14.7956,37.6326,1.3730
02/04/2012 00:00:00,0.2317,9.1193,21.4841,1.0000,0.0000,23.1424,197.1849,35.2635,1.2760,2.2523,0.6112,416.6667,175.3333,21.1168,16.1980,0.9629,14.2222,47.1379,1.6351
03/04/2012 00:00:00,1.2396,9.0450,21.4140,1.0000,0.0000,25.6061,196.0237,32.0589,1.7184,3.0674,0.7262,416.6667,175.3333,28.1328,32.2960,1.2301,13.6488,63.0374,2.0289
04/04/2012 00:00:00,0.0580,8.6472,21.4549,1.0000,0.0000,28.0698,196.9855,28.8543,0.9948,1.7953,0.4560,416.6667,175.3333,16.1096,5.6926,0.8301,13.0755,36.2354,1.3316
05/04/2012 00:00:00,1.9453,8.0257,21.5537,1.0000,0.0000,30.5335,199.0573,25.6496,1.9399,3.5394,0.7399,416.6667,175.3333,31.0737,39.8226,1.4475,12.5021,70.1668,2.2614
06/04/2012 00:00:00,0.0342,7.4043,21.6525,1.0000,0.0000,32.9972,201.1291,22.4450,1.1065,2.0406,0.4625,416.6667,175.3333,17.5300,9.5951,0.9722,11.9288,39.7408,1.4809
07/04/2012 00:00:00,0.0264,6.7828,21.7514,1.0000,0.0000,35.4609,203.2009,19.2404,1.1827,2.2042,0.4678,416.6667,175.3333,18.5297,12.2285,1.0568,11.3554,42.1756,1.5714
08/04/2012 00:00:00,0.0255,6.1614,21.8502,1.0000,0.0000,37.9246,205.2727,16.0357,1.1809,2.2241,0.4414,416.6667,175.3333,18.2967,12.0664,1.0719,10.7820,41.8150,1.5574
09/04/2012 00:00:00,0.0258,5.5399,21.9490,1.0000,0.0000,40.3883,207.3445,12.8311,1.1958,2.2753,0.4219,416.6667,175.3333,18.3192,12.4894,1.1020,10.2087,42.0394,1.5660
10/04/2012 00:00:00,0.0265,4.9185,22.0478,1.0000,0.0000,42.8520,209.4163,9.6265,1.2160,2.3374,0.4043,416.6667,175.3333,18.4185,13.0933,1.1368,9.6353,42.4447,1.5815
11/04/2012 00:00:00,0.0244,4.2970,22.1466,1.0000,0.0000,42.5200,211.4881,6.4219,1.2020,2.3337,0.3762,416.6667,175.3333,17.9985,12.5007,1.1396,9.3773,41.6536,1.5533
12/04/2012 00:00:00,0.0237,4.1604,22.1558,1.0000,0.0000,39.7485,211.2249,8.5068,1.1966,2.3462,0.3735,420.9067,176.1813,17.9873,12.0992,1.1347,9.3389,41.4292,1.5455
13/04/2012 00:00:00,0.0249,4.3497,22.1193,1.0000,0.0000,36.9771,209.7717,13.2948,1.2112,2.3982,0.3891,427.3136,177.4627,18.4207,12.3366,1.1409,9.3005,42.0357,1.5689
14/04/2012 00:00:00,0.0246,4.5389,22.0827,1.0000,0.0000,34.2056,208.3185,18.0829,1.2085,2.4158,0.4002,433.7204,178.7441,18.5903,11.9693,1.1304,9.2620,42.0376,1.5706
15/04/2012 00:00:00,0.0250,4.7282,22.0462,1.0000,0.0000,31.4342,206.8654,22.8709,1.2104,2.4426,0.4139,440.1272,180.0254,18.8309,11.7641,1.1241,9.2236,42.2016,1.5793
16/04/2012 00:00:00,0.0247,4.9175,22.0096,1.0000,0.0000,28.6627,205.4122,27.6589,1.2083,2.4614,0.4268,446.5341,181.3068,19.0091,11.4205,1.1122,9.1851,42.2272,1.5816
17/04/2012 00:00:00,0.0255,5.1068,21.9731,1.0000,0.0000,25.8913,203.9590,32.4469,1.2153,2.4988,0.4441,452.9409,182.5882,19.3308,11.3955,1.1080,9.1467,42.5714,1.5965
18/04/2012 00:00:00,0.0775,4.9892,21.6535,1.0000,0.0000,23.1198,204.5846,37.2350,1.2504,2.5945,0.4633,459.3477,183.8696,20.1047,12.3548,1.1036,9.1082,43.8998,1.6133
19/04/2012 00:00:00,0.8511,4.6523,21.1754,1.0000,0.0000,20.3484,206.3739,42.0230,1.5551,3.2560,0.5259,465.7546,185.1509,25.2721,22.8082,1.1928,9.0698,54.7223,1.7714
20/04/2012 00:00:00,0.0305,4.3154,20.6973,1.0000,0.0000,17.5769,208.1631,46.8110,1.2259,2.5897,0.4991,472.1614,186.4323,20.1331,10.9533,1.0743,9.0314,43.2366,1.6233
21/04/2012 00:00:00,0.0291,3.9785,20.2192,1.0000,0.0000,14.8055,209.9524,51.5990,1.2422,2.6474,0.5321,478.5683,187.7137,20.6134,11.2577,1.0830,8.9929,43.9101,1.6682
22/04/2012 00:00:00,0.0721,3.6416,19.7411,1.0000,0.0000,12.0340,211.7416,56.3871,1.1449,2.4613,0.5031,484.9751,188.9950,19.1938,7.5391,0.9644,8.9545,40.5607,1.5178
23/04/2012 00:00:00,0.0295,3.3047,19.2631,1.0000,0.0000,9.2625,213.5308,61.1751,1.2438,2.6968,0.5828,491.3819,190.2764,21.0623,10.7698,1.0473,8.9160,44.1606,1.6883
24/04/2012 00:00:00,0.0281,2.9678,18.7850,1.0000,0.0000,7.8826,215.3201,65.9631,1.2265,2.6822,0.6021,497.7888,191.5577,20.9785,9.8857,1.0089,9.6953,43.6457,1.6712
25/04/2012 00:00:00,0.0282,2.6407,18.5668,1.0000,0.0000,7.6671,215.9084,67.7821,1.2370,2.7278,0.5886,496.1014,191.2203,21.0571,9.9869,1.0295,11.0603,43.6997,1.6769
26/04/2012 00:00:00,0.0291,2.3205,18.4857,1.0000,0.0000,7.4516,215.8639,68.0364,1.2637,2.8099,0.5586,490.1482,190.0296,21.2438,10.6505,1.0819,12.4254,44.0968,1.6964
27/04/2012 00:00:00,0.0272,2.0004,18.4045,1.0000,0.0000,7.2360,215.8194,68.2906,1.2636,2.8329,0.5181,484.1949,188.8390,20.9755,10.3699,1.1086,13.7904,43.5497,1.6785
28/04/2012 00:00:00,0.0261,1.6802,18.3234,1.0000,0.0000,7.0205,215.7749,68.5448,1.2688,2.8675,0.4820,478.2416,187.6483,20.7935,10.2685,1.1371,15.1554,43.1819,1.6673
29/04/2012 00:00:00,6.0501,1.3600,18.2422,1.0000,0.0000,6.8049,215.7304,68.7991,2.6343,6.0015,0.7807,472.2884,186.4577,42.6192,55.8812,2.0276,16.5205,88.5281,2.8863
30/04/2012 00:00:00,2.7562,1.0399,18.1610,1.0000,0.0000,6.5894,215.6859,69.0533,2.3043,5.2916,0.5982,466.3351,185.2670,36.7988,44.0761,1.7089,17.8855,76.4564,2.3669
01/05/2012 00:00:00,0.0629,0.7197,18.0799,1.0000,0.0000,6.3738,215.6414,69.3075,1.3840,3.2032,0.4026,460.3818,184.0764,21.8137,13.2194,1.2643,19.2505,45.3333,1.7071
02/05/2012 00:00:00,0.0576,0.6475,18.0890,1.0000,0.0000,6.1583,215.1721,69.5618,1.5468,3.6078,0.4197,454.4286,182.8857,24.0579,18.1624,1.4489,20.6156,50.0097,1.9106
03/05/2012 00:00:00,0.0580,0.7610,18.1506,1.0000,0.0000,5.9427,214.4552,69.8160,1.5707,3.6918,0.3903,448.4753,181.6951,24.1043,18.5382,1.4817,21.9806,50.1190,1.9111
04/05/2012 00:00:00,1.6985,0.8745,18.2123,1.0000,0.0000,5.7272,213.7384,70.0702,2.5161,5.9587,0.4892,442.5220,180.5044,38.0924,47.9107,2.0439,23.3456,79.2250,2.5820
05/05/2012 00:00:00,2.2588,0.9879,18.2739,1.0000,0.0000,5.5116,213.0215,70.3245,2.3571,5.6243,0.4152,436.5688,179.3138,35.2013,42.1840,1.9114,24.7107,73.2318,2.3682
06/05/2012 00:00:00,1.1959,1.1014,18.3355,1.0000,0.0000,5.2961,212.3047,70.5787,2.0933,5.0319,0.3496,430.6155,178.1231,30.8318,33.3780,1.7764,26.0757,64.1594,2.1610
07/05/2012 00:00:00,0.6359,1.2149,18.3972,1.0000,0.0000,5.0805,211.5878,70.8329,1.9085,4.6214,0.2871,424.6622,176.9324,27.7192,27.1837,1.6137,27.4407,57.6985,1.9295
08/05/2012 00:00:00,2.8092,1.3283,18.4588,1.0000,0.0000,4.9112,210.8710,71.0872,2.7485,6.7041,0.3461,418.7090,175.7418,39.3604,51.7057,2.1580,27.8313,81.9540,2.5387
09/05/2012 00:00:00,0.4292,1.3043,18.4218,1.0000,0.0000,4.7695,213.5311,71.5082,2.0577,5.0552,0.2995,412.7586,174.5517,29.0093,30.9310,1.8412,27.5456,60.8794,2.1707
10/05/2012 00:00:00,0.6030,1.1798,18.3331,1.0000,0.0000,4.6277,217.9553,72.0162,2.0137,4.9824,0.3058,406.8098,173.3620,27.9217,29.6741,1.7516,27.2598,59.3053,2.0879
11/05/2012 00:00:00,0.1539,1.0552,18.2444,1.0000,0.0000,4.4860,222.3794,72.5243,2.2652,5.6442,0.3767,400.8609,172.1722,30.8845,37.0919,2.0242,26.9741,66.4058,2.4385
12/05/2012 00:00:00,0.1524,0.9306,18.1558,1.0000,0.0000,4.3443,226.8035,73.0324,2.2288,5.5924,0.3865,394.9121,170.9824,29.8753,36.0447,1.9590,26.6884,65.0414,2.3841
13/05/2012 00:00:00,0.1493,0.8061,18.0671,1.0000,0.0000,4.2025,231.2276,73.5405,2.2062,5.5739,0.3975,388.9632,169.7927,29.0647,35.4056,1.9093,26.4026,64.0849,2.3466
14/05/2012 00:00:00,0.2966,0.6815,17.9785,1.0000,0.0000,4.0608,235.6517,74.0486,2.0433,5.1978,0.3690,383.0144,168.6029,26.4512,30.7195,1.6868,26.1169,59.0817,2.0927
15/05/2012 00:00:00,0.4184,0.5569,17.8898,1.0000,0.0000,3.9190,240.0758,74.5567,1.9708,5.0473,0.3641,377.0656,167.4131,25.0624,28.6778,1.5895,25.8311,56.7226,1.9900
16/05/2012 00:00:00,0.2439,0.5286,17.8420,1.0000,0.0000,3.7773,234.2863,75.0648,2.1741,5.6053,0.4187,371.1167,166.2233,27.1530,34.5580,1.7515,25.5454,62.2856,2.2121
17/05/2012 00:00:00,0.1791,0.5668,17.8149,1.0000,0.0000,3.6356,223.3276,75.5728,2.3122,6.0009,0.4658,365.1679,165.0336,28.3534,38.5261,1.8723,25.2596,65.9364,2.3847
18/05/2012 00:00:00,0.1823,0.6051,17.7878,1.0000,0.0000,3.4938,212.3688,76.0809,2.3557,6.1540,0.4863,359.2190,163.8438,28.3542,39.7734,1.8831,24.9739,66.8665,2.4180
19/05/2012 00:00:00,0.1841,0.6433,17.7608,1.0000,0.0000,3.3521,201.4101,76.5890,2.3712,6.2349,0.4999,353.2702,162.6540,28.0067,40.2202,1.8693,24.6882,66.9960,2.4192
20/05/2012 00:00:00,0.1818,0.6815,17.7337,1.0000,0.0000,3.2103,190.4513,77.0971,2.3908,6.3271,0.5146,347.3214,161.4643,27.7014,40.7787,1.8617,24.4024,67.2372,2.4277
21/05/2012 00:00:00,0.1796,0.7197,17.7066,1.0000,0.0000,3.0686,179.4926,77.6052,2.4058,6.4074,0.5278,341.3725,160.2745,27.3365,41.2039,1.8510,24.1167,67.3452,2.4315
22/05/2012 00:00:00,0.1786,0.7579,17.6795,1.0000,0.0000,3.0345,168.5338,78.1133,2.4255,6.5006,0.5416,335.4237,159.0847,27.0182,41.7551,1.8442,46.4366,67.5791,2.4400
23/05/2012 00:00:00,0.1814,0.8049,17.5585,1.0000,0.0000,3.1013,171.5136,78.4458,2.4701,6.6618,0.5497,333.3333,158.6667,27.0316,42.5530,1.8531,84.3576,68.1058,2.4578
24/05/2012 00:00:00,0.1774,0.8585,17.3866,1.0000,0.0000,3.1681,182.0313,78.6832,2.5104,6.8125,0.5516,333.3333,158.6667,27.0178,42.9640,1.8591,122.2786,68.2706,2.4659
25/05/2012 00:00:00,0.1755,0.9120,17.2147,1.0000,0.0000,3.2349,192.5489,78.9205,2.5552,6.9767,0.5540,333.3333,158.6667,27.0385,43.4683,1.8667,160.1996,68.5288,2.4761
26/05/2012 00:00:00,0.1827,0.9656,17.0429,1.0000,0.0000,3.3017,203.0666,79.1579,2.6218,7.2021,0.5599,333.3333,158.6667,27.2713,44.5187,1.8862,198.1206,69.3329,2.5022
27/05/2012 00:00:00,0.1830,1.0191,16.8710,1.0000,0.0000,3.3684,213.5842,79.3953,2.6773,7.3988,0.5639,333.3333,158.6667,27.3679,45.2324,1.8992,236.0416,69.8004,2.5196
28/05/2012 00:00:00,0.1828,1.0727,16.6991,1.0000,0.0000,3.4352,224.1018,79.6327,2.7329,7.5978,0.5678,333.3333,158.6667,27.4480,45.9126,1.9117,273.9626,70.2344,2.5363
29/05/2012 00:00:00,0.1813,1.1263,16.5273,1.0000,0.0000,3.5020,234.6195,79.8701,2.7888,7.7992,0.5716,333.3333,158.6667,27.5126,46.5617,1.9241,279.1703,70.6373,2.5529
30/05/2012 00:00:00,0.1780,1.2754,16.4034,1.0000,0.0000,3.5688,237.2926,80.1074,2.8407,7.9910,0.5747,333.3333,158.6667,27.5196,47.0718,1.9337,260.4040,70.9012,2.5659
31/05/2012 00:00:00,0.1754,1.4889,16.3035,1.0000,0.0000,3.6356,236.0441,80.3448,2.8943,8.1890,0.5776,333.3333,158.6667,27.5258,47.5880,1.9430,241.6377,71.1711,2.5783
01/06/2012 00:00:00,0.6840,1.7023,16.2036,1.0000,0.0000,3.7024,234.7956,80.5822,2.4298,6.9144,0.4479,333.3333,158.6667,22.6792,35.5195,1.5061,222.8714,58.8564,1.9988
02/06/2012 00:00:00,0.1907,1.9158,16.1038,1.0000,0.0000,3.7692,233.5471,80.8196,2.9856,8.5446,0.6086,333.3333,158.6667,27.3417,48.1361,2.0460,204.1051,71.2268,2.7154
03/06/2012 00:00:00,0.1885,2.1292,16.0039,1.0000,0.0000,3.8360,232.2986,81.0570,3.0420,8.7553,0.6283,333.3333,158.6667,27.3243,48.6168,2.1115,185.3388,71.4614,2.8026
04/06/2012 00:00:00,0.1795,2.3427,15.9040,1.0000,0.0000,3.9028,231.0501,81.2943,3.0864,8.9331,0.6272,333.3333,158.6667,27.1837,48.7839,2.1070,166.5725,71.3822,2.7969
05/06/2012 00:00:00,0.1749,2.5562,15.8041,1.0000,0.0000,3.9696,229.8016,81.5317,3.1363,9.1281,0.6315,333.3333,158.6667,27.0767,49.0472,2.1205,147.8063,71.3994,2.8152
06/06/2012 00:00:00,0.1983,2.7696,15.7042,1.0000,0.0000,3.9163,228.5531,81.7691,3.0177,8.8313,0.5935,333.3333,158.6667,25.5280,45.5013,1.9919,134.1423,67.6073,2.6448
07/06/2012 00:00:00,2.9877,2.7290,15.6392,1.0000,0.0000,3.7629,228.6056,81.4904,3.4768,10.2629,0.5767,341.7656,160.3531,29.7605,56.4533,1.9279,124.1124,78.7482,2.5622
08/06/2012 00:00:00,4.0633,2.5074,15.5924,1.0000,0.0000,3.6094,229.3369,80.9423,3.7760,11.2603,0.6703,354.6012,162.9202,33.2443,64.9486,2.2273,114.0825,87.6597,2.9646
09/06/2012 00:00:00,0.4521,2.2858,15.5456,1.0000,0.0000,3.4559,230.0682,80.3942,2.9819,8.9829,0.8372,367.4368,165.4874,26.9860,47.7934,2.7647,104.0526,70.9207,3.6856
10/06/2012 00:00:00,1.1690,2.0641,15.4988,1.0000,0.0000,3.3024,230.7995,79.8460,2.8916,8.7995,0.6125,380.2724,168.0545,26.8844,46.8852,2.0098,94.0227,70.4287,2.6835
11/06/2012 00:00:00,3.7300,1.8425,15.4520,1.0000,0.0000,3.1489,231.5309,79.2979,3.4033,10.4615,0.6378,393.1080,170.6216,32.4894,60.8930,2.0788,83.9928,84.8527,2.7804
12/06/2012 00:00:00,3.4704,1.6209,15.4052,1.0000,0.0000,2.9955,232.2622,78.7497,3.1547,9.7953,0.6396,405.9436,173.1887,30.9075,56.1094,2.0701,73.9629,80.4853,2.7736
13/06/2012 00:00:00,5.3488,1.4351,15.4083,1.0000,0.0000,2.8420,239.3362,78.2016,3.3735,10.5802,0.6938,418.7792,175.7558,33.9027,63.2458,2.2290,63.9330,88.0379,2.9922
14/06/2012 00:00:00,1.1246,1.2723,15.4354,1.0000,0.0000,2.6885,249.4668,77.6535,2.7987,8.8654,0.7240,431.6148,178.3230,28.8369,49.4736,2.3082,53.9032,74.6819,3.1046
15/06/2012 00:00:00,3.2761,1.1095,15.4626,1.0000,0.0000,2.5350,259.5975,77.1053,3.0492,9.7553,0.6400,444.4504,180.8901,32.1974,57.5449,2.0240,43.8733,83.1694,2.7280
16/06/2012 00:00:00,1.5886,0.9467,15.4897,1.0000,0.0000,2.3816,269.7281,76.5572,2.7191,8.7860,0.6474,457.2860,183.4572,29.4120,49.7452,2.0303,33.8434,75.7860,2.7425
17/06/2012 00:00:00,1.8597,0.7839,15.5168,1.0000,0.0000,2.2281,279.8588,76.0090,2.5644,8.3683,0.6181,470.1216,186.0243,28.4029,46.5541,1.9214,23.8135,73.0111,2.6014
18/06/2012 00:00:00,1.0063,0.6211,15.5440,1.0000,0.0000,2.0746,289.9894,75.4609,2.3667,7.7997,0.6159,482.9572,188.5914,26.8308,41.9382,1.8968,13.7836,68.8113,2.5743
19/06/2012 00:00:00,3.7021,0.4583,15.5711,1.0000,0.0000,2.0368,300.1201,74.9128,2.8064,9.3398,0.6716,495.7928,191.1586,32.5518,56.0093,2.0482,10.2586,83.2987,2.7869
20/06/2012 00:00:00,3.6439,0.3991,15.3229,1.0000,0.0000,2.1083,300.4092,74.2207,2.7375,9.0738,0.6786,496.0005,191.2001,31.9513,53.8394,2.1040,11.5826,81.1388,2.8505
21/06/2012 00:00:00,3.2625,0.4093,14.9405,1.0000,0.0000,2.1798,295.9064,73.4585,2.7116,8.8901,0.6522,490.0507,190.0101,31.5928,52.2785,2.0830,12.9067,79.3898,2.8004
22/06/2012 00:00:00,1.4062,0.4194,14.5582,1.0000,0.0000,2.2513,291.4036,72.6962,2.4877,8.0656,0.6207,484.1010,188.8202,28.9320,45.0043,2.0427,14.2307,71.9276,2.7254
23/06/2012 00:00:00,1.2262,0.4296,14.1759,1.0000,0.0000,2.3229,286.9009,71.9340,2.4103,7.7267,0.5625,478.1513,187.6303,27.9816,42.0713,1.9088,15.5548,68.8065,2.5276
24/06/2012 00:00:00,1.1188,0.4397,13.7935,1.0000,0.0000,2.3944,282.3981,71.1717,2.3682,7.5044,0.5262,472.2016,186.4403,27.4422,40.1815,1.8414,16.8789,66.7287,2.4202
25/06/2012 00:00:00,1.0250,0.4499,13.4112,1.0000,0.0000,2.4659,277.8953,70.4095,2.3537,7.3713,0.4996,466.2518,185.2504,27.2245,39.0870,1.8043,18.2029,65.4461,2.3538
26/06/2012 00:00:00,0.9577,0.4600,13.0289,1.0000,0.0000,2.5375,273.3925,69.6472,2.3514,7.2762,0.4788,460.3021,184.0604,27.1468,38.3293,1.7854,19.5270,64.5003,2.3121
27/06/2012 00:00:00,3.0099,0.4651,13.0023,1.0000,0.0000,2.6090,273.7110,68.8850,2.9997,9.1697,0.5321,454.3524,182.8705,34.5671,55.1711,2.0494,20.8510,81.1541,2.6347
28/06/2012 00:00:00,2.5781,0.4668,13.1567,1.0000,0.0000,2.6805,276.4802,68.1228,3.2133,9.7010,0.5318,448.4027,181.6805,36.9584,59.9179,2.1170,22.1751,85.7128,2.7019
29/06/2012 00:00:00,1.3492,0.4685,13.3111,1.0000,0.0000,2.7520,279.2495,67.3605,3.4791,10.3712,0.5685,442.4529,180.4906,39.9402,65.8684,2.3405,23.4991,91.4753,2.9659
30/06/2012 00:00:00,1.1267,0.4701,13.4654,1.0000,0.0000,2.8236,282.0188,66.5983,3.4051,10.0199,0.5366,436.5032,179.3006,39.0155,62.8003,2.2862,24.8232,88.2191,2.8765
01/07/2012 00:00:00,1.0513,0.4718,13.6198,1.0000,0.0000,2.8951,284.7880,65.8360,3.2799,9.5248,0.5006,430.5535,178.1107,37.5081,58.4736,2.2086,26.1472,83.7044,2.7593
02/07/2012 00:00:00,0.9911,0.4735,13.7742,1.0000,0.0000,2.9666,287.5573,65.0738,3.1963,9.1576,0.4724,424.6038,176.9208,36.4799,55.2795,2.1598,27.4713,80.3223,2.6795
03/07/2012 00:00:00,0.9438,0.4752,13.9285,1.0000,0.0000,3.0000,290.3265,64.3115,3.1584,8.9253,0.4496,418.6540,175.7308,35.9763,53.2744,2.1317,27.0356,78.1291,2.6262
04/07/2012 00:00:00,0.8927,0.5897,13.8990,1.0000,0.0000,3.0000,292.5599,62.4845,3.0335,8.4527,0.4731,416.6667,175.3333,34.8645,50.1210,2.0284,25.4300,74.9913,2.5488
05/07/2012 00:00:00,0.8372,0.7811,13.7775,1.0000,0.0000,3.0000,294.5252,60.1234,2.8750,7.8969,0.5183,416.6667,175.3333,33.5208,46.5888,1.8875,23.8245,71.5768,2.4576
06/07/2012 00:00:00,0.8010,0.9726,13.6560,1.0000,0.0000,3.0000,296.4905,57.7624,2.7838,7.5351,0.5752,416.6667,175.3333,32.9234,44.6915,1.7879,22.2189,69.7973,2.4205
07/07/2012 00:00:00,2.1476,1.1640,13.5346,1.0000,0.0000,3.0000,298.4558,55.4013,3.0047,8.0119,0.6920,416.6667,175.3333,36.0420,50.6451,1.8416,20.6134,75.8688,2.6028
08/07/2012 00:00:00,0.9758,1.3554,13.4131,1.0000,0.0000,3.0000,300.4211,53.0402,3.1014,8.1441,0.8091,416.6667,175.3333,37.7290,53.5250,1.8452,19.0078,78.8663,2.7352
09/07/2012 00:00:00,0.8463,1.5468,13.2916,1.0000,0.0000,3.0000,302.3864,50.6791,2.9791,7.7012,0.8717,416.6667,175.3333,36.7506,50.8340,1.7022,17.4023,76.2931,2.6611
10/07/2012 00:00:00,2.0234,1.7383,13.1701,1.0000,0.0000,3.0000,304.3517,48.3181,2.9930,7.6138,0.9514,416.6667,175.3333,37.4365,51.6135,1.5863,15.7967,77.1904,2.6329
11/07/2012 00:00:00,1.5058,1.8141,13.1424,1.0000,0.0000,3.0000,299.8999,45.9570,3.1394,7.8562,1.0866,416.6667,175.3333,39.8124,55.8456,1.5393,14.1912,81.5403,2.7345
12/07/2012 00:00:00,0.9360,1.8144,13.1609,1.0000,0.0000,3.0000,292.2891,43.5959,3.3352,8.2069,1.2799,416.6667,175.3333,42.8779,61.4270,1.5291,12.5856,87.2395,2.9370
13/07/2012 00:00:00,0.8997,1.8148,13.1794,1.0000,0.0000,3.0000,284.6782,41.2348,3.2023,7.7452,1.3619,416.6667,175.3333,41.7326,58.4264,1.3577,10.9801,84.3566,2.8558
14/07/2012 00:00:00,0.8583,1.8151,13.1980,1.0000,0.0000,3.0000,277.0673,38.8737,3.0471,7.2408,1.4367,416.6667,175.3333,40.2499,54.7889,1.1774,9.3745,80.8369,2.7578
15/07/2012 00:00:00,0.8651,1.8154,13.2165,1.0000,0.0000,3.0000,269.4565,36.5127,2.9598,6.9072,1.5395,416.6667,175.3333,39.6257,52.9131,1.0152,7.7690,79.0788,2.7086
16/07/2012 00:00:00,1.2353,1.8157,13.2350,1.0000,0.0000,3.0000,261.8456,34.1516,2.8338,6.4912,1.6342,416.6667,175.3333,38.4474,49.9639,0.8405,6.1634,76.2475,2.6382
17/07/2012 00:00:00,2.1989,1.8160,13.2535,1.0000,0.0000,3.0389,254.2348,31.7905,2.9844,6.7070,1.8497,416.6667,175.3333,41.0319,54.4691,0.7069,5.7307,80.8704,2.7416
18/07/2012 00:00:00,0.9887,1.7850,13.4180,1.0000,0.0000,3.1104,248.6281,31.8358,3.7911,8.3546,2.2733,412.8009,174.5602,51.9224,75.8671,0.7880,6.1238,102.0220,3.2886
19/07/2012 00:00:00,0.9291,1.7310,13.6616,1.0000,0.0000,3.1819,244.1060,33.1848,3.5877,7.7487,2.1325,406.8408,173.3682,48.4869,69.4242,0.7662,6.5169,95.1355,3.1119
20/07/2012 00:00:00,0.8813,1.6769,13.9052,1.0000,0.0000,3.2535,239.5839,34.5337,3.4228,7.2411,2.0161,400.8808,172.1762,45.6340,64.1375,0.7502,6.9100,89.4051,2.9680
21/07/2012 00:00:00,0.8399,1.6229,14.1488,1.0000,0.0000,3.3250,235.0617,35.8827,3.2913,6.8160,1.9203,394.9207,170.9841,43.2746,59.8285,0.7393,7.3031,84.6525,2.8516
22/07/2012 00:00:00,0.7933,1.5689,14.3923,1.0000,0.0000,3.3965,230.5396,37.2317,3.1666,6.4156,1.8232,388.9606,169.7921,41.0495,55.7914,0.7258,7.6962,80.1717,2.7313
23/07/2012 00:00:00,0.7710,1.5148,14.6359,1.0000,0.0000,3.4680,226.0174,38.5807,3.1305,6.2008,1.7816,383.0006,168.6001,39.9974,54.0509,0.7326,8.0893,77.9875,2.6924
24/07/2012 00:00:00,1.2504,1.4608,14.8795,1.0000,0.0000,3.5395,221.4953,39.9296,3.0421,5.8868,1.7242,377.0405,167.4081,38.2952,51.0471,0.7319,8.4825,74.5401,2.6285
25/07/2012 00:00:00,0.8108,2.7740,14.9801,1.0000,0.0000,3.6110,220.5377,41.2786,3.0526,5.7669,1.7322,371.0804,166.2161,37.8488,50.4900,0.7585,8.8756,73.5393,2.6639
26/07/2012 00:00:00,0.7423,4.9728,15.0101,1.0000,0.0000,3.6825,221.3409,42.6276,3.1297,5.7676,1.7255,365.1204,165.0241,38.2076,51.4925,0.7790,9.2687,74.0981,2.6770
27/07/2012 00:00:00,0.7265,7.1717,15.0401,1.0000,0.0000,3.7540,222.1442,43.9765,3.1608,5.6775,1.6947,359.1603,163.8321,37.9794,51.3507,0.7882,9.6618,73.5127,2.6524
28/07/2012 00:00:00,0.7147,9.3706,15.0700,1.0000,0.0000,3.8255,222.9475,45.3255,3.1863,5.5735,1.6662,353.2002,162.6400,37.6682,51.0445,0.7980,10.0549,72.7628,2.6308
29/07/2012 00:00:00,0.6883,11.5695,15.1000,1.0000,0.0000,3.8970,223.7508,46.6745,3.1789,5.4099,1.6214,347.2402,161.4480,36.9594,49.9682,0.7991,10.4480,71.2428,2.5827
30/07/2012 00:00:00,0.6525,13.7683,15.1300,1.0000,0.0000,3.9685,224.5541,48.0234,3.1483,5.2075,1.5666,341.2801,160.2560,35.9839,48.3785,0.7941,10.8411,69.2095,2.5173
31/07/2012 00:00:00,2.0655,15.9672,15.1600,1.0000,0.0000,3.9197,225.3574,49.3724,3.3983,5.4575,1.5138,335.3200,159.0640,38.1669,52.8516,0.7889,10.8469,73.2389,2.4541
01/08/2012 00:00:00,3.8715,15.5086,15.2508,1.0000,0.0000,3.7762,228.5964,51.0080,3.9130,6.0944,1.7406,341.2679,160.2536,44.6173,65.5180,0.9935,10.5899,86.0061,2.9082
02/08/2012 00:00:00,3.0960,13.1431,15.3720,1.0000,0.0000,3.6327,233.0525,52.7869,4.2938,6.4776,1.8016,353.1697,162.6339,50.4987,77.2239,1.1507,10.3330,98.0850,3.1325
03/08/2012 00:00:00,4.8954,10.7776,15.4932,1.0000,0.0000,3.4892,237.5087,54.5658,5.0095,7.3106,1.9555,365.0715,165.0143,60.7263,97.5619,1.3831,10.0760,118.7961,3.5341
04/08/2012 00:00:00,3.3372,8.4121,15.6144,1.0000,0.0000,3.3457,241.9649,56.3448,7.2910,10.2781,2.5141,376.9733,167.3947,91.0391,157.6918,1.9524,9.8191,179.2989,4.7179
05/08/2012 00:00:00,2.1084,6.0467,15.7357,1.0000,0.0000,3.2022,246.4210,58.1237,7.3813,10.0361,2.5221,388.8751,169.7750,94.8768,166.0693,2.1350,9.5621,188.0494,4.9092
06/08/2012 00:00:00,1.9382,3.6812,15.8569,1.0000,0.0000,3.0586,250.8772,59.9026,5.4744,7.1672,1.9770,400.7769,172.1554,72.3911,121.9945,1.8132,9.3052,144.3476,3.9879
07/08/2012 00:00:00,5.7605,1.3157,15.9781,1.0000,0.0000,2.9151,255.3333,61.6815,4.0039,5.0385,1.6074,412.6787,174.5357,54.4400,86.4473,1.5890,9.0482,109.1734,3.3572
08/08/2012 00:00:00,2.7669,0.3251,15.8843,1.0000,0.0000,2.7716,258.3370,63.4604,5.8208,7.0266,2.0695,424.5805,176.9161,81.3314,140.8864,2.1950,8.7913,163.9856,4.4714
09/08/2012 00:00:00,1.7989,0.3171,15.6769,1.0000,0.0000,2.6281,260.5723,65.2394,5.2589,6.0767,1.8769,436.4824,179.2965,75.4737,129.4862,2.1275,8.5343,152.9584,4.1920
10/08/2012 00:00:00,1.5481,0.3091,15.4695,1.0000,0.0000,2.4846,262.8076,67.0183,4.2596,4.7003,1.5736,448.3842,181.6768,62.7601,103.9702,1.8995,8.2774,127.8154,3.6304
11/08/2012 00:00:00,1.3678,0.3012,15.2620,1.0000,0.0000,2.3411,265.0429,68.7972,3.5717,3.7536,1.3600,460.2860,184.0572,53.9993,86.2681,1.7427,8.0204,110.4863,3.2387
12/08/2012 00:00:00,1.3540,0.2932,15.0546,1.0000,0.0000,2.1976,267.2782,70.5761,3.1071,3.1010,1.2229,472.1878,186.4376,48.1828,74.4324,1.6590,7.7635,99.0236,3.0042
13/08/2012 00:00:00,7.3516,0.2852,14.8471,1.0000,0.0000,2.0541,269.5135,72.3550,3.1202,2.9476,1.2913,484.0896,188.8179,49.6069,77.4189,1.8497,7.5065,102.3831,3.2700
14/08/2012 00:00:00,2.7743,0.2773,14.6397,1.0000,0.0000,2.2656,271.7488,74.1339,5.4113,4.8209,1.7993,495.9914,191.1983,88.1672,157.3678,2.7154,7.1698,182.7050,4.6946
15/08/2012 00:00:00,2.9642,0.3286,14.8957,1.0000,0.0000,2.6919,271.0755,75.5760,3.9878,3.4798,1.4302,503.9474,192.7895,65.5885,110.2246,2.1373,6.7765,135.6465,3.7106
16/08/2012 00:00:00,1.9865,0.4214,15.3863,1.0000,0.0000,3.1182,268.9301,76.8469,4.3619,3.8060,1.5550,509.8995,193.9799,71.8782,122.5486,2.2274,6.3832,147.9086,3.9379
17/08/2012 00:00:00,1.7111,0.5141,15.8769,1.0000,0.0000,3.5445,266.7848,78.1178,3.6633,3.1961,1.3925,515.8516,195.1703,60.4809,98.5270,1.9074,5.9899,123.8252,3.4391
18/08/2012 00:00:00,1.5317,0.6069,16.3675,1.0000,0.0000,3.9708,264.6394,79.3887,3.2418,2.8281,1.3041,521.8036,196.3607,53.6243,83.9894,1.7037,5.5966,109.2258,3.1382
19/08/2012 00:00:00,1.3866,0.6997,16.8580,1.0000,0.0000,4.3971,262.4940,80.6596,2.9164,2.5440,1.2389,527.7557,197.5511,48.3354,72.7701,1.5391,5.2033,97.9447,2.9019
20/08/2012 00:00:00,1.2939,0.7925,17.3486,1.0000,0.0000,4.8234,260.3486,81.9305,2.7424,2.3920,1.2232,533.7078,198.7416,45.5396,66.6856,1.4405,4.8100,91.7983,2.7860
21/08/2012 00:00:00,2.0578,0.8853,17.8392,1.0000,0.0000,5.2497,258.2032,83.2014,2.5323,2.2084,1.2142,539.6599,199.9320,42.1317,59.4305,1.3504,4.4168,84.4814,2.6860
22/08/2012 00:00:00,3.4145,0.9728,17.9319,1.0000,0.0000,5.6760,256.2113,84.4723,2.6062,2.2726,1.2678,545.6120,201.1224,43.4463,61.6653,1.3262,4.0235,86.6544,2.7207
23/08/2012 00:00:00,1.5845,1.0567,17.8306,1.0000,0.0000,6.1023,254.2943,85.7432,3.2553,2.8384,1.5155,551.5641,202.3128,54.3750,82.9423,1.4839,3.6302,107.8695,3.1510
24/08/2012 00:00:00,1.4159,1.1407,17.7293,1.0000,0.0000,6.5286,252.3773,87.0141,3.0258,2.6381,1.4853,557.5162,203.5032,50.6426,75.0548,1.3540,3.2369,99.9202,2.9879
25/08/2012 00:00:00,1.2984,1.2246,17.6280,1.0000,0.0000,6.9550,250.4603,88.2850,2.7945,2.4361,1.4464,563.4682,204.6936,46.8641,67.1550,1.2196,2.8436,91.9585,2.8106
26/08/2012 00:00:00,1.2000,1.3085,17.5268,1.0000,0.0000,7.3813,248.5433,89.5559,2.5907,2.2582,1.4178,569.4203,205.8841,43.5346,60.2108,1.0975,2.4503,84.9525,2.6572
27/08/2012 00:00:00,1.1150,1.3925,17.4255,1.0000,0.0000,7.8076,246.6263,90.8269,2.4489,2.1344,1.4115,575.3724,207.0745,41.2354,55.3363,0.9940,2.0570,80.0162,2.5466
28/08/2012 00:00:00,2.0192,1.4764,17.3242,1.0000,0.0000,7.9216,244.7092,92.0978,2.3957,2.0878,1.4397,581.3245,208.2649,40.4216,53.3762,0.9121,2.0893,77.9942,2.4958
29/08/2012 00:00:00,1.4557,1.4040,17.1934,1.0000,0.0000,7.7786,243.0566,91.6845,2.3645,2.2132,1.4321,579.3893,207.8779,39.9774,52.7897,0.8826,2.4044,77.4304,2.4579
30/08/2012 00:00:00,1.0968,1.2238,17.0477,1.0000,0.0000,7.6356,241.5385,90.4134,2.3292,2.4088,1.4652,573.4360,206.6872,39.4617,52.3859,0.9182,2.7195,77.0923,2.5299
31/08/2012 00:00:00,1.0091,1.0437,16.9020,1.0000,0.0000,7.4926,240.0205,89.1422,2.1942,2.4865,1.4055,567.4828,205.4966,37.2523,48.6304,0.8956,3.0346,73.4026,2.4417
01/09/2012 00:00:00,2.3402,0.8635,16.7562,1.0000,0.0000,7.3496,238.5024,87.8711,2.4161,2.9794,1.4749,561.5295,204.3059,41.1065,56.8536,0.9555,3.3497,81.6914,2.5779
02/09/2012 00:00:00,1.1814,0.6833,16.6105,1.0000,0.0000,7.2066,236.9844,86.5999,2.9859,3.9831,1.7301,555.5762,203.1152,50.9079,77.1305,1.1395,3.6648,102.0341,3.0426
03/09/2012 00:00:00,1.2484,0.5032,16.4648,1.0000,0.0000,7.0636,235.4663,85.3287,2.6461,3.7989,1.5999,549.6230,201.9246,45.2098,66.4153,1.0711,3.9799,91.3846,2.8311
04/09/2012 00:00:00,9.8824,0.3230,16.3190,1.0000,0.0000,6.9206,233.9482,84.0576,2.9877,4.5960,1.8853,543.6697,200.7339,51.1572,79.2478,1.2829,5.0598,104.2829,3.3567
05/09/2012 00:00:00,5.5634,0.2701,16.5459,1.0000,0.0000,6.7776,237.7039,82.7864,4.8167,7.9082,2.3850,537.7164,199.5433,82.6506,144.8037,1.6496,6.6109,169.9044,4.2731
06/09/2012 00:00:00,4.3653,0.3033,16.9617,1.0000,0.0000,6.6346,244.1334,81.5153,4.1542,7.2545,2.1061,531.7632,198.3526,71.4371,122.9220,1.4804,8.1621,148.0885,3.7972
07/09/2012 00:00:00,2.7250,0.3365,17.3774,1.0000,0.0000,6.4916,250.5629,80.2441,3.7691,6.9795,1.9327,525.8099,197.1620,64.9576,110.5532,1.3806,9.7132,135.7854,3.5065
08/09/2012 00:00:00,2.1628,0.3698,17.7932,1.0000,0.0000,6.3486,256.9925,78.9729,3.0867,6.0442,1.6634,519.8566,195.9713,53.3140,87.0788,1.2074,11.2643,112.3768,3.0372
09/09/2012 00:00:00,1.7998,0.4030,18.2090,1.0000,0.0000,6.2057,263.4220,77.7018,2.6107,5.3924,1.4708,513.9034,194.7807,45.1919,70.6860,1.0849,12.8155,96.0497,2.7028
10/09/2012 00:00:00,1.5688,0.4362,18.6248,1.0000,0.0000,6.0627,269.8515,76.4306,2.3171,5.0371,1.3566,507.9501,193.5900,40.1997,60.7184,1.0167,14.3666,86.1478,2.5089
11/09/2012 00:00:00,1.8396,0.4694,19.0405,1.0000,0.0000,5.8796,276.2810,75.1595,2.1900,5.0004,1.3231,501.9968,192.3994,38.0804,56.7855,1.0074,14.4036,82.2806,2.4629
12/09/2012 00:00:00,1.3496,0.4820,19.1819,1.0000,0.0000,5.6653,272.8926,73.5506,2.0547,4.6571,1.2784,500.0000,192.0000,35.9782,51.9959,0.9448,13.3957,77.5025,2.3510
13/09/2012 00:00:00,1.2060,0.4803,19.1848,1.0000,0.0000,5.4510,264.5493,71.7714,1.9269,4.2109,1.2630,500.0000,192.0000,34.0591,47.2416,0.8826,12.3877,72.7322,2.2719
14/09/2012 00:00:00,1.1020,0.4786,19.1876,1.0000,0.0000,5.2367,256.2060,69.9921,1.8028,3.7919,1.2357,500.0000,192.0000,32.1674,42.6227,0.8132,11.3798,68.0974,2.1725
15/09/2012 00:00:00,1.0198,0.4770,19.1905,1.0000,0.0000,5.0224,247.8627,68.2128,1.7187,3.4726,1.2297,500.0000,192.0000,30.9556,39.5057,0.7586,10.3719,64.9645,2.1113
16/09/2012 00:00:00,0.9241,0.4753,19.1933,1.0000,0.0000,4.8081,239.5194,66.4335,1.6192,3.1363,1.2041,500.0000,192.0000,29.4394,35.8052,0.6926,9.3639,61.2481,2.0172
17/09/2012 00:00:00,0.8269,0.4736,19.1962,1.0000,0.0000,4.5938,231.1761,64.6543,1.5398,2.8526,1.1813,500.0000,192.0000,28.2599,32.8586,0.6296,8.3560,58.2855,1.9290
18/09/2012 00:00:00,3.6379,0.4719,19.1990,1.0000,0.0000,4.3795,222.8329,62.8750,2.0840,3.6831,1.6308,500.0000,192.0000,38.6083,53.5297,0.7993,7.3480,78.9407,2.5932
19/09/2012 00:00:00,1.4488,0.4585,19.0943,1.0000,0.0000,4.1651,222.9205,61.0957,1.8305,3.0777,1.5476,500.0000,192.0000,34.2328,43.9946,0.6914,6.3401,69.3898,2.3937
20/09/2012 00:00:00,1.8121,0.4367,18.9342,1.0000,0.0000,3.9508,227.3423,59.3165,1.8723,2.9855,1.5854,500.0000,192.0000,35.3460,45.6485,0.6387,5.3321,71.0277,2.3826
21/09/2012 00:00:00,1.5369,0.4150,18.7741,1.0000,0.0000,3.7365,231.7641,57.5372,1.8064,2.7220,1.5682,500.0000,192.0000,34.4235,43.2135,0.5620,4.3242,68.5768,2.2870
22/09/2012 00:00:00,4.8460,0.3933,18.6140,1.0000,0.0000,3.5222,236.1860,55.7579,2.2686,3.2176,1.9418,500.0000,192.0000,43.6406,60.8414,0.6083,3.3163,86.1887,2.7444
23/09/2012 00:00:00,1.8417,0.3716,18.4540,1.0000,0.0000,3.3079,240.6078,53.9786,2.6388,3.5068,2.2035,500.0000,192.0000,51.2421,74.9974,0.5896,2.3083,100.3289,3.0135
24/09/2012 00:00:00,1.5019,0.3499,18.2939,1.0000,0.0000,3.0936,245.0296,52.1994,2.3487,2.9093,2.0513,500.0000,192.0000,46.0417,64.0543,0.4539,1.3004,89.3698,2.7103
25/09/2012 00:00:00,3.0085,0.3282,18.1338,1.0000,0.0000,2.9598,249.4515,50.4201,2.2948,2.6332,2.1499,500.0000,192.0000,45.4099,62.0844,0.3749,0.8957,87.3841,2.7398
26/09/2012 00:00:00,2.5143,0.3226,18.1928,1.0000,0.0000,2.8884,249.4598,49.8221,2.7227,3.0368,2.2726,496.0483,191.2097,53.9852,79.3375,0.5456,0.8886,104.5207,3.0455
27/09/2012 00:00:00,6.8947,0.3283,18.3628,1.0000,0.0000,2.8171,247.2341,49.8221,2.6803,2.9846,2.1526,490.0959,190.0192,53.0516,79.0994,0.7843,0.8815,104.1154,3.1522
28/09/2012 00:00:00,4.1223,0.3340,18.5327,1.0000,0.0000,2.7457,245.0084,49.8221,3.7919,4.2153,2.3970,484.1435,188.8287,74.9209,124.1928,1.1755,0.8743,149.0415,3.8122
29/09/2012 00:00:00,2.6467,0.3397,18.7026,1.0000,0.0000,2.6743,242.7827,49.8221,3.9144,4.3440,2.2643,478.1911,187.6382,77.2019,130.9943,1.3997,0.8672,155.6757,3.8905
30/09/2012 00:00:00,2.0824,0.3454,18.8726,1.0000,0.0000,2.6029,240.5570,49.8221,3.0386,3.3663,1.7498,472.2388,186.4478,59.8210,97.7606,1.3082,0.8601,122.2747,3.2330
01/10/2012 00:00:00,1.7074,0.3511,19.0425,1.0000,0.0000,2.5316,238.3313,49.8221,2.4416,2.7002,1.3960,466.2864,185.2573,47.9791,75.0623,1.2271,0.8529,99.4092,2.7627
02/10/2012 00:00:00,1.4291,0.3568,19.2124,1.0000,0.0000,2.4602,236.1056,49.8221,2.0195,2.2293,1.1426,460.3340,184.0668,39.6095,59.0096,1.1565,0.8458,83.1891,2.4134
03/10/2012 00:00:00,2.2375,0.3625,19.3824,1.0000,0.0000,2.3888,233.8800,49.8221,1.9050,2.0992,1.0785,454.3816,182.8763,37.2941,55.3846,1.2374,0.8387,79.3969,2.4237
04/10/2012 00:00:00,1.6067,0.3728,19.3618,1.0000,0.0000,2.3175,235.1911,49.8221,1.8736,2.0608,1.0315,448.4292,181.6858,36.6090,55.1592,1.3248,0.8316,79.0042,2.4595
05/10/2012 00:00:00,1.1910,0.3861,19.2434,1.0000,0.0000,2.2461,238.3176,49.8221,1.7514,1.9229,0.9309,442.4769,180.4954,34.1558,51.0411,1.3250,0.8244,74.7189,2.3491
06/10/2012 00:00:00,1.0658,0.3994,19.1250,1.0000,0.0000,2.1747,241.4442,49.8221,1.5661,1.7162,0.8169,436.5245,179.3049,30.4812,44.0830,1.2780,0.8173,67.5935,2.1766
07/10/2012 00:00:00,0.9693,0.4127,19.0066,1.0000,0.0000,2.1033,244.5708,49.8221,1.4469,1.5827,0.7383,430.5721,178.1144,28.1069,39.8394,1.2607,0.8102,63.1826,2.0729
08/10/2012 00:00:00,1.5562,0.4261,18.8882,1.0000,0.0000,2.0320,247.6974,49.8221,1.5003,1.6379,0.7329,424.6197,176.9239,29.0841,43.1003,1.3578,0.8031,66.2762,2.1641
09/10/2012 00:00:00,0.9118,0.4394,18.7698,1.0000,0.0000,2.0000,250.8240,49.8221,1.3605,1.4824,0.6639,418.6673,175.7335,26.3202,37.7929,1.3277,1.1589,60.8016,2.0580
10/10/2012 00:00:00,0.8136,0.4502,18.8703,1.0000,0.0000,2.0000,249.7722,49.3162,1.2917,1.4108,0.6010,420.6151,176.1230,25.2327,35.1391,1.3001,1.7884,58.1282,1.9612
11/10/2012 00:00:00,0.7145,0.4594,19.0816,1.0000,0.0000,2.0000,246.6047,48.5543,1.2476,1.3692,0.5491,426.5624,177.3125,24.7586,33.3614,1.2857,2.4178,56.4057,1.8897
12/10/2012 00:00:00,0.6525,0.4686,19.2928,1.0000,0.0000,2.0000,243.4371,47.7923,1.2271,1.3531,0.5160,432.5098,178.5020,24.7411,32.6412,1.3054,3.0473,55.7408,1.8730
13/10/2012 00:00:00,0.5975,0.4778,19.5041,1.0000,0.0000,2.0000,240.2696,47.0304,1.2109,1.3418,0.4862,438.4572,179.6914,24.8084,32.1153,1.3271,3.6768,55.2702,1.8619
14/10/2012 00:00:00,1.7103,0.4870,19.7154,1.0000,0.0000,2.0000,237.1021,46.2685,1.4728,1.6403,0.5436,444.4045,180.8809,30.6665,44.3474,1.5989,4.3063,67.5576,2.1968
15/10/2012 00:00:00,1.0061,0.4962,19.9267,1.0000,0.0000,2.0000,233.9346,45.5065,1.3179,1.4753,0.4836,450.3519,182.0704,27.8922,37.4910,1.5313,4.9358,60.7564,2.0633
16/10/2012 00:00:00,0.7036,0.5054,20.1380,1.0000,0.0000,2.0000,230.7671,44.7446,1.2639,1.4222,0.4512,456.2993,183.2599,27.1927,35.2446,1.5372,5.5652,58.5652,2.0335
17/10/2012 00:00:00,0.6588,0.5105,20.1921,1.0000,0.0000,2.0000,227.6591,43.9826,1.2446,1.4080,0.4240,462.2466,184.4493,27.2260,34.5977,1.5529,6.1947,57.9736,2.0192
18/10/2012 00:00:00,0.6191,0.5127,20.1650,1.0000,0.0000,2.0000,224.5818,43.2207,1.2320,1.4013,0.3989,468.1940,185.6388,27.4067,34.2641,1.5703,6.8242,57.6953,2.0091
19/10/2012 00:00:00,0.5898,0.5150,20.1379,1.0000,0.0000,2.0000,221.5046,42.4588,1.2250,1.4011,0.3780,474.1413,186.8283,27.7154,34.1930,1.5992,7.4537,57.6794,2.0150
20/10/2012 00:00:00,0.5752,0.5173,20.1108,1.0000,0.0000,2.0000,218.4273,41.6968,1.2257,1.4099,0.3616,480.0887,188.0177,28.2097,34.4936,1.6439,8.0831,58.0353,2.0417
21/10/2012 00:00:00,0.5284,0.5195,20.0837,1.0000,0.0000,2.0000,215.3501,40.9349,1.2106,1.4007,0.3370,486.0361,189.2072,28.3497,34.0550,1.6469,8.7126,57.6520,2.0177
22/10/2012 00:00:00,1.5220,0.5218,20.0565,1.0000,0.0000,2.0000,212.2729,40.1729,1.4652,1.7052,0.3788,491.9834,190.3967,34.9144,46.5288,1.9902,9.3421,70.1809,2.4068
23/10/2012 00:00:00,0.7505,0.5240,20.0294,1.0000,0.0000,2.4283,209.1956,39.4110,1.2392,1.4509,0.3078,497.9308,191.5862,30.0536,36.0012,1.7401,9.9536,59.7086,2.0787
24/10/2012 00:00:00,0.5377,0.5274,20.1890,1.0000,0.0000,3.2179,206.4327,40.8040,1.2084,1.4236,0.3111,500.0000,192.0000,29.8334,35.3620,1.7644,10.5525,59.1246,2.1066
25/10/2012 00:00:00,0.4787,0.5315,20.4482,1.0000,0.0000,4.0075,203.8375,43.3467,1.1682,1.3850,0.3124,500.0000,192.0000,29.3656,34.5217,1.7131,11.1515,58.3396,2.0567
26/10/2012 00:00:00,0.4231,0.5356,20.7073,1.0000,0.0000,4.7972,201.2423,45.8894,1.1296,1.3480,0.3160,500.0000,192.0000,28.9191,33.7185,1.6770,11.7504,57.5917,2.0246
27/10/2012 00:00:00,0.3784,0.5398,20.9665,1.0000,0.0000,5.5868,198.6471,48.4321,1.1018,1.3236,0.3249,500.0000,192.0000,28.7321,33.4280,1.6694,12.3494,57.3564,2.0268
28/10/2012 00:00:00,0.3414,0.5439,21.2256,1.0000,0.0000,6.3764,196.0519,50.9748,1.0743,1.2993,0.3328,500.0000,192.0000,28.5403,33.1251,1.6568,12.9484,57.1088,2.0228
29/10/2012 00:00:00,0.3691,0.5480,21.4848,1.0000,0.0000,7.1661,193.4567,53.5175,1.0367,1.2626,0.3338,500.0000,192.0000,28.0670,32.2549,1.6112,13.5473,56.2939,1.9784
30/10/2012 00:00:00,0.3228,0.5521,21.7440,1.0000,0.0000,7.9557,190.8615,56.0602,1.0398,1.2754,0.3541,500.0000,192.0000,28.6943,33.5920,1.6577,14.1463,57.6863,2.0472
31/10/2012 00:00:00,0.3090,0.5297,21.4765,1.0000,0.0000,8.7453,195.1810,58.6029,1.0159,1.2552,0.3621,500.0000,192.0000,28.5807,33.4412,1.6454,14.7452,57.5906,2.0437
01/11/2012 00:00:00,0.3129,0.4897,20.9473,1.0000,0.0000,9.5349,202.9366,61.1455,1.0059,1.2522,0.3758,500.0000,192.0000,28.8610,34.0838,1.6580,15.3442,58.2885,2.0713
02/11/2012 00:00:00,0.3221,0.4497,20.4182,1.0000,0.0000,10.3246,210.6922,63.6882,0.9993,1.2536,0.3913,500.0000,192.0000,29.2450,34.9381,1.6771,15.9432,59.1981,2.1075
03/11/2012 00:00:00,0.4199,0.4097,19.8890,1.0000,0.0000,11.1142,218.4477,66.2309,0.9971,1.2607,0.4142,500.0000,192.0000,29.7730,36.0869,1.7256,16.5421,60.4021,2.1812
04/11/2012 00:00:00,5.7409,0.3698,19.3599,1.0000,0.0000,11.9038,226.2033,68.7736,1.4542,1.8535,0.5856,500.0000,192.0000,44.3165,65.7373,2.3725,17.1411,90.1078,3.0167
05/11/2012 00:00:00,4.1125,0.3298,18.8307,1.0000,0.0000,12.6935,233.9589,71.3163,1.2577,1.6163,0.5305,500.0000,192.0000,39.1259,55.3038,2.0907,17.7400,79.7295,2.6743
06/11/2012 00:00:00,1.7265,0.2898,18.3015,1.0000,0.0000,12.6082,241.7145,73.8590,1.1392,1.4766,0.5374,500.0000,192.0000,36.1907,49.4285,2.0612,17.7164,73.9095,2.6524
07/11/2012 00:00:00,1.1909,0.2826,18.2826,1.0000,0.0000,11.9678,241.7311,73.2319,1.0186,1.3200,0.4922,496.0941,191.2188,32.5336,41.8814,1.8387,17.2153,66.4891,2.3801
08/11/2012 00:00:00,0.9281,0.2980,18.5302,1.0000,0.0000,11.3274,237.7065,70.9444,0.9418,1.2147,0.4513,490.1423,190.0285,29.9982,36.5335,1.6447,16.7143,61.3055,2.1411
09/11/2012 00:00:00,0.7897,0.3134,18.7777,1.0000,0.0000,10.6870,233.6820,68.6569,0.8938,1.1475,0.4256,484.1906,188.8381,28.3933,33.0875,1.5156,16.2132,58.0237,1.9838
10/11/2012 00:00:00,0.6778,0.3288,19.0253,1.0000,0.0000,10.0465,229.6575,66.3693,0.8575,1.0957,0.4067,478.2388,187.6478,27.1647,30.4107,1.4175,15.7121,55.5111,1.8648
11/11/2012 00:00:00,0.9400,0.3442,19.2728,1.0000,0.0000,9.4061,225.6330,64.0818,0.9114,1.1594,0.4322,472.2870,186.4574,28.7985,33.5831,1.4765,15.2111,58.8478,1.9520
12/11/2012 00:00:00,0.5507,0.3596,19.5204,1.0000,0.0000,8.7657,221.6084,61.7943,0.8325,1.0543,0.4015,466.3352,185.2670,26.2368,28.1825,1.3460,14.7100,53.6114,1.7876
13/11/2012 00:00:00,0.4938,0.3750,19.7679,1.0000,0.0000,8.1253,217.5839,59.5068,0.8202,1.0341,0.4012,460.3834,184.0767,25.7811,27.0855,1.3211,14.2089,52.6786,1.7624
14/11/2012 00:00:00,0.4524,0.3902,20.0883,1.0000,0.0000,7.4849,215.4159,57.2193,0.8172,1.0258,0.4061,454.4316,182.8863,25.6215,26.5937,1.3151,13.7079,52.3510,1.7618
15/11/2012 00:00:00,0.4188,0.4052,20.4448,1.0000,0.0000,6.8445,214.1683,54.9317,0.8083,1.0103,0.4041,448.4798,181.6960,25.2810,25.7321,1.2880,13.2068,51.6536,1.7325
16/11/2012 00:00:00,0.3667,0.4202,20.8012,1.0000,0.0000,6.2041,212.9207,52.6442,0.8096,1.0077,0.4155,442.5280,180.5056,25.2593,25.5220,1.3048,12.7057,51.6077,1.7619
17/11/2012 00:00:00,0.3047,0.4352,21.1577,1.0000,0.0000,5.5637,211.6731,50.3567,0.7983,0.9895,0.4161,436.5762,179.3152,24.8482,24.5163,1.2882,12.2047,50.7663,1.7459
18/11/2012 00:00:00,0.2722,0.4502,21.5141,1.0000,0.0000,4.9233,210.4255,48.0692,0.7965,0.9832,0.4203,430.6244,178.1249,24.7335,24.1162,1.2837,11.7036,50.5304,1.7460
19/11/2012 00:00:00,0.2544,0.4652,21.8706,1.0000,0.0000,4.2828,209.1779,45.7817,0.7971,0.9799,0.4243,424.6727,176.9345,24.6922,23.8662,1.2795,11.2025,50.4446,1.7463
20/11/2012 00:00:00,0.2425,0.4802,22.2271,1.0000,0.0000,4.2789,207.9303,43.4941,0.8003,0.9799,0.4300,418.7209,175.7442,24.7352,23.7884,1.2808,10.8341,50.5310,1.7538
21/11/2012 00:00:00,0.2300,0.4955,22.5352,1.0000,0.0000,4.7785,206.5353,43.2034,0.8015,0.9775,0.4308,420.5596,176.1119,24.5191,23.7120,1.2806,10.5556,50.4185,1.7545
22/11/2012 00:00:00,0.2211,0.5109,22.8179,1.0000,0.0000,5.2782,205.0628,43.9650,0.8069,0.9802,0.4320,426.5043,177.3009,24.3292,23.9675,1.2882,10.2771,50.5324,1.7634
23/11/2012 00:00:00,0.2107,0.5264,23.1007,1.0000,0.0000,5.7778,203.5903,44.7266,0.8077,0.9773,0.4304,432.4491,178.4898,24.0029,23.9354,1.2877,9.9987,50.3585,1.7612
24/11/2012 00:00:00,0.2036,0.5418,23.3834,1.0000,0.0000,6.2774,202.1177,45.4882,0.8152,0.9827,0.4331,438.3938,179.6788,23.8803,24.3273,1.2999,9.7202,50.6087,1.7763
25/11/2012 00:00:00,1.6549,0.5573,23.6661,1.0000,0.0000,6.7770,200.6452,46.2498,1.0777,1.2942,0.5716,444.3385,180.8677,31.1184,40.4783,1.7215,9.4417,66.6180,2.3502
26/11/2012 00:00:00,0.2026,0.5727,23.9488,1.0000,0.0000,7.2766,199.1727,47.0114,0.8433,1.0089,0.4438,450.2832,182.0566,24.0025,25.9094,1.3416,9.1632,51.9075,1.8298
27/11/2012 00:00:00,0.1962,0.5882,24.2316,1.0000,0.0000,7.7762,197.7001,47.7730,0.8479,1.0107,0.4442,456.2279,183.2456,23.7888,26.1139,1.3478,8.8848,51.9703,1.8364
28/11/2012 00:00:00,1.7756,0.5870,24.0772,1.0000,0.0000,8.2758,198.3782,48.5346,1.1264,1.3377,0.5317,462.1726,184.4345,31.1531,43.0405,1.6196,8.6063,68.7552,2.2045
29/11/2012 00:00:00,3.9884,0.5742,23.6895,1.0000,0.0000,8.7754,200.2047,49.2962,1.3432,1.5895,0.6365,468.1173,185.6235,36.6230,56.0833,1.9462,8.3278,81.6563,2.6464
30/11/2012 00:00:00,1.6993,0.5614,23.3017,1.0000,0.0000,9.2750,202.0312,50.0578,1.0994,1.2965,0.5226,474.0621,186.8124,29.5523,41.1377,1.6047,8.0493,66.5690,2.1796
01/12/2012 00:00:00,0.5555,0.5485,22.9140,1.0000,0.0000,9.7746,203.8578,50.8194,0.9634,1.1321,0.4632,480.0068,188.0014,25.5291,32.8101,1.4284,7.7709,58.0997,1.9379
02/12/2012 00:00:00,0.4783,0.5357,22.5262,1.0000,0.0000,10.2742,205.6843,51.5810,0.9073,1.0624,0.4315,485.9515,189.1903,23.7013,29.3499,1.3366,7.4924,54.4978,1.8112
03/12/2012 00:00:00,0.4057,0.5229,22.1384,1.0000,0.0000,10.7738,207.5108,52.3426,0.8603,1.0040,0.4051,491.8962,190.3792,22.1577,26.4710,1.2608,7.2139,51.4773,1.7064
04/12/2012 00:00:00,0.3296,0.5101,21.7507,1.0000,0.0000,10.6482,209.3374,53.1042,0.8103,0.9424,0.3779,497.8409,191.5682,20.5748,23.4326,1.1820,6.8805,48.2972,1.5977
05/12/2012 00:00:00,0.7014,0.5358,21.9874,1.0000,0.0000,10.0055,207.7439,55.1627,1.0102,1.1709,0.5074,500.0000,192.0000,25.0350,34.5139,1.5098,6.5092,59.0089,2.0679
06/12/2012 00:00:00,0.6570,0.5911,22.5797,1.0000,0.0000,9.3627,204.2034,57.9609,0.9693,1.1198,0.4822,500.0000,192.0000,23.3022,30.9600,1.3221,6.1378,54.9556,1.8524
07/12/2012 00:00:00,0.6952,0.6464,23.1720,1.0000,0.0000,8.7199,200.6628,60.7591,1.0345,1.1912,0.5192,500.0000,192.0000,24.1138,33.4069,1.3098,5.7665,56.9031,1.8810
08/12/2012 00:00:00,0.3102,0.7017,23.7643,1.0000,0.0000,8.0771,197.1223,63.5574,0.9516,1.0922,0.5022,500.0000,192.0000,21.4969,27.7621,1.1636,5.3951,50.7589,1.7160
09/12/2012 00:00:00,0.2630,0.7570,24.3566,1.0000,0.0000,7.4343,193.5817,66.3556,0.9863,1.1285,0.5436,500.0000,192.0000,21.5820,28.4954,1.1541,5.0238,50.9928,1.7520
10/12/2012 00:00:00,0.2440,0.8123,24.9489,1.0000,0.0000,6.7915,190.0411,69.1538,0.9961,1.1361,0.5634,500.0000,192.0000,21.0998,27.8894,1.0934,4.6524,49.8874,1.7131
11/12/2012 00:00:00,0.2762,0.8676,25.5412,1.0000,0.0000,6.1487,186.5006,71.9520,1.0379,1.1801,0.6173,500.0000,192.0000,21.2708,28.8289,1.0917,4.2811,50.3275,1.7708
12/12/2012 00:00:00,1.6623,0.8502,25.6207,1.0000,0.0000,5.5059,184.5135,74.7502,1.5470,1.7535,0.8809,500.0000,192.0000,30.6530,51.5815,1.4146,3.9097,72.5807,2.3836
13/12/2012 00:00:00,3.8270,0.7858,25.4411,1.0000,0.0000,4.8631,183.3110,77.5485,1.9625,2.2177,1.1701,500.0000,192.0000,37.5714,68.5331,1.6987,3.5383,89.0329,2.9858
14/12/2012 00:00:00,0.7245,0.7213,25.2615,1.0000,0.0000,4.2203,182.1085,80.3467,1.6093,1.8130,1.0238,500.0000,192.0000,29.7456,50.5468,1.3367,3.1670,70.5472,2.4629
15/12/2012 00:00:00,0.5157,0.6568,25.0820,1.0000,0.0000,3.5775,180.9059,83.1449,1.5363,1.7256,1.0013,500.0000,192.0000,27.3968,45.5331,1.1684,2.7956,65.0340,2.2698
16/12/2012 00:00:00,0.4255,0.5924,24.9024,1.0000,0.0000,2.9347,179.7034,85.9431,1.4651,1.6408,0.9806,500.0000,192.0000,25.1865,40.8417,1.0149,2.4243,59.8432,2.0935
17/12/2012 00:00:00,0.3589,0.5279,24.7228,1.0000,0.0000,2.2919,178.5009,88.7413,1.4333,1.6004,0.9856,500.0000,192.0000,23.7313,37.9397,0.8963,2.0529,56.4419,1.9804
18/12/2012 00:00:00,0.3264,0.4634,24.5432,1.0000,0.0000,2.1171,177.2983,91.5395,1.4149,1.5754,0.9948,500.0000,192.0000,22.5434,35.6705,0.7856,2.3246,53.6733,1.8799
19/12/2012 00:00:00,0.2795,0.4462,24.4865,1.0000,0.0000,2.3315,177.4490,92.2198,1.4206,1.5793,0.9929,500.0000,192.0000,22.5611,35.3928,0.8032,3.0466,53.4409,1.8954
20/12/2012 00:00:00,0.2372,0.4637,24.4965,1.0000,0.0000,2.5460,178.3348,91.7456,1.3934,1.5478,0.9464,500.0000,192.0000,22.4852,34.4313,0.8505,3.7685,52.8217,1.8915
21/12/2012 00:00:00,0.2005,0.4812,24.5065,1.0000,0.0000,2.7605,179.2207,91.2713,1.3443,1.4920,0.8799,500.0000,192.0000,22.0334,32.6141,0.8662,4.4904,51.3467,1.8341
22/12/2012 00:00:00,0.1804,0.4987,24.5165,1.0000,0.0000,2.9749,180.1065,90.7971,1.3115,1.4544,0.8295,500.0000,192.0000,21.8244,31.3915,0.8846,5.2124,50.4664,1.7971
23/12/2012 00:00:00,0.1681,0.5163,24.5265,1.0000,0.0000,3.1894,180.9924,90.3229,1.2940,1.4339,0.7948,500.0000,192.0000,21.8546,30.7403,0.9101,5.9343,50.1574,1.7843
24/12/2012 00:00:00,0.1555,0.5338,24.5365,1.0000,0.0000,3.4039,181.8782,89.8487,1.2702,1.4064,0.7601,500.0000,192.0000,21.7658,29.8311,0.9276,6.6562,49.5905,1.7637
25/12/2012 00:00:00,0.1424,0.6301,24.8332,1.0000,0.0000,3.6183,181.6459,89.3745,1.2370,1.3685,0.7240,500.0000,192.0000,21.4970,28.5314,0.9359,7.3781,48.6331,1.7323
26/12/2012 00:00:00,0.1239,0.7808,25.2837,1.0000,0.0000,3.8328,180.8138,88.9003,1.1779,1.3021,0.6761,500.0000,192.0000,20.7547,26.1888,0.9210,8.1001,46.6327,1.6647
27/12/2012 00:00:00,0.1068,0.9315,25.7341,1.0000,0.0000,4.0473,179.9816,88.4261,1.1181,1.2350,0.6302,500.0000,192.0000,19.9685,23.7822,0.9006,8.8220,44.5684,1.5938
28/12/2012 00:00:00,0.1013,1.0823,26.1846,1.0000,0.0000,4.2617,179.1495,87.9519,1.1063,1.2211,0.6139,500.0000,192.0000,20.0215,23.2700,0.9168,9.5439,44.3985,1.5921
29/12/2012 00:00:00,0.0949,1.2330,26.6351,1.0000,0.0000,4.4762,178.3173,87.4777,1.0829,1.1943,0.5914,500.0000,192.0000,19.8519,22.2758,0.9198,10.2659,43.7466,1.5703
30/12/2012 00:00:00,0.0870,1.3838,27.0855,1.0000,0.0000,4.6907,177.4852,87.0035,1.0586,1.1666,0.5709,500.0000,192.0000,19.6526,21.2307,0.9218,10.9878,43.0436,1.5497
31/12/2012 00:00:00,0.0810,1.5345,27.5360,1.0000,0.0000,4.9051,176.6530,86.5292,1.0388,1.1440,0.5530,500.0000,192.0000,19.5253,20.3563,0.9247,11.7097,42.5116,1.5329
01/01/2013 00:00:00,0.0773,1.6853,27.9865,1.0000,0.0000,5.0398,175.8209,86.0550,1.0271,1.1303,0.5403,500.0000,192.0000,19.5410,19.8031,0.9335,11.6625,42.3006,1.5279
02/01/2013 00:00:00,0.0921,1.8360,28.4369,1.0000,0.0000,5.1113,174.9888,85.5808,0.9852,1.0834,0.5077,500.0000,192.0000,18.9666,17.9872,0.9042,11.0980,40.8270,1.4626
03/01/2013 00:00:00,0.0758,1.9823,28.4721,1.0000,0.0000,5.1828,173.6214,84.7095,1.0533,1.1518,0.5421,495.9033,191.1807,20.2419,20.5629,0.9862,10.5335,43.5727,1.5825
04/01/2013 00:00:00,0.0750,2.1253,28.2715,1.0000,0.0000,5.2542,171.9503,83.6130,1.0715,1.1620,0.5437,489.4841,189.8968,20.4000,20.9682,1.0053,9.9689,44.0504,1.6034
05/01/2013 00:00:00,0.0744,2.2683,28.0710,1.0000,0.0000,5.3257,170.2792,82.5164,1.0899,1.1724,0.5453,483.0650,188.6130,20.5618,21.3829,1.0246,9.4044,44.5375,1.6244
06/01/2013 00:00:00,0.0775,2.4113,27.8705,1.0000,0.0000,5.3971,168.6081,81.4199,1.0776,1.1499,0.5272,476.6458,187.3292,20.1463,20.5450,1.0065,8.8399,43.7719,1.5864
07/01/2013 00:00:00,1.2711,2.5543,27.6699,1.0000,0.0000,5.4686,166.9371,80.3234,1.5982,1.6921,0.6779,470.2266,186.0453,29.6139,41.2392,1.3144,8.2754,64.5386,2.0600
08/01/2013 00:00:00,0.1970,2.6973,27.4694,1.0000,0.0000,5.5400,165.2660,79.2269,1.0207,1.0723,0.4280,463.8075,184.7615,18.7482,17.6104,0.8427,7.7109,40.9821,1.3135
09/01/2013 00:00:00,0.0776,2.9179,27.3879,1.0000,0.0000,5.6115,165.9431,78.1304,1.1381,1.1866,0.5365,457.3883,183.4777,20.7241,21.9932,1.0724,7.1464,45.4374,1.6625
10/01/2013 00:00:00,0.0742,3.1916,27.3693,1.0000,0.0000,5.6830,167.8636,77.0339,1.1395,1.1790,0.5293,450.9691,182.1938,20.5719,21.7216,1.0739,6.5819,45.2381,1.6562
11/01/2013 00:00:00,0.0711,3.4652,27.3507,1.0000,0.0000,5.7544,169.7840,75.9374,1.1401,1.1709,0.5219,444.5499,180.9100,20.4094,21.4243,1.0744,6.0174,45.0132,1.6485
12/01/2013 00:00:00,0.0681,3.7388,27.3321,1.0000,0.0000,5.8259,171.7044,74.8408,1.1386,1.1608,0.5136,438.1308,179.6262,20.2133,21.0499,1.0728,5.4529,44.7112,1.6378
13/01/2013 00:00:00,0.0635,4.0125,27.3135,1.0000,0.0000,5.8973,173.6248,73.7443,1.1234,1.1371,0.4989,431.7116,178.3423,19.7811,20.1487,1.0569,4.8884,43.8823,1.6057
14/01/2013 00:00:00,0.2552,4.2861,27.2950,1.0000,0.0000,5.9688,175.5452,72.6478,1.3392,1.3459,0.5666,425.2924,177.0585,23.3901,28.2321,1.2174,4.3238,52.0382,1.8406
15/01/2013 00:00:00,0.0825,4.5597,27.2764,1.0000,0.0000,5.9250,177.4657,71.5513,1.0913,1.0891,0.4565,418.8733,175.7747,18.9092,18.3109,0.9945,4.3773,42.1893,1.4966
16/01/2013 00:00:00,0.0638,4.8483,27.0131,1.0000,0.0000,5.7917,177.8906,70.5520,1.1631,1.1528,0.5097,420.3101,176.0620,20.2523,21.1390,1.1086,4.8368,45.3660,1.6693
17/01/2013 00:00:00,0.2532,5.1473,26.6218,1.0000,0.0000,5.6585,177.5336,69.6036,1.0871,1.0701,0.4253,425.8621,177.1724,19.1435,18.3506,0.9161,5.2964,43.0708,1.3840
18/01/2013 00:00:00,0.0599,5.4463,26.2305,1.0000,0.0000,5.5252,177.1766,68.6553,1.1210,1.0961,0.5139,431.4141,178.2828,19.9577,19.8776,1.0963,5.7559,45.0911,1.6616
19/01/2013 00:00:00,0.0570,5.7452,25.8392,1.0000,0.0000,5.3920,176.8196,67.7069,1.0922,1.0608,0.5112,436.9660,179.3932,19.6525,18.8726,1.0801,6.2154,44.5793,1.6425
20/01/2013 00:00:00,0.0534,6.0442,25.4480,1.0000,0.0000,5.2588,176.4626,66.7585,1.0595,1.0224,0.5058,442.5180,180.5036,19.2623,17.6616,1.0585,6.6750,43.8616,1.6148
21/01/2013 00:00:00,0.0490,6.3431,25.0567,1.0000,0.0000,5.1255,176.1056,65.8101,1.0174,0.9755,0.4944,448.0699,181.6140,18.6825,16.0039,1.0247,7.1345,42.6971,1.5685
22/01/2013 00:00:00,0.0458,6.6421,24.6654,1.0000,0.0000,4.9923,175.7486,64.8617,0.9844,0.9378,0.4868,453.6219,182.7244,18.2516,14.6724,0.9995,7.5940,41.8589,1.5349
23/01/2013 00:00:00,0.0438,6.9265,24.5210,1.0000,0.0000,4.8590,176.5692,63.9134,0.9625,0.9111,0.4847,459.1738,183.8348,18.0140,13.7732,0.9859,8.0536,41.4529,1.5190
24/01/2013 00:00:00,0.0426,7.2009,24.5073,1.0000,0.0000,4.7258,178.0132,62.9650,0.9477,0.8917,0.4862,464.7258,184.9452,17.9018,13.1548,0.9797,8.5131,41.3278,1.5145
25/01/2013 00:00:00,0.0401,7.4754,24.4935,1.0000,0.0000,4.5926,179.4572,62.0166,0.9207,0.8609,0.4803,470.2778,186.0556,17.5465,11.9669,0.9587,8.9726,40.6331,1.4870
26/01/2013 00:00:00,0.0380,7.7499,24.4798,1.0000,0.0000,4.4593,180.9012,61.0682,0.8956,0.8324,0.4749,475.8297,187.1659,17.2170,10.8293,0.9391,9.4322,39.9888,1.4615
27/01/2013 00:00:00,0.0357,8.0244,24.4661,1.0000,0.0000,4.3261,182.3452,60.1199,0.8681,0.8020,0.4674,481.3817,188.2763,16.8290,9.5469,0.9159,9.8917,39.1996,1.4301
28/01/2013 00:00:00,0.0331,8.2988,24.4523,1.0000,0.0000,4.1928,183.7892,59.1715,0.8343,0.7663,0.4555,486.9336,189.3867,16.3072,7.9431,0.8844,10.3512,38.0891,1.3854
29/01/2013 00:00:00,0.0323,8.5733,24.4386,1.0000,0.0000,4.0596,185.2331,58.2231,0.8240,0.7524,0.4575,492.4856,190.4971,16.2336,7.3788,0.8801,10.8108,38.0180,1.3834
30/01/2013 00:00:00,0.0310,8.8478,24.4249,1.0000,0.0000,4.1702,186.6771,57.2747,0.8070,0.7327,0.4552,498.0375,191.6075,16.0244,6.4916,0.8676,10.8097,37.6240,1.3683
31/01/2013 00:00:00,0.0296,8.9647,24.6720,1.0000,0.0000,4.4781,183.4860,58.1780,0.8064,0.7280,0.4470,495.8569,191.1714,15.7229,6.2117,0.8562,10.4862,37.1036,1.3479
01/02/2013 00:00:00,0.0272,8.9657,25.0617,1.0000,0.0000,4.7861,177.7611,60.0936,0.7977,0.7161,0.4258,489.4487,189.8897,15.0549,5.5152,0.8255,10.1627,35.7653,1.2939
02/02/2013 00:00:00,0.0261,8.9668,25.4514,1.0000,0.0000,5.0940,172.0362,62.0092,0.8083,0.7216,0.4166,483.0405,188.6081,14.7574,5.6952,0.8176,9.8392,35.3035,1.2758
03/02/2013 00:00:00,0.0247,8.9678,25.8411,1.0000,0.0000,5.4019,166.3114,63.9249,0.8133,0.7221,0.4041,476.6323,187.3265,14.3562,5.6275,0.8029,9.5158,34.5941,1.2474
04/02/2013 00:00:00,0.0246,8.9689,26.2308,1.0000,0.0000,5.7098,160.5865,65.8405,0.8437,0.7450,0.4060,470.2241,186.0448,14.3912,6.6175,0.8164,9.1923,34.9423,1.2629
05/02/2013 00:00:00,0.0253,8.9699,26.6205,1.0000,0.0000,6.0177,154.8616,67.7561,0.8895,0.7813,0.4152,463.8159,184.7632,14.6539,8.1801,0.8451,8.8688,35.8632,1.3019
06/02/2013 00:00:00,0.0263,8.9512,26.6673,1.0000,0.0000,6.3257,154.5038,69.6717,0.9433,0.8242,0.4272,457.4077,183.4815,14.9986,9.9710,0.8801,8.5453,37.0123,1.3501
07/02/2013 00:00:00,0.0264,8.9179,26.5231,1.0000,0.0000,6.6336,157.1380,71.5873,0.9805,0.8522,0.4296,450.9995,182.1999,15.0366,11.0300,0.8955,8.2218,37.4295,1.3680
08/02/2013 00:00:00,0.0262,8.8846,26.3788,1.0000,0.0000,6.9415,159.7721,73.5030,1.0132,0.8761,0.4289,444.5913,180.9183,14.9754,11.8600,0.9049,7.8983,37.6177,1.3768
09/02/2013 00:00:00,0.0246,8.8513,26.2345,1.0000,0.0000,7.2494,162.4063,75.4186,1.0174,0.8753,0.4146,438.1831,179.6366,14.4835,11.6150,0.8852,7.5748,36.7310,1.3412
10/02/2013 00:00:00,0.0214,8.8180,26.0902,1.0000,0.0000,7.5574,165.0405,77.3342,0.9804,0.8392,0.3822,431.7749,178.3550,13.4302,9.9288,0.8257,7.2513,34.4031,1.2461
11/02/2013 00:00:00,0.0200,8.7846,25.9459,1.0000,0.0000,7.8653,167.6746,79.2498,0.9799,0.8347,0.3669,425.3667,177.0733,12.9069,9.5810,0.8021,6.9278,33.4135,1.2057
12/02/2013 00:00:00,0.0197,8.7513,25.8016,1.0000,0.0000,7.7992,170.3088,81.1654,1.0095,0.8556,0.3646,418.9585,175.7917,12.7729,10.2457,0.8065,6.8216,33.4364,1.2075
13/02/2013 00:00:00,0.0185,8.7360,25.4806,1.0000,0.0000,7.4422,171.7671,81.3601,0.9940,0.8447,0.3510,420.4944,176.0989,12.4713,9.3166,0.7843,6.8572,32.5289,1.1704
14/02/2013 00:00:00,0.0185,8.7342,25.0615,1.0000,0.0000,7.0852,172.5718,80.5967,1.0079,0.8624,0.3538,426.4533,177.2907,12.7662,9.3033,0.7978,6.8929,32.9066,1.1870
15/02/2013 00:00:00,0.0198,8.7324,24.6424,1.0000,0.0000,6.7282,173.3764,79.8333,1.0590,0.9121,0.3715,432.4122,178.4824,13.5385,10.5023,0.8452,6.9285,34.4965,1.2538
16/02/2013 00:00:00,0.0199,8.7306,24.2232,1.0000,0.0000,6.3713,174.1811,79.0699,1.0758,0.9326,0.3751,438.3711,179.6742,13.8780,10.5792,0.8614,6.9642,34.9643,1.2740
17/02/2013 00:00:00,0.0199,8.7288,23.8041,1.0000,0.0000,6.0143,174.9857,78.3065,1.0877,0.9488,0.3767,444.3300,180.8660,14.1549,10.4942,0.8730,6.9998,35.2702,1.2874
18/02/2013 00:00:00,0.0199,8.7270,23.3850,1.0000,0.0000,5.6573,175.7903,77.5431,1.0975,0.9634,0.3775,450.2888,182.0578,14.4065,10.3445,0.8829,7.0355,35.5115,1.2982
19/02/2013 00:00:00,0.0189,8.7252,22.9659,1.0000,0.0000,5.3003,176.5950,76.7797,1.0825,0.9560,0.3687,456.2477,183.2495,14.3297,9.3927,0.8701,7.0711,34.9506,1.2757
20/02/2013 00:00:00,0.0175,8.8056,22.9682,1.0000,0.0000,4.9433,177.7490,76.0162,1.0473,0.9304,0.3523,462.2066,184.4413,13.9774,7.7917,0.8389,7.1068,33.7405,1.2264
21/02/2013 00:00:00,0.1949,8.9431,23.1956,1.0000,0.0000,4.5863,179.0894,75.2528,1.5584,1.3925,0.5213,468.1655,185.6331,20.9662,23.7611,1.2528,7.1425,50.1009,1.8262
22/02/2013 00:00:00,0.0182,9.0807,23.4229,1.0000,0.0000,4.2294,180.4298,74.4894,1.0529,0.9461,0.3479,474.1244,186.8249,14.2760,7.0465,0.8437,7.1781,33.7772,1.2264
23/02/2013 00:00:00,0.1506,9.2182,23.6502,1.0000,0.0000,3.8724,181.7702,73.7260,1.2262,1.1080,0.3756,480.0833,188.0167,16.7542,12.1357,0.9193,7.2138,39.2574,1.3325
24/02/2013 00:00:00,0.0205,9.3558,23.8776,1.0000,0.0000,3.5154,183.1106,72.9626,1.0758,0.9774,0.3481,486.0421,189.2084,14.8086,6.8574,0.8596,7.2494,34.3700,1.2425
25/02/2013 00:00:00,0.0184,9.4933,24.1049,1.0000,0.0000,3.1584,184.4510,72.1992,1.1316,1.0336,0.3692,492.0010,190.4002,15.6919,8.1784,0.9201,7.2851,36.0819,1.3262
26/02/2013 00:00:00,0.0169,9.6309,24.3322,1.0000,0.0000,3.0000,185.7914,71.4357,1.0947,1.0052,0.3529,497.9599,191.5920,15.2887,6.5402,0.8874,7.1424,34.8346,1.2756
27/02/2013 00:00:00,0.0153,9.6945,24.4297,1.0000,0.0000,3.0000,184.8875,72.1764,1.2064,0.9648,0.3372,500.0000,192.0000,14.6434,4.3757,0.8389,6.8712,33.2364,1.2098
28/02/2013 00:00:00,0.0140,9.7080,24.4598,1.0000,0.0000,3.0000,182.8164,73.7002,1.3900,0.9306,0.3265,500.0000,192.0000,14.0659,2.3710,0.7951,6.6001,31.8893,1.1543
01/03/2013 00:00:00,0.0135,9.7215,24.4898,1.0000,0.0000,3.0000,180.7453,75.2239,1.5995,0.9240,0.3268,500.0000,192.0000,13.9089,1.3225,0.7789,6.3290,31.4983,1.1384
02/03/2013 00:00:00,0.0128,9.7350,24.5198,1.0000,0.0000,3.0000,178.6743,76.7476,1.7811,0.9075,0.3230,500.0000,192.0000,13.6055,0.0000,0.7536,6.0578,30.7772,1.1089
03/03/2013 00:00:00,0.0137,9.7485,24.5498,1.0000,0.0000,3.0000,176.6032,78.2714,2.0950,0.9570,0.3467,500.0000,192.0000,14.2924,0.8051,0.7914,5.7867,32.2961,1.1728
04/03/2013 00:00:00,0.1763,9.7620,24.5798,1.0000,0.0000,3.0000,174.5322,79.7951,2.9486,1.2235,0.4363,500.0000,192.0000,18.2008,8.9352,0.9745,5.5155,41.0838,1.4544
05/03/2013 00:00:00,0.2847,9.7755,24.6098,1.0000,0.0000,3.0000,172.4611,81.3188,3.4419,1.3107,0.4418,500.0000,192.0000,19.4253,10.9954,0.9654,5.2444,43.8016,1.4513
06/03/2013 00:00:00,0.0855,9.7890,24.6398,1.0000,0.0000,3.0000,170.3900,82.8425,3.2695,1.1524,0.4560,500.0000,192.0000,17.0163,4.8662,0.9747,4.9732,38.3299,1.4764
07/03/2013 00:00:00,0.0160,9.5464,24.4699,1.0000,0.0000,3.0000,169.0697,84.3663,3.2962,1.0831,0.4144,500.0000,192.0000,15.9343,1.7346,0.8664,4.7021,35.8558,1.3223
08/03/2013 00:00:00,0.0151,9.1200,24.1973,1.0000,0.0000,3.0000,168.1347,85.8900,3.4579,1.0655,0.4111,500.0000,192.0000,15.6206,0.3356,0.8403,4.4309,35.1144,1.2925
09/03/2013 00:00:00,0.0377,8.6936,23.9247,1.0000,0.0000,3.0000,167.1997,87.4137,3.8329,1.1134,0.4709,500.0000,192.0000,16.2651,1.0905,0.9410,4.1598,36.5269,1.4589
10/03/2013 00:00:00,0.0141,8.2672,23.6521,1.0000,0.0000,3.0000,166.2647,88.9375,3.8263,1.0525,0.4137,500.0000,192.0000,15.3222,0.0000,0.8081,3.8886,34.3756,1.2631
11/03/2013 00:00:00,2.9354,7.8408,23.3795,1.0000,0.0000,3.0000,165.3297,90.4612,8.8904,2.3247,0.7856,500.0000,192.0000,33.7290,38.8471,1.4999,3.6175,75.5986,2.3641
12/03/2013 00:00:00,0.2394,7.4144,23.1069,1.0000,0.0000,3.0000,164.3947,91.9849,5.7991,1.4464,0.5663,500.0000,192.0000,20.9172,9.4291,1.0564,3.6702,46.8381,1.6793
13/03/2013 00:00:00,0.0179,6.7376,23.1945,1.0000,0.0000,3.0000,166.5995,93.3452,4.5852,1.1327,0.4694,496.1665,191.2333,16.8987,0.4644,0.8914,3.9706,37.9232,1.4077
14/03/2013 00:00:00,0.0350,5.8737,23.4807,1.0000,0.0000,3.0000,170.5345,94.6154,3.4630,0.8647,0.3346,490.2179,190.0436,13.5857,0.0000,0.6616,4.2710,30.6069,1.0297
15/03/2013 00:00:00,4.4947,5.0098,23.7669,1.0000,0.0000,3.0000,174.4696,95.8855,9.0335,2.2827,0.8672,484.2694,188.8539,37.8434,48.6939,1.7846,4.5713,85.5817,2.7385
16/03/2013 00:00:00,0.0356,4.1459,24.0531,1.0000,0.0000,3.0000,178.4046,97.1557,3.2687,0.8370,0.3552,478.3209,187.6642,14.6748,0.0000,0.7605,4.8717,33.3111,1.1512
17/03/2013 00:00:00,0.0262,3.2820,24.3393,1.0000,0.0000,3.0000,182.3397,98.4258,3.7632,0.9780,0.4645,472.3723,186.4745,18.1791,5.1008,1.0342,5.1721,41.4175,1.5451
18/03/2013 00:00:00,0.0263,2.4181,24.6254,1.0000,0.0000,3.0000,186.2748,99.6960,3.5079,0.9271,0.4575,466.4238,185.2848,18.3191,5.8563,1.0589,5.4724,41.8875,1.5621
19/03/2013 00:00:00,0.0271,1.5542,24.9116,1.0000,0.0000,3.0000,190.2098,100.9661,3.2587,0.8779,0.4519,460.4752,184.0950,18.4953,6.6948,1.0869,5.7728,42.4404,1.5840
20/03/2013 00:00:00,0.0265,1.1721,24.6688,1.0000,0.0000,3.0000,193.8408,102.2363,2.9660,0.8167,0.4399,454.5267,182.9053,18.4108,6.9340,1.0995,6.0732,42.3942,1.5835
21/03/2013 00:00:00,0.0273,1.1204,24.1490,1.0000,0.0000,3.0000,197.3126,103.5064,2.7166,0.7673,0.4340,448.5781,181.7156,18.5785,7.7524,1.1268,6.3736,42.9270,1.6042
22/03/2013 00:00:00,0.0268,1.0687,23.6291,1.0000,0.0000,3.0000,200.7844,104.7766,2.4307,0.7074,0.4218,442.6296,180.5259,18.4781,7.9499,1.1374,6.6739,42.8389,1.6014
23/03/2013 00:00:00,0.0266,1.0169,23.1092,1.0000,0.0000,3.0000,204.2562,106.0468,2.1546,0.6498,0.4104,436.6810,179.3362,18.4051,8.2078,1.1491,6.9743,42.8113,1.6006
24/03/2013 00:00:00,0.0257,0.9652,22.5893,1.0000,0.0000,3.0000,207.7279,107.3169,1.8733,0.5900,0.3970,430.7325,178.1465,18.2259,8.2146,1.1539,7.2747,42.5326,1.5906
25/03/2013 00:00:00,0.0258,0.9135,22.0695,1.0000,0.0000,3.0000,211.1997,108.5871,1.6172,0.5374,0.3878,424.7840,176.9568,18.2341,8.6555,1.1702,7.5751,42.6880,1.5968
26/03/2013 00:00:00,4.3045,0.8618,21.5496,1.0000,0.0000,2.9602,214.6715,109.8572,2.7143,0.9659,0.6540,418.8354,175.7671,36.2927,51.4863,2.0485,7.9632,85.2333,2.7679
27/03/2013 00:00:00,0.0584,0.8268,21.4396,1.0000,0.0000,2.8889,209.9935,108.2198,1.3333,0.4744,0.3251,416.6667,175.3333,17.9412,9.6021,1.0380,8.4139,42.3758,1.3957
28/03/2013 00:00:00,0.0373,0.8054,21.5648,1.0000,0.0000,2.8176,200.6379,104.9141,1.5569,0.5295,0.3875,416.6667,175.3333,18.9681,13.7444,1.2484,8.8645,45.1503,1.6746
29/03/2013 00:00:00,0.0361,0.7841,21.6901,1.0000,0.0000,2.7463,191.2822,101.6085,1.7133,0.5583,0.3882,416.6667,175.3333,18.8896,15.3111,1.2627,9.3152,45.3492,1.6897
30/03/2013 00:00:00,0.0353,0.7627,21.8154,1.0000,0.0000,2.6750,181.9265,98.3028,1.8679,0.5842,0.3832,416.6667,175.3333,18.6175,16.4503,1.2597,9.7659,45.1204,1.6812
31/03/2013 00:00:00,0.0353,0.7413,21.9406,1.0000,0.0000,2.6037,172.5709,94.9971,2.0474,0.6158,0.3800,416.6667,175.3333,18.4192,17.8098,1.2629,10.2166,45.1122,1.6808
01/04/2013 00:00:00,0.0340,0.7199,22.0659,1.0000,0.0000,2.5324,163.2152,91.6914,2.2291,0.6459,0.3741,416.6667,175.3333,18.0622,18.8277,1.2584,10.6672,44.7622,1.6699
02/04/2013 00:00:00,0.0316,0.6986,22.1912,1.0000,0.0000,2.4612,153.8596,88.3858,2.4141,0.6749,0.3659,416.6667,175.3333,17.5690,19.5555,1.2471,11.1179,44.1222,1.6497
03/04/2013 00:00:00,0.0294,0.6772,22.3164,1.0000,0.0000,2.3899,144.5039,85.0801,2.6160,0.7067,0.3571,416.6667,175.3333,17.0384,20.2417,1.2344,11.5686,43.4405,1.6272
04/04/2013 00:00:00,0.0287,0.6731,22.4967,1.0000,0.0000,2.3186,150.1667,81.7744,2.8731,0.7510,0.3517,416.6667,175.3333,16.6725,21.4188,1.2342,12.0192,43.2498,1.6210
05/04/2013 00:00:00,0.0289,0.6827,22.7063,1.0000,0.0000,2.2473,163.8384,78.4688,3.1905,0.8079,0.3489,416.6667,175.3333,16.4042,22.9520,1.2450,12.4699,43.4152,1.6287
06/04/2013 00:00:00,0.0281,0.6924,22.9159,1.0000,0.0000,2.1760,177.5101,75.1631,3.5232,0.8653,0.3425,416.6667,175.3333,15.9388,24.0906,1.2449,12.9206,43.1859,1.6217
07/04/2013 00:00:00,0.0277,0.7020,23.1255,1.0000,0.0000,2.1047,191.1818,71.8574,3.9170,0.9341,0.3365,416.6667,175.3333,15.4562,25.3362,1.2480,13.3713,43.0637,1.6182
08/04/2013 00:00:00,0.0281,0.7117,23.3351,1.0000,0.0000,2.0335,204.8535,68.5517,4.4165,1.0236,0.3331,416.6667,175.3333,15.0329,26.9617,1.2631,13.8219,43.3213,1.6295
09/04/2013 00:00:00,0.0278,0.7213,23.5447,1.0000,0.0000,2.0381,218.5252,65.2461,4.7921,1.0805,0.3103,416.6667,175.3333,13.8704,26.6780,1.2064,14.2158,41.6698,1.5478
10/04/2013 00:00:00,0.0282,0.8519,23.6383,1.0000,0.0000,2.1101,220.2340,66.9865,4.9800,1.0935,0.3213,416.6667,175.3333,14.0664,26.6965,1.2067,14.5725,41.8561,1.5602
11/04/2013 00:00:00,0.0273,1.0799,23.6669,1.0000,0.0000,2.1820,215.2340,71.5620,5.0687,1.0846,0.3544,416.6667,175.3333,15.1162,27.1167,1.2456,14.9292,43.3069,1.6354
12/04/2013 00:00:00,0.0392,1.3079,23.6954,1.0000,0.0000,2.2539,210.2339,76.1375,4.3701,0.9121,0.2908,416.6667,175.3333,13.6838,20.6914,0.9596,15.2860,37.9123,1.2795
13/04/2013 00:00:00,0.3583,1.5359,23.7240,1.0000,0.0000,2.3258,205.2339,80.7130,5.8517,1.1921,0.4195,416.6667,175.3333,19.1482,33.2431,1.3036,15.6427,51.4946,1.7651
14/04/2013 00:00:00,0.4980,1.7639,23.7526,1.0000,0.0000,2.3977,200.2338,85.2885,7.2293,1.4386,0.5449,416.6667,175.3333,24.6216,45.1874,1.5984,15.9995,64.4695,2.1979
15/04/2013 00:00:00,0.1023,1.9919,23.7812,1.0000,0.0000,2.4696,195.2338,89.8640,4.6208,0.8988,0.3106,416.6667,175.3333,16.3231,21.4112,0.8621,16.3562,41.7240,1.2038
16/04/2013 00:00:00,0.0628,2.2198,23.8097,1.0000,0.0000,2.5415,190.2338,94.4395,4.3899,0.8352,0.3418,416.6667,175.3333,16.0365,18.7631,0.8993,16.7129,40.1065,1.2753
17/04/2013 00:00:00,0.0402,2.3108,23.5481,1.0000,0.0000,2.6134,188.3517,99.0150,5.1712,0.9628,0.5063,416.6667,175.3333,19.4830,25.3930,1.2655,17.0697,47.7670,1.8224
18/04/2013 00:00:00,0.0424,2.2770,23.1238,1.0000,0.0000,2.6853,188.2177,103.5905,5.1661,0.9419,0.5289,416.6667,175.3333,20.0280,24.8136,1.2579,17.4264,48.2182,1.8396
19/04/2013 00:00:00,0.2441,2.2432,22.6995,1.0000,0.0000,2.7572,188.0838,108.1660,4.9822,0.8900,0.4848,416.6667,175.3333,19.8337,22.5243,1.0989,17.7831,46.9596,1.6322
20/04/2013 00:00:00,0.0983,2.2094,22.2752,1.0000,0.0000,2.8291,187.9499,112.7415,4.8328,0.8463,0.5432,416.6667,175.3333,19.7193,20.5095,1.1751,18.1399,45.9755,1.7727
21/04/2013 00:00:00,0.0934,2.1755,21.8509,1.0000,0.0000,2.9010,187.8159,117.3170,4.8654,0.8357,0.5768,416.6667,175.3333,20.3143,20.1965,1.1926,18.4966,46.6931,1.8271
22/04/2013 00:00:00,1.4778,2.1417,21.4266,1.0000,0.0000,2.9729,187.6820,121.8925,6.8399,1.1528,0.7178,416.6667,175.3333,29.1800,38.6640,1.4201,18.8533,66.1912,2.2098
23/04/2013 00:00:00,0.0571,2.1079,21.0023,1.0000,0.0000,2.9556,187.5481,126.4680,4.9894,0.8255,0.6232,416.6667,175.3333,21.7195,20.1084,1.1810,18.7054,48.6662,1.8665
24/04/2013 00:00:00,0.0516,2.0713,20.8088,1.0000,0.0000,2.8845,190.7350,128.4394,5.2499,0.8652,0.6327,416.6667,175.3333,22.9518,23.3303,1.3134,18.2050,52.1532,2.0093
25/04/2013 00:00:00,0.0517,2.0322,20.7445,1.0000,0.0000,2.8134,195.7816,128.9479,5.1694,0.8554,0.5764,416.6667,175.3333,22.5045,23.9377,1.3943,17.7047,52.5957,2.0283
26/04/2013 00:00:00,0.0551,1.9931,20.6802,1.0000,0.0000,2.7423,200.8283,129.4564,5.1469,0.8551,0.5317,416.6667,175.3333,22.3111,25.1165,1.4800,17.2043,53.6096,2.0649
27/04/2013 00:00:00,0.0563,1.9539,20.6158,1.0000,0.0000,2.6712,205.8750,129.9648,5.0970,0.8502,0.4899,416.6667,175.3333,21.9999,25.9992,1.5535,16.7040,54.3274,2.0924
28/04/2013 00:00:00,0.1876,1.9148,20.5515,1.0000,0.0000,2.6000,210.9216,130.4733,4.6252,0.7746,0.3872,416.6667,175.3333,19.8769,22.2637,1.3878,16.2036,50.4270,1.8137
29/04/2013 00:00:00,0.0587,1.8757,20.4872,1.0000,0.0000,2.5289,215.9683,130.9818,5.0187,0.8439,0.4204,416.6667,175.3333,21.4735,27.9495,1.6920,15.7033,55.9478,2.1544
30/04/2013 00:00:00,0.0590,1.8365,20.4229,1.0000,0.0000,2.4578,221.0150,131.4902,4.9678,0.8387,0.3893,416.6667,175.3333,21.1617,28.7712,1.7508,15.2029,56.6046,2.1790
01/05/2013 00:00:00,0.0625,1.8091,20.3522,1.0000,0.0000,2.3867,224.2207,131.9987,4.9545,0.8398,0.3630,416.6667,175.3333,21.0108,30.0117,1.8164,14.7026,57.6802,2.2157
02/05/2013 00:00:00,3.0874,1.7917,20.2779,1.0000,0.0000,2.3156,226.4080,132.5071,6.4544,1.0985,0.3663,416.6667,175.3333,27.2483,49.2461,2.0328,14.2022,76.7496,2.4358
03/05/2013 00:00:00,1.6817,1.7743,20.2036,1.0000,0.0000,2.2444,228.5953,133.0156,5.8114,0.9931,0.3170,416.6667,175.3333,24.4220,43.2192,1.9455,13.7019,70.5579,2.2942
04/05/2013 00:00:00,0.0860,1.7569,20.1293,1.0000,0.0000,2.1733,230.7826,133.5241,4.9153,0.8434,0.2933,416.6667,175.3333,20.5616,33.7418,1.9869,13.2015,60.9155,2.3095
05/05/2013 00:00:00,0.0886,1.7395,20.0551,1.0000,0.0000,2.1022,232.9698,134.0325,4.8764,0.8401,0.2723,416.6667,175.3333,20.3043,34.6580,2.0330,12.7012,61.6667,2.3326
06/05/2013 00:00:00,0.0942,1.7221,19.9808,1.0000,0.0000,2.0311,235.1571,134.5410,4.8561,0.8400,0.2534,416.6667,175.3333,20.1247,35.7998,2.0827,12.2008,62.6436,2.3614
07/05/2013 00:00:00,0.0986,1.7047,19.9065,1.0000,0.0000,1.9596,237.3444,135.0495,4.8265,0.8383,0.2353,416.6667,175.3333,19.9075,36.8165,2.1277,11.9573,63.4955,2.3866
08/05/2013 00:00:00,7.3925,1.5891,19.4970,1.0000,0.0000,1.8880,239.0457,132.9437,7.5467,1.3161,0.3082,416.6667,175.3333,31.1758,72.5945,2.8201,11.8858,99.2397,3.1590
09/05/2013 00:00:00,4.9123,1.3877,18.9015,1.0000,0.0000,1.8163,240.4772,129.3826,6.5337,1.1440,0.2812,416.6667,175.3333,27.1284,58.2407,2.4844,11.8144,84.9250,2.7938
10/05/2013 00:00:00,1.5738,1.1863,18.3060,1.0000,0.0000,1.7446,241.9087,125.8214,5.3027,0.9323,0.2303,416.6667,175.3333,22.1291,41.3900,1.9609,11.7430,68.1135,2.2142
11/05/2013 00:00:00,1.9980,0.9849,17.7105,1.0000,0.0000,1.6730,243.3403,122.2602,5.9434,1.0492,0.2764,416.6667,175.3333,24.9290,48.6671,2.2662,11.6716,75.4299,2.5702
12/05/2013 00:00:00,0.2905,0.7835,17.1149,1.0000,0.0000,1.6013,244.7718,118.6990,6.1573,1.0914,0.3085,416.6667,175.3333,25.9579,50.3920,2.4314,11.6002,77.1940,2.7708
13/05/2013 00:00:00,0.2829,0.5821,16.5194,1.0000,0.0000,1.5296,246.2033,115.1378,5.8928,1.0488,0.3046,416.6667,175.3333,24.9691,46.1212,2.3034,11.5288,72.9624,2.6384
14/05/2013 00:00:00,0.2773,0.3808,15.9239,1.0000,0.0000,1.4579,247.6349,111.5766,5.7868,1.0342,0.3111,416.6667,175.3333,24.6449,43.8662,2.2541,11.4574,70.7466,2.5963
15/05/2013 00:00:00,0.2787,0.3178,15.7444,1.0000,0.0000,1.3863,246.7169,108.0154,5.7510,1.0320,0.3248,416.6667,175.3333,24.6173,42.4868,2.2502,11.3860,69.4065,2.6075
16/05/2013 00:00:00,0.2755,0.3537,15.7815,1.0000,0.0000,1.3146,244.5756,104.4542,5.7465,1.0354,0.3390,416.6667,175.3333,24.7231,41.4861,2.2411,11.3146,68.4449,2.6140
17/05/2013 00:00:00,1.6164,0.3896,15.8186,1.0000,0.0000,1.2429,242.4344,100.8930,6.1426,1.1114,0.3386,416.6667,175.3333,26.5617,45.1895,2.1308,11.2431,72.1875,2.5033
18/05/2013 00:00:00,0.3778,0.4256,15.8558,1.0000,0.0000,1.1713,240.2931,97.3318,5.4529,0.9907,0.3593,416.6667,175.3333,23.6998,36.1760,2.1466,11.1717,63.2133,2.5418
19/05/2013 00:00:00,0.3239,0.4615,15.8929,1.0000,0.0000,1.0996,238.1519,93.7706,5.9135,1.0788,0.4166,416.6667,175.3333,25.8323,40.5270,2.3568,11.1003,67.6035,2.8151
20/05/2013 00:00:00,1.7220,0.4974,15.9300,1.0000,0.0000,1.0279,236.0107,90.2094,6.4170,1.1754,0.3995,416.6667,175.3333,28.1749,45.2096,2.1330,11.0289,72.3253,2.5724
21/05/2013 00:00:00,0.4116,0.5334,15.9671,1.0000,0.0000,1.0405,233.8694,86.6483,5.8663,1.0790,0.4486,416.6667,175.3333,25.8885,38.0130,2.2527,10.6668,65.1679,2.7462
22/05/2013 00:00:00,0.3624,0.8742,16.2193,1.0000,0.0000,1.1070,229.8946,85.7185,6.1705,1.1397,0.4754,416.6667,175.3333,27.4063,40.6755,2.3215,10.1071,67.8984,2.8445
23/05/2013 00:00:00,0.4087,1.4827,16.5862,1.0000,0.0000,1.1734,224.9426,86.1928,6.0239,1.1172,0.4561,416.6667,175.3333,26.9470,38.5298,2.2070,9.5473,65.8361,2.7087
24/05/2013 00:00:00,0.3467,2.0912,16.9531,1.0000,0.0000,1.2398,219.9906,86.6671,6.2199,1.1584,0.4684,416.6667,175.3333,28.0226,40.1216,2.2450,8.9875,67.5112,2.7602
25/05/2013 00:00:00,0.3332,2.6997,17.3200,1.0000,0.0000,1.3062,215.0386,87.1413,6.2469,1.1682,0.4602,416.6667,175.3333,28.3451,39.8600,2.1834,8.4277,67.3329,2.6896
26/05/2013 00:00:00,0.3227,3.3082,17.6869,1.0000,0.0000,1.3726,210.0866,87.6156,6.2802,1.1793,0.4573,416.6667,175.3333,28.6990,39.6586,2.1461,7.8679,67.2149,2.6491
27/05/2013 00:00:00,0.4548,3.9166,18.0538,1.0000,0.0000,1.4390,205.1346,88.0899,6.1045,1.1511,0.4326,416.6667,175.3333,28.0948,37.2298,2.0070,7.3081,64.8694,2.4828
28/05/2013 00:00:00,0.9252,4.5251,18.4207,1.0000,0.0000,1.5055,200.1826,88.5642,6.0997,1.1550,0.4131,416.6667,175.3333,28.2717,36.6268,1.8933,6.7483,64.3498,2.3477
29/05/2013 00:00:00,1.0996,4.5727,18.2490,1.0000,0.0000,1.5719,204.1529,89.0385,7.3174,1.3914,0.4969,416.6667,175.3333,34.1563,48.8256,2.2483,6.1885,76.6319,2.7950
30/05/2013 00:00:00,3.8227,4.1772,17.7841,1.0000,0.0000,1.6383,212.9785,89.5127,7.9098,1.5104,0.5225,416.6667,175.3333,37.1831,54.3333,2.3314,5.6287,82.2230,2.9062
31/05/2013 00:00:00,1.2951,3.7816,17.3192,1.0000,0.0000,1.7047,221.8042,89.9870,6.6985,1.2844,0.5012,416.6667,175.3333,31.7114,41.1356,2.2032,5.0689,69.1086,2.7546
01/06/2013 00:00:00,0.5025,3.3861,16.8544,1.0000,0.0000,1.7711,230.6298,90.4613,6.7503,1.2998,0.5592,416.6667,175.3333,32.1823,41.0575,2.4190,4.5091,69.1139,3.0342
02/06/2013 00:00:00,0.4856,2.9906,16.3895,1.0000,0.0000,1.8376,239.4554,90.9356,6.7623,1.3076,0.5330,416.6667,175.3333,32.4667,40.5636,2.2660,3.9493,68.7034,2.8523
03/06/2013 00:00:00,0.4620,2.5951,15.9246,1.0000,0.0000,1.9040,248.2810,91.4098,6.7762,1.3158,0.5195,416.6667,175.3333,32.7626,40.0846,2.1678,3.3895,68.3077,2.7392
04/06/2013 00:00:00,0.4465,2.1995,15.4597,1.0000,0.0000,1.9704,257.1066,91.8841,6.7897,1.3240,0.5133,416.6667,175.3333,33.0582,39.5950,2.0988,2.8297,67.9015,2.6634
05/06/2013 00:00:00,0.9403,1.8040,14.9949,1.0000,0.0000,1.9571,265.9323,92.3584,6.8445,1.3403,0.4970,416.6667,175.3333,33.5592,39.5113,1.9880,3.6158,67.9011,2.5347
06/06/2013 00:00:00,0.4718,1.6403,14.9029,1.0000,0.0000,1.8798,264.6715,91.1142,6.7232,1.3221,0.5682,412.5323,174.5065,32.9011,38.7776,2.0136,5.3388,67.0476,2.6386
07/06/2013 00:00:00,0.4575,1.6685,15.0160,1.0000,0.0000,1.8024,257.8671,88.9248,6.6937,1.3219,0.6453,406.1237,173.2247,32.5319,39.5556,1.9654,7.0618,67.5940,2.6753
08/06/2013 00:00:00,0.4761,1.6967,15.1290,1.0000,0.0000,1.7251,251.0627,86.7354,6.5445,1.2979,0.6933,399.7152,171.9430,31.5854,39.1067,1.8541,8.7848,66.9135,2.6167
09/06/2013 00:00:00,1.3309,1.7249,15.2420,1.0000,0.0000,1.6477,244.2584,84.5460,6.7535,1.3450,0.7275,393.3066,170.6613,32.3648,42.3333,1.7367,10.5078,69.9086,2.5369
10/06/2013 00:00:00,2.8461,1.7531,15.3550,1.0000,0.0000,1.5703,237.4540,82.3566,7.7779,1.5557,0.8128,386.8981,169.3796,37.0082,54.1623,1.7542,12.2308,81.5061,2.6483
11/06/2013 00:00:00,0.6138,1.7813,15.4681,1.0000,0.0000,1.4930,230.6496,80.1672,6.6141,1.3285,0.9296,380.4895,168.0979,31.2435,43.0484,1.8328,13.9538,70.1606,2.8553
12/06/2013 00:00:00,0.5635,1.8233,15.2525,1.0000,0.0000,1.4156,230.3192,77.9778,6.4267,1.2964,0.9171,374.0810,166.8162,30.1358,42.1217,1.6658,15.6767,69.0023,2.6747
13/06/2013 00:00:00,0.5348,1.8748,14.8432,1.0000,0.0000,1.3383,233.8077,75.7885,6.2566,1.2675,0.9244,367.6725,165.5345,29.1208,41.3405,1.5581,17.3997,67.9896,2.5749
14/06/2013 00:00:00,0.5140,1.9262,14.4339,1.0000,0.0000,1.2609,237.2963,73.5991,6.1194,1.2450,0.9449,361.2639,164.2528,28.2680,40.8805,1.4866,19.1227,67.2979,2.5261
15/06/2013 00:00:00,0.4976,1.9777,14.0246,1.0000,0.0000,1.1836,240.7848,71.4097,6.0021,1.2263,0.9693,354.8554,162.9711,27.5150,40.6111,1.4310,20.8457,66.7970,2.4972
16/06/2013 00:00:00,0.5063,2.0292,13.6153,1.0000,0.0000,1.1062,244.2733,69.2203,5.9315,1.2171,1.0205,348.4468,161.6894,26.9816,40.8414,1.4201,22.5687,66.7958,2.5427
17/06/2013 00:00:00,1.5693,2.0806,13.2059,1.0000,0.0000,1.0288,247.7619,67.0309,6.4644,1.3322,1.0678,342.0383,160.4077,29.1755,47.9336,1.4062,24.2917,73.6563,2.5807
18/06/2013 00:00:00,0.5274,2.1321,12.7966,1.0000,0.0000,1.1337,251.2504,64.8415,5.8394,1.2086,1.1084,335.6297,159.1259,26.1459,41.8253,1.3862,24.1042,67.3165,2.6054
19/06/2013 00:00:00,0.5232,2.2357,12.9401,1.0000,0.0000,1.3470,249.2296,64.7101,5.8014,1.2919,1.1261,333.3333,158.6667,25.8648,41.6958,1.3500,22.5830,67.0972,2.5887
20/06/2013 00:00:00,0.5201,2.3760,13.3921,1.0000,0.0000,1.5603,244.1340,65.7281,5.7893,1.4289,1.1441,333.3333,158.6667,25.7540,41.4713,1.3190,21.0618,66.8620,2.5775
21/06/2013 00:00:00,0.5174,2.5163,13.8441,1.0000,0.0000,1.7735,239.0383,66.7460,5.7770,1.5660,1.1662,333.3333,158.6667,25.6424,41.2448,1.2915,19.5406,66.6249,2.5743
22/06/2013 00:00:00,0.5071,2.6566,14.2961,1.0000,0.0000,1.9868,233.9427,67.7639,5.7713,1.7053,1.1824,333.3333,158.6667,25.5598,41.0939,1.2563,18.0194,66.4633,2.5570
23/06/2013 00:00:00,0.4897,2.7969,14.7481,1.0000,0.0000,2.2001,228.8471,68.7819,5.7568,1.8424,1.1918,333.3333,158.6667,25.4385,40.8423,1.2132,16.4982,66.2010,2.5242
24/06/2013 00:00:00,2.0620,2.9372,15.2000,1.0000,0.0000,2.4134,223.7514,69.7998,6.7852,2.3391,1.2652,333.3333,158.6667,29.9148,52.5654,1.2322,14.9770,77.9135,2.6240
25/06/2013 00:00:00,1.5367,3.0775,15.6520,1.0000,0.0000,2.6266,218.6558,70.8177,5.9439,2.1967,1.1788,333.3333,158.6667,26.1454,42.8146,1.0965,13.4558,68.1520,2.3931
26/06/2013 00:00:00,1.0058,3.2178,15.7867,1.0000,0.0000,2.8399,221.0322,71.8357,5.6945,2.2469,1.2212,333.3333,158.6667,24.9906,39.8691,1.0831,11.9346,65.1959,2.4264
27/06/2013 00:00:00,0.6004,3.3581,15.7510,1.0000,0.0000,3.0532,227.4228,72.8536,5.7810,2.4264,1.3393,333.3333,158.6667,25.3114,40.7719,1.1306,10.4134,66.0880,2.6039
28/06/2013 00:00:00,0.5713,3.4983,15.7152,1.0000,0.0000,3.2664,233.8134,73.8716,5.8214,2.5906,1.3572,333.3333,158.6667,25.4283,41.1440,1.0881,8.8922,66.4495,2.5811
29/06/2013 00:00:00,0.5661,3.6386,15.6795,1.0000,0.0000,3.4797,240.2040,74.8895,5.8047,2.7309,1.3691,333.3333,158.6667,25.2952,40.8633,1.0402,7.3710,66.1581,2.5462
30/06/2013 00:00:00,0.5557,3.7789,15.6437,1.0000,0.0000,3.6930,246.5946,75.9074,5.8050,2.8797,1.3920,333.3333,158.6667,25.2365,40.7773,0.9997,5.8498,66.0614,2.5309
01/07/2013 00:00:00,0.5402,3.9192,15.6080,1.0000,0.0000,3.9063,252.9852,76.9254,5.7960,3.0245,1.4104,333.3333,158.6667,25.1366,40.5838,0.9548,4.3286,65.8573,2.5063
02/07/2013 00:00:00,0.5287,4.0595,15.5722,1.0000,0.0000,3.9196,259.3758,77.9433,5.7942,3.1738,1.4366,333.3333,158.6667,25.0678,40.4720,0.9140,3.5699,65.7348,2.4942
03/07/2013 00:00:00,1.4375,4.1346,15.4166,1.0000,0.0000,3.7760,258.7499,76.7883,6.3376,3.6367,1.4541,333.3333,158.6667,26.7076,45.8268,0.8634,3.3483,70.6432,2.4629
04/07/2013 00:00:00,0.8999,4.1607,15.1985,1.0000,0.0000,3.6325,254.4743,74.5022,6.1167,3.6704,1.5368,333.3333,158.6667,24.7613,42.2402,0.8463,3.1266,66.3833,2.5367
05/07/2013 00:00:00,0.5442,4.1868,14.9804,1.0000,0.0000,3.4889,250.1986,72.2160,6.2314,3.9037,1.6153,333.3333,158.6667,24.1852,42.3169,0.8205,2.9050,65.7868,2.5973
06/07/2013 00:00:00,0.5354,4.2128,14.7624,1.0000,0.0000,3.3454,245.9230,69.9299,6.4108,4.1863,1.6367,333.3333,158.6667,23.8039,42.9765,0.7622,2.6833,65.7731,2.5626
07/07/2013 00:00:00,0.5220,4.2389,14.5443,1.0000,0.0000,3.2019,241.6474,67.6437,6.5970,4.4842,1.6620,333.3333,158.6667,23.3800,43.5862,0.7043,2.4617,65.7095,2.5324
08/07/2013 00:00:00,0.5151,4.2650,14.3263,1.0000,0.0000,3.0583,237.3717,65.3575,6.8090,4.8115,1.7043,333.3333,158.6667,22.9731,44.3210,0.6515,2.2400,65.7710,2.5263
09/07/2013 00:00:00,0.5058,4.2910,14.1082,1.0000,0.0000,2.9148,233.0961,63.0714,7.0279,5.1563,1.7519,333.3333,158.6667,22.5084,44.9787,0.5976,2.0184,65.7555,2.5247
10/07/2013 00:00:00,8.4991,4.0001,14.0942,1.0000,0.0000,2.7712,236.0621,60.7852,11.1790,8.5062,2.3739,333.3333,158.6667,33.8773,81.0821,0.7130,1.7967,101.1855,3.3244
11/07/2013 00:00:00,1.8121,3.4422,14.1943,1.0000,0.0000,2.6277,243.0783,58.4991,9.2837,7.3184,2.4150,333.3333,158.6667,26.5245,61.7518,0.6279,1.5751,81.1819,3.2843
12/07/2013 00:00:00,2.1351,2.8843,14.2944,1.0000,0.0000,2.4842,250.0945,56.2129,9.5118,7.7605,2.1440,333.3333,158.6667,25.5172,61.4833,0.4716,1.3535,80.2402,2.8301
13/07/2013 00:00:00,1.1326,2.3264,14.3945,1.0000,0.0000,2.3406,257.1107,53.9267,9.3160,7.8593,2.2238,333.3333,158.6667,23.3566,57.6102,0.4010,1.1318,75.6938,2.8472
14/07/2013 00:00:00,1.0466,1.7686,14.4946,1.0000,0.0000,2.1971,264.1269,51.6406,9.1704,7.9925,2.1383,333.3333,158.6667,21.3717,54.2332,0.3016,0.9102,71.6436,2.6537
15/07/2013 00:00:00,0.9454,1.2107,14.5947,1.0000,0.0000,2.0535,271.1431,49.3544,9.3154,8.3806,2.1453,333.3333,158.6667,20.0537,53.1083,0.2190,0.6885,69.8453,2.5789
16/07/2013 00:00:00,3.6079,0.6528,14.6948,1.0000,0.0000,2.0891,278.1593,47.0683,11.3053,10.4905,2.3033,333.3333,158.6667,22.3149,65.1211,0.1463,0.9171,81.1848,2.6799
17/07/2013 00:00:00,6.2336,0.4213,14.5549,1.0000,0.0000,2.2313,280.6539,47.0859,12.6031,12.4131,2.5585,337.1858,159.4372,24.8389,76.3796,0.1857,1.4449,92.6138,3.0001
18/07/2013 00:00:00,1.8514,0.4152,14.2850,1.0000,0.0000,2.3735,280.6986,48.3555,17.1707,18.1641,3.4138,343.1317,160.6263,35.4471,116.7588,0.3729,1.9727,133.6221,4.1281
19/07/2013 00:00:00,1.4950,0.4091,14.0151,1.0000,0.0000,2.5156,280.7432,49.6251,14.4253,16.3185,2.9179,349.0776,161.8155,31.1374,101.0577,0.4326,2.5006,118.5500,3.6423
20/07/2013 00:00:00,1.2959,0.4030,13.7452,1.0000,0.0000,2.6578,280.7878,50.8947,12.0909,14.5709,2.5321,355.0235,163.0047,27.2440,86.5526,0.4808,3.0284,104.6740,3.2661
21/07/2013 00:00:00,1.1683,0.3969,13.4753,1.0000,0.0000,2.7999,280.8325,52.1643,10.4323,13.3477,2.2601,360.9693,164.1939,24.5014,76.1745,0.5297,3.5563,94.9249,3.0159
22/07/2013 00:00:00,1.0927,0.3908,13.2053,1.0000,0.0000,2.9421,280.8771,53.4339,9.3401,12.6492,2.0839,366.9152,165.3830,22.8327,69.7617,0.5878,4.0841,89.1412,2.8800
23/07/2013 00:00:00,1.1156,0.3847,12.9354,1.0000,0.0000,3.0843,280.9217,54.7034,7.9809,11.4096,1.7660,372.8611,166.5722,20.2810,59.7334,0.5885,4.6119,79.7419,2.5311
24/07/2013 00:00:00,5.7129,0.3766,12.9893,1.0000,0.0000,3.2264,279.9004,55.9730,9.4245,14.1878,1.9877,378.8070,167.7614,24.8657,77.7747,0.7721,5.1398,98.4123,2.9586
25/07/2013 00:00:00,2.7634,0.3670,13.2203,1.0000,0.0000,3.3686,278.2963,57.2426,16.3280,25.8264,2.8868,384.7529,168.9506,44.6779,156.6384,1.2932,5.6676,177.9050,4.4687
26/07/2013 00:00:00,5.0912,0.3573,13.4513,1.0000,0.0000,3.5107,276.6921,58.5122,10.4864,17.3920,2.1898,390.6988,170.1398,29.7267,97.1485,1.1223,6.1955,119.0442,3.5310
27/07/2013 00:00:00,7.0917,0.3477,13.6823,1.0000,0.0000,3.6529,275.0880,59.7818,10.8125,18.7689,2.2154,396.6447,171.3289,31.7234,105.1906,1.2908,6.7233,127.7153,3.7277
28/07/2013 00:00:00,3.8821,0.3381,13.9133,1.0000,0.0000,3.7951,273.4839,61.0514,16.3288,29.6152,2.9031,402.5906,172.5181,49.5378,177.2726,1.9137,7.2511,200.4263,5.1070
29/07/2013 00:00:00,2.6025,0.3285,14.1443,1.0000,0.0000,3.9372,271.8798,62.3210,14.3280,27.1089,2.5362,408.5365,173.7073,44.9074,158.7563,1.8844,7.7790,182.5390,4.6743
30/07/2013 00:00:00,2.1931,0.3189,14.3753,1.0000,0.0000,4.2797,270.2757,63.5905,10.9429,21.5673,2.0013,414.4824,174.8965,35.4047,120.1313,1.6715,7.9169,144.5431,3.8729
31/07/2013 00:00:00,3.8494,0.3228,14.7898,1.0000,0.0000,4.7807,274.6724,66.3108,8.5129,18.5082,1.5926,435.5158,179.1032,27.7725,83.9724,1.3799,7.7738,111.4427,3.1317
01/08/2013 00:00:00,2.4369,0.3393,15.3105,1.0000,0.0000,5.2817,282.5434,69.8734,12.6682,30.3939,2.0792,465.3102,185.0620,41.1597,129.1384,1.7880,7.6308,161.0778,4.0751
02/08/2013 00:00:00,1.9708,0.3558,15.8312,1.0000,0.0000,5.7827,290.4143,73.4360,10.9771,28.3111,1.8714,495.1046,191.0209,35.5481,99.8689,1.5992,7.4878,136.2774,3.6578
03/08/2013 00:00:00,1.6369,0.3723,16.3519,1.0000,0.0000,6.2837,298.2852,76.9986,9.6741,26.3732,1.6856,524.8990,196.9798,31.2442,76.8482,1.4328,7.3448,117.7259,3.2870
04/08/2013 00:00:00,1.4897,0.3888,16.8727,1.0000,0.0000,6.7847,306.1562,80.5612,8.7272,24.8605,1.5529,554.6934,202.9387,28.1227,59.0715,1.3142,7.2018,104.4184,3.0223
05/08/2013 00:00:00,2.3293,0.4053,17.3934,1.0000,0.0000,7.2857,314.0271,84.1238,7.5971,22.4281,1.3986,584.4879,208.8976,24.4345,39.7675,1.1790,7.0587,89.5836,2.7175
06/08/2013 00:00:00,5.0017,0.4218,17.9141,1.0000,0.0000,7.7867,321.8980,87.6864,8.0831,24.5799,1.5036,614.2823,214.8565,25.9551,39.8314,1.2633,6.9157,94.1166,2.9173
07/08/2013 00:00:00,2.6317,0.4229,17.9231,1.0000,0.0000,8.2877,321.1439,91.2490,10.1318,31.5882,1.7674,644.0767,220.8153,32.4871,57.9153,1.4804,6.7727,116.6697,3.4245
08/08/2013 00:00:00,14.4134,0.4120,17.5401,1.0000,0.0000,8.7887,313.7813,94.8116,10.6288,33.8522,1.9413,673.8711,226.7742,34.0383,57.9759,1.6219,6.6297,121.1995,3.7573
09/08/2013 00:00:00,10.0420,0.4011,17.1571,1.0000,0.0000,9.2897,306.4188,98.3742,17.8341,57.8585,2.6085,703.6655,232.7331,57.0507,133.9038,2.1742,6.4867,201.5965,5.0436
10/08/2013 00:00:00,6.1161,0.3902,16.7740,1.0000,0.0000,9.7907,299.0562,101.9368,15.9287,52.5160,2.2521,733.4600,238.6920,50.9054,106.4936,1.8732,6.3436,178.6555,4.3505
11/08/2013 00:00:00,6.7858,0.3793,16.3910,1.0000,0.0000,10.2917,291.6936,105.4995,12.5851,42.0857,1.9471,763.2544,244.6509,40.1848,63.5330,1.6164,6.2006,140.1640,3.7582
12/08/2013 00:00:00,4.0225,0.3684,16.0080,1.0000,0.0000,10.7926,284.3311,109.0621,14.7525,49.9590,2.1187,793.0488,250.6098,47.0681,82.1570,1.7559,6.0576,163.2571,4.0865
13/08/2013 00:00:00,3.7103,0.3575,15.6249,1.0000,0.0000,10.7488,276.9685,112.6247,11.5592,39.5886,1.7539,822.8432,256.5686,36.8536,41.6094,1.4513,5.8934,127.1787,3.3806
14/08/2013 00:00:00,4.6711,0.3612,15.5635,1.0000,0.0000,10.3201,280.4132,110.9121,10.6420,36.9852,1.7744,829.4736,257.8947,35.3969,34.8339,1.3816,5.7149,120.2002,3.3334
15/08/2013 00:00:00,3.5714,0.3760,15.6769,1.0000,0.0000,9.8914,289.7352,106.3330,10.6917,37.8589,1.8999,823.5165,256.7033,38.1276,43.9399,1.3370,5.5364,126.5642,3.4269
16/08/2013 00:00:00,6.6171,0.3908,15.7904,1.0000,0.0000,9.4628,299.0571,101.7538,9.1996,33.2744,1.8972,817.5594,255.5119,35.3650,34.8056,1.1926,5.3579,114.6880,3.2796
17/08/2013 00:00:00,4.2998,0.4057,15.9038,1.0000,0.0000,9.0341,308.3791,97.1747,10.0621,37.2910,2.0888,811.6023,254.3205,41.9625,55.7238,1.1558,5.1794,132.8642,3.4535
18/08/2013 00:00:00,3.1606,0.4205,16.0172,1.0000,0.0000,8.6055,317.7010,92.5956,9.0905,34.6534,2.1299,805.6452,253.1290,41.4358,53.6101,1.0178,5.0009,128.0085,3.3606
19/08/2013 00:00:00,2.5319,0.4353,16.1307,1.0000,0.0000,8.1768,327.0230,88.0165,7.6246,30.0424,2.0775,799.6881,251.9376,38.3287,43.7958,0.8356,4.8224,115.4522,3.1208
20/08/2013 00:00:00,2.2190,0.4501,16.2441,1.0000,0.0000,7.7482,336.3449,83.4373,6.2889,25.7727,2.0263,793.7310,250.7462,35.2495,34.5351,0.6612,4.6440,103.4496,2.8902
21/08/2013 00:00:00,2.0492,0.4547,16.2904,1.0000,0.0000,7.3195,337.5806,78.8582,5.2955,22.7590,2.0304,787.7739,249.5548,33.5507,29.6882,0.5081,4.4655,95.8607,2.7416
22/08/2013 00:00:00,1.8356,0.4526,16.2714,1.0000,0.0000,6.8909,330.9640,74.2791,4.4118,20.1099,2.0647,781.8168,248.3634,32.1556,25.9421,0.3593,4.2870,89.3726,2.6304
23/08/2013 00:00:00,1.6920,0.4505,16.2524,1.0000,0.0000,6.4622,324.3474,69.6999,3.6304,17.8323,2.1164,775.8596,247.1719,31.1597,23.4844,0.2064,4.1085,84.1730,2.5345
24/08/2013 00:00:00,1.5650,0.4484,16.2334,1.0000,0.0000,6.0335,317.7307,65.1208,2.9011,15.7245,2.1819,769.9025,245.9805,30.2958,21.5218,0.0455,3.9300,79.4684,2.4457
25/08/2013 00:00:00,1.5321,0.4463,16.2144,1.0000,0.0000,5.6049,311.1141,60.5417,2.2314,13.8628,2.2414,763.9454,244.7891,29.7725,20.5546,0.0000,3.7515,75.7592,2.3400
26/08/2013 00:00:00,4.5945,0.4442,16.1955,1.0000,0.0000,5.1762,304.4975,55.9626,1.9985,15.2280,2.7327,757.9883,243.5977,36.9555,38.6657,0.0000,3.5730,91.1283,2.7327
27/08/2013 00:00:00,2.9840,0.4421,16.1765,1.0000,0.0000,5.0000,297.8809,51.3834,1.2843,13.8833,2.7300,752.0312,242.4062,38.7423,42.7558,0.0000,3.3945,92.4764,2.7300
28/08/2013 00:00:00,12.4828,0.4374,16.3694,1.0000,0.0000,5.0000,297.6822,48.0822,1.3840,18.3692,3.5842,753.9175,242.7835,52.0114,71.6118,0.0000,3.2160,121.6775,3.5842
29/08/2013 00:00:00,6.6800,0.4309,16.6719,1.0000,0.0000,5.0000,300.8037,45.4421,3.0767,41.6647,5.7476,759.8620,243.9724,111.8826,206.3785,0.0000,3.0375,258.3865,5.7476
30/08/2013 00:00:00,7.2460,0.4243,16.9744,1.0000,0.0000,5.0000,303.9251,42.8020,1.9605,27.0222,3.8288,765.8064,245.1613,69.1563,103.7825,0.0000,2.8590,157.7328,3.8288
31/08/2013 00:00:00,7.2696,0.4178,17.2769,1.0000,0.0000,5.0000,307.0465,40.1619,1.9078,26.7116,3.6080,771.7508,246.3502,65.4266,91.5439,0.0000,2.6805,147.4364,3.6523
01/09/2013 00:00:00,4.3211,0.4112,17.5794,1.0000,0.0000,5.0000,310.1680,37.5218,1.9610,27.8429,3.3510,777.6952,247.5390,65.5077,88.0706,0.0000,2.5021,145.9054,3.5296
02/09/2013 00:00:00,3.4954,0.4046,17.8819,1.0000,0.0000,5.0000,313.2894,34.8818,1.7404,25.0233,2.9178,783.6396,248.7279,56.7319,65.1611,0.0000,2.3236,124.9381,3.1930
03/09/2013 00:00:00,3.3111,0.3981,18.1844,1.0000,0.0000,5.0000,316.4108,32.2417,1.6625,24.1744,2.6091,789.5841,249.9168,52.9609,53.6432,0.0927,2.1451,115.3625,2.9628
04/09/2013 00:00:00,6.5504,0.3967,18.2464,1.0000,0.0000,5.0000,330.2117,29.6016,1.6185,23.7788,2.4523,795.5285,251.1057,50.4635,45.0994,0.1884,1.9666,108.7609,2.8860
05/09/2013 00:00:00,3.7391,0.3996,18.1793,1.0000,0.0000,5.0000,349.7362,26.9615,2.0236,30.0100,2.5979,801.4729,252.2946,61.8297,66.2880,0.3072,1.7881,131.8918,3.1648
06/09/2013 00:00:00,2.9469,0.4025,18.1123,1.0000,0.0000,5.0000,369.2607,24.3214,1.7849,26.6980,2.2806,807.4173,253.4835,53.5067,45.4558,0.3644,1.6096,113.0018,2.8730
07/09/2013 00:00:00,4.9001,0.4054,18.0452,1.0000,0.0000,5.0000,388.7852,21.6813,1.7251,26.0088,2.4058,813.3617,254.6723,50.7941,36.7482,0.4845,1.4311,106.2366,3.1309
08/09/2013 00:00:00,3.5969,0.4083,17.9782,1.0000,0.0000,5.0000,408.3096,19.0413,1.5862,24.0887,1.8360,819.3062,255.8612,45.9159,23.7014,0.4464,1.2526,95.1320,2.4660
09/09/2013 00:00:00,2.6365,0.4112,17.9111,1.0000,0.0000,5.0000,427.8341,16.4012,1.5630,23.8962,1.7471,825.2506,257.0501,44.5209,18.0271,0.4979,1.0741,91.4000,2.4197
10/09/2013 00:00:00,2.2492,0.4141,17.8441,1.0000,0.0000,5.4364,447.3586,13.7611,1.4870,22.8770,1.6396,831.1950,258.2390,41.7146,9.5637,0.5361,1.0167,84.8789,2.3396
11/09/2013 00:00:00,7.6883,0.4022,17.5908,1.0000,0.0000,6.2249,432.8292,18.0873,1.8957,29.3354,2.0638,840.9595,260.1919,51.3194,30.3117,0.8279,1.0453,106.5570,3.0981
12/09/2013 00:00:00,10.5811,0.3796,17.2330,1.0000,0.0000,7.0134,399.1974,26.3272,2.2290,34.6795,2.0882,852.8701,262.5740,57.5858,47.3859,1.0309,1.0738,123.9925,3.3279
13/09/2013 00:00:00,5.7823,0.3570,16.8752,1.0000,0.0000,7.8019,365.5656,34.5672,2.7804,43.4793,2.1052,864.7808,264.9562,68.6041,76.1837,1.2346,1.1024,153.1518,3.5503
14/09/2013 00:00:00,12.6481,0.3344,16.5174,1.0000,0.0000,8.5904,331.9338,42.8072,2.4285,38.1568,1.9816,876.6915,267.3383,57.2652,55.1892,1.3464,1.1309,132.5188,3.5261
15/09/2013 00:00:00,8.9763,0.3118,16.1596,1.0000,0.0000,9.3789,298.3020,51.0472,3.0857,48.6992,2.0324,888.6022,269.7204,69.5793,89.1930,1.5704,1.1595,166.8840,3.8060
16/09/2013 00:00:00,5.3196,0.2892,15.8019,1.0000,0.0000,10.1674,264.6701,59.2872,2.8991,45.9458,1.8215,900.5128,272.1026,62.5458,77.4093,1.5778,1.1881,155.4617,3.5814
17/09/2013 00:00:00,9.8871,0.2666,15.4441,1.0000,0.0000,10.9558,231.0383,67.5271,2.3767,37.8157,1.5554,912.4235,274.4847,49.0838,48.0040,1.4931,1.2166,126.4179,3.2040
18/09/2013 00:00:00,6.5171,0.2577,15.5083,1.0000,0.0000,11.7443,225.0568,75.7671,2.8133,44.9295,1.5570,924.3342,276.8668,55.6419,69.7090,1.6410,1.2452,148.4843,3.3537
19/09/2013 00:00:00,5.5074,0.2570,15.7967,1.0000,0.0000,12.5328,233.7551,84.0071,2.3515,37.6866,1.2999,936.2448,279.2490,44.5579,44.0558,1.4926,1.2737,123.1925,2.9225
20/09/2013 00:00:00,5.5074,0.2563,16.0850,1.0000,0.0000,13.3213,242.4533,92.2471,2.1692,34.8824,1.1635,948.1555,281.6311,39.3956,33.3441,1.4459,1.3023,112.8423,2.7258
21/09/2013 00:00:00,5.1945,0.2556,16.3734,1.0000,0.0000,14.1098,251.1516,100.4871,2.3108,37.2758,1.1706,960.0662,284.0132,40.2330,39.5293,1.5656,1.3309,119.3889,2.8533
22/09/2013 00:00:00,9.4414,0.2549,16.6617,1.0000,0.0000,14.8983,259.8499,108.7270,2.2545,36.4783,1.1371,971.9768,286.3954,37.6437,35.5057,1.6290,1.3594,115.7267,2.8798
23/09/2013 00:00:00,13.1291,0.2542,16.9500,1.0000,0.0000,15.6868,268.5482,116.9670,2.3201,37.6472,0.9650,983.8875,288.7775,37.1585,37.7681,1.4744,1.3880,118.3506,2.5359
24/09/2013 00:00:00,9.6585,0.2535,17.2384,1.0000,0.0000,15.7426,277.2465,125.2070,2.2497,36.6035,0.8242,995.7982,291.1596,34.5670,33.1248,1.3380,1.3710,114.0688,2.2446
25/09/2013 00:00:00,5.5064,0.2622,17.3853,1.0000,0.0000,15.3155,287.5490,122.2810,2.2189,34.7366,0.9035,1003.8496,292.7699,34.2358,32.3296,1.5491,1.3209,112.0119,2.5429
26/09/2013 00:00:00,3.8539,0.2770,17.4554,1.0000,0.0000,14.8884,298.7249,113.2689,2.0838,30.5566,0.8705,1009.7976,293.9595,33.0895,27.2676,1.5729,1.2709,104.8036,2.5304
27/09/2013 00:00:00,4.5032,0.2918,17.5254,1.0000,0.0000,14.4614,309.9008,104.2568,1.9458,26.5640,0.8313,1015.7456,295.1491,31.7921,22.1019,1.5828,1.2208,97.4915,2.4973
28/09/2013 00:00:00,3.0804,0.3066,17.5954,1.0000,0.0000,14.0343,321.0767,95.2447,1.9837,25.0321,0.8041,1021.6935,296.3387,33.3426,25.7623,1.6130,1.1707,99.0056,2.4975
29/09/2013 00:00:00,2.6501,0.3214,17.6654,1.0000,0.0000,13.6072,332.2526,86.2326,1.7902,20.7011,0.7285,1027.6415,297.5283,30.9482,17.8954,1.5394,1.1206,88.9923,2.3408
30/09/2013 00:00:00,6.7320,0.3362,17.7355,1.0000,0.0000,13.1802,343.4285,77.2205,2.0131,21.1085,0.7983,1033.5894,298.7179,35.7877,30.7145,1.7773,1.0706,99.6651,2.6554
01/10/2013 00:00:00,4.2044,0.3510,17.8055,1.0000,0.0000,12.7531,354.6044,68.2084,2.8137,26.4035,0.9203,1039.5374,299.9075,51.4282,71.9137,2.1588,1.0205,138.7180,3.1711
02/10/2013 00:00:00,3.1995,0.3658,17.8755,1.0000,0.0000,12.3260,365.7803,59.1963,2.2942,18.9457,0.7721,1045.4853,301.0971,43.1070,47.9638,1.9086,0.9704,112.6218,2.7579
03/10/2013 00:00:00,2.6239,0.3786,18.1715,1.0000,0.0000,11.8990,369.0453,50.1842,1.9309,13.7226,0.6598,1051.4333,302.2867,37.2898,31.8560,1.7192,0.9204,94.3677,2.4450
04/10/2013 00:00:00,2.2278,0.3902,18.5889,1.0000,0.0000,11.4719,368.0580,41.1721,1.6775,9.9472,0.5762,1057.3812,303.4762,33.2934,21.2475,1.5830,0.8703,81.6128,2.2168
05/10/2013 00:00:00,2.4653,0.4019,19.0063,1.0000,0.0000,11.0448,367.0706,32.1600,1.6126,7.6207,0.5552,1063.3292,304.6658,32.8869,19.8700,1.6089,0.8202,78.0890,2.2196
06/10/2013 00:00:00,3.1335,0.4135,19.4237,1.0000,0.0000,10.6178,366.0832,23.1479,1.7520,6.1213,0.5875,1069.2772,305.8554,36.7098,28.3599,1.7968,0.7701,84.4326,2.4431
07/10/2013 00:00:00,1.9880,0.4251,19.8411,1.0000,0.0000,10.1907,365.0959,14.1358,1.8219,4.0688,0.5739,1075.2251,307.0450,39.2178,33.4428,1.8535,0.7201,87.3692,2.4848
08/10/2013 00:00:00,1.7992,0.4368,20.2584,1.0000,0.0000,9.8016,364.1085,5.1237,1.6422,1.5483,0.5100,1081.1731,308.2346,36.3127,26.5739,1.7403,1.5836,78.3539,2.3014
09/10/2013 00:00:00,4.9839,0.4463,20.3790,1.0000,0.0000,9.4432,344.4322,4.8422,1.9143,0.8999,0.5966,1079.5424,307.9085,42.8047,40.8053,2.1114,3.0579,91.4971,2.7678
10/10/2013 00:00:00,2.5878,0.4545,20.3303,1.0000,0.0000,9.0848,314.1018,9.5402,2.2051,1.0492,0.6021,1073.5895,306.7179,49.4228,55.8079,2.1878,4.5322,106.0150,2.8501
11/10/2013 00:00:00,2.1371,0.4628,20.2817,1.0000,0.0000,8.7264,283.7714,14.2382,1.8993,0.9148,0.5292,1067.6365,305.5273,42.6720,42.1385,1.9771,6.0065,91.8610,2.5592
12/10/2013 00:00:00,2.2829,0.4710,20.2330,1.0000,0.0000,8.3680,253.4409,18.9362,1.6974,0.8277,0.4865,1061.6835,304.3367,38.2282,33.3559,1.8715,7.4808,82.5937,2.4066
13/10/2013 00:00:00,1.7686,0.4792,20.1843,1.0000,0.0000,8.0096,223.1105,23.6341,1.6173,0.7985,0.4585,1055.7306,303.1461,36.5158,30.4319,1.8189,8.9551,79.1850,2.3233
14/10/2013 00:00:00,1.5901,0.4875,20.1356,1.0000,0.0000,7.6512,192.7800,28.3321,1.4319,0.7160,0.4114,1049.7776,301.9555,32.4131,22.2834,1.6856,10.4294,70.5518,2.1382
15/10/2013 00:00:00,1.4585,0.4957,20.0870,1.0000,0.0000,7.2928,162.4496,33.0301,1.3159,0.6665,0.3802,1043.8246,300.7649,29.8645,17.4687,1.6115,11.9037,65.2525,2.0297
16/10/2013 00:00:00,1.9223,0.4890,19.9567,1.0000,0.0000,6.9344,149.7271,37.7281,1.3547,0.6951,0.3883,1037.8716,299.5743,30.8271,20.3177,1.7062,13.3780,67.6168,2.1333
17/10/2013 00:00:00,1.4119,0.4730,19.7827,1.0000,0.0000,6.5760,146.4295,42.4260,1.3010,0.6764,0.3696,1031.9187,298.3837,29.6872,18.5591,1.6876,14.8523,65.3734,2.0942
18/10/2013 00:00:00,1.3085,0.4571,19.6087,1.0000,0.0000,6.2176,143.1319,47.1240,1.2329,0.6496,0.3463,1025.9657,297.1931,28.2126,16.0456,1.6465,16.3266,62.3753,2.0274
19/10/2013 00:00:00,1.5955,0.4411,19.4348,1.0000,0.0000,5.8592,139.8343,51.8220,1.2507,0.6679,0.3421,1020.0127,296.0025,28.7014,17.8699,1.6985,17.8009,63.7149,2.0748
20/10/2013 00:00:00,3.6909,0.4251,19.2608,1.0000,0.0000,5.5008,136.5367,56.5200,1.5218,0.8239,0.3928,1014.0598,294.8120,35.0261,32.7179,2.0427,19.2752,78.0782,2.4747
21/10/2013 00:00:00,1.9375,0.4092,19.0868,1.0000,0.0000,5.1424,133.2391,61.2179,1.6396,0.9000,0.3667,1008.1068,293.6214,37.8501,39.8543,2.0042,20.7495,84.7299,2.4076
22/10/2013 00:00:00,1.6449,0.3932,18.9129,1.0000,0.0000,4.8713,129.9416,65.9159,1.4239,0.7927,0.3205,1002.1538,292.4308,32.9720,29.7364,1.8475,22.2238,74.1273,2.2000
23/10/2013 00:00:00,1.4343,0.3959,19.1497,1.0000,0.0000,4.6578,137.7436,70.2107,1.2533,0.7124,0.3073,984.8079,288.9616,28.9771,21.3991,1.6599,23.6981,65.1166,1.9980
24/10/2013 00:00:00,1.2465,0.4105,19.6189,1.0000,0.0000,4.4443,151.8256,74.2770,1.0912,0.6357,0.3007,961.0031,284.2006,25.1185,13.3237,1.4338,25.1724,56.2608,1.7646
25/10/2013 00:00:00,1.0661,0.4251,20.0881,1.0000,0.0000,4.2308,165.9076,78.3434,1.0220,0.6103,0.3117,937.1983,279.4397,23.4198,10.1205,1.3247,26.6467,52.2772,1.6675
26/10/2013 00:00:00,0.9998,0.4397,20.5573,1.0000,0.0000,4.0173,179.9896,82.4096,1.0331,0.6324,0.3434,913.3935,274.6787,23.5627,11.0326,1.3112,28.1211,52.4089,1.6890
27/10/2013 00:00:00,0.9343,0.4542,21.0266,1.0000,0.0000,3.8038,194.0716,86.4760,1.0457,0.6562,0.3753,889.5887,269.9177,23.7345,11.9991,1.2958,29.5954,52.5950,1.7087
28/10/2013 00:00:00,0.8695,0.4688,21.4958,1.0000,0.0000,3.5903,208.1536,90.5423,1.0567,0.6799,0.4063,865.7839,265.1568,23.8620,12.8568,1.2755,31.0697,52.6723,1.7224
29/10/2013 00:00:00,0.7949,0.4834,21.9650,1.0000,0.0000,3.3768,222.2357,94.6086,1.0607,0.6999,0.4337,841.9791,260.3958,23.8285,13.3496,1.2436,32.5440,52.3847,1.7206
30/10/2013 00:00:00,0.7302,0.4940,22.2631,1.0000,0.0000,3.1633,226.7830,98.6749,1.0690,0.7235,0.4628,818.1743,255.6349,23.8846,14.0299,1.2167,34.0183,52.2846,1.7258
31/10/2013 00:00:00,0.6669,0.5017,22.4685,1.0000,0.0000,2.9498,226.1591,102.7412,1.0773,0.7480,0.4911,794.3695,250.8739,23.9363,14.6897,1.1881,35.4926,52.1639,1.7283
01/11/2013 00:00:00,0.6388,0.5094,22.6738,1.0000,0.0000,2.7363,225.5353,106.8075,1.0980,0.7822,0.5258,770.5647,246.1129,24.2536,15.9142,1.1738,36.9669,52.6080,1.7521
02/11/2013 00:00:00,0.6022,0.5171,22.8792,1.0000,0.0000,2.5228,224.9114,110.8738,1.1143,0.8147,0.5576,746.7599,241.3520,24.4640,16.8899,1.1517,38.4412,52.8033,1.7651
03/11/2013 00:00:00,0.5461,0.5248,23.0845,1.0000,0.0000,2.3093,224.2875,114.9401,1.1077,0.8312,0.5738,722.9551,236.5910,24.1658,16.7567,1.0988,39.9155,51.8897,1.7299
04/11/2013 00:00:00,0.5149,0.5324,23.2899,1.0000,0.0000,2.0958,223.6636,119.0064,1.1171,0.8607,0.5993,699.1503,231.8301,24.2116,17.3518,1.0661,41.3898,51.7044,1.7253
05/11/2013 00:00:00,0.5062,0.5401,23.4952,1.0000,0.0000,2.1969,223.0398,123.0727,1.1369,0.8995,0.6305,675.3455,227.0691,24.4726,18.3890,1.0435,40.6432,51.9612,1.7370
06/11/2013 00:00:00,0.4878,0.5463,23.6374,1.0000,0.0000,2.5541,219.9965,122.9524,1.1464,0.9133,0.6610,666.6667,225.3333,24.9989,19.3003,1.0445,38.3282,52.6844,1.7716
07/11/2013 00:00:00,0.4877,0.5513,23.7433,1.0000,0.0000,2.9113,215.5670,120.4299,1.1441,0.9073,0.6861,666.6667,225.3333,25.5740,19.9173,1.0502,36.0132,53.4532,1.8048
08/11/2013 00:00:00,0.4604,0.5563,23.8493,1.0000,0.0000,3.2684,211.1375,117.9075,1.1235,0.8867,0.6991,666.6667,225.3333,25.7474,19.6875,1.0368,33.6982,53.3751,1.8058
09/11/2013 00:00:00,0.4288,0.5614,23.9552,1.0000,0.0000,3.6256,206.7080,115.3851,1.0895,0.8557,0.7018,666.6667,225.3333,25.6099,18.8180,1.0088,31.3833,52.6574,1.7808
10/11/2013 00:00:00,0.3959,0.5664,24.0612,1.0000,0.0000,3.9827,202.2785,112.8627,1.0500,0.8203,0.6997,666.6667,225.3333,25.3202,17.6485,0.9749,29.0683,51.6397,1.7445
11/11/2013 00:00:00,0.3707,0.5714,24.1671,1.0000,0.0000,4.3399,197.8490,110.3403,1.0190,0.7918,0.7035,666.6667,225.3333,25.2193,16.8758,0.9503,26.7533,51.0187,1.7242
12/11/2013 00:00:00,0.3485,0.5764,24.2731,1.0000,0.0000,4.6971,193.4195,107.8178,0.9910,0.7658,0.7093,666.6667,225.3333,25.1811,16.2374,0.9292,24.4383,50.5320,1.7094
13/11/2013 00:00:00,0.3298,0.5816,23.9973,1.0000,0.0000,5.0542,194.2176,105.2954,0.9661,0.7421,0.7171,666.6667,225.3333,25.2110,15.7410,0.9110,22.1234,50.1873,1.6998
14/11/2013 00:00:00,0.3168,0.5868,23.5173,1.0000,0.0000,5.4114,197.8144,102.7730,0.9492,0.7246,0.7320,666.6667,225.3333,25.4501,15.6620,0.9019,19.8084,50.2601,1.7071
15/11/2013 00:00:00,0.2895,0.5920,23.0373,1.0000,0.0000,5.7685,201.4111,100.2506,0.9075,0.6882,0.7240,666.6667,225.3333,25.0090,14.2475,0.8652,17.4934,48.9974,1.6616
16/11/2013 00:00:00,0.2636,0.5973,22.5572,1.0000,0.0000,6.1257,205.0079,97.7281,0.8650,0.6516,0.7140,666.6667,225.3333,24.5141,12.7473,0.8278,15.1784,47.6489,1.6132
17/11/2013 00:00:00,0.2553,0.6025,22.0772,1.0000,0.0000,6.4829,208.6046,95.2057,0.8525,0.6375,0.7319,666.6667,225.3333,24.8524,12.8735,0.8232,12.8635,47.9269,1.6283
18/11/2013 00:00:00,0.2507,0.6077,21.5972,1.0000,0.0000,6.8400,212.2014,92.6833,0.8456,0.6276,0.7561,666.6667,225.3333,25.3713,13.3398,0.8252,10.5485,48.5449,1.6569
19/11/2013 00:00:00,0.2416,0.6130,21.1171,1.0000,0.0000,6.8818,215.7981,90.1609,0.8285,0.6100,0.7703,666.6667,225.3333,25.5991,13.2424,0.8157,9.6169,48.5992,1.6630
20/11/2013 00:00:00,0.2250,0.6162,20.9818,1.0000,0.0000,6.6678,216.5195,88.5628,0.8022,0.6032,0.7519,660.3414,224.0683,25.1462,12.3519,0.8079,9.6454,47.7709,1.6351
21/11/2013 00:00:00,0.2116,0.6179,21.1561,1.0000,0.0000,6.4537,214.6583,87.7941,0.7855,0.6184,0.7240,648.3407,221.6681,24.6442,11.8024,0.8211,9.6740,47.2033,1.6175
22/11/2013 00:00:00,0.2021,0.6196,21.3305,1.0000,0.0000,6.2397,212.7972,87.0253,0.7759,0.6384,0.7037,636.3401,219.2680,24.3632,11.6650,0.8419,9.7026,47.0478,1.6159
23/11/2013 00:00:00,0.2022,0.6213,21.5048,1.0000,0.0000,6.0257,210.9360,86.2566,0.7842,0.6733,0.7012,624.3396,216.8679,24.6470,12.6197,0.8843,9.7311,47.9843,1.6556
24/11/2013 00:00:00,0.1992,0.6230,21.6791,1.0000,0.0000,5.8116,209.0748,85.4879,0.7831,0.7005,0.6888,612.3389,214.4678,24.6340,13.0017,0.9151,9.7597,48.3482,1.6728
25/11/2013 00:00:00,0.3478,0.6247,21.8534,1.0000,0.0000,5.5976,207.2137,84.7192,0.7508,0.6987,0.6210,600.3383,212.0677,23.6374,11.4388,0.8688,9.7883,46.7672,1.5520
26/11/2013 00:00:00,0.2016,0.6264,22.0277,1.0000,0.0000,5.3835,205.3525,83.9505,0.7992,0.7727,0.6797,588.3378,209.6676,25.1839,14.9173,1.0009,9.8168,50.2275,1.7486
27/11/2013 00:00:00,0.1952,0.6232,22.1010,1.0000,0.0000,5.1695,203.9992,83.1817,0.7926,0.7952,0.6619,576.3371,207.2674,24.9983,14.9641,1.0255,9.8454,50.2562,1.7536
28/11/2013 00:00:00,0.1853,0.6160,22.1181,1.0000,0.0000,4.9555,202.9283,82.4130,0.7787,0.8098,0.6376,564.3365,204.8673,24.5822,14.5391,1.0393,9.8740,49.8131,1.7407
29/11/2013 00:00:00,0.1803,0.6087,22.1353,1.0000,0.0000,4.7414,201.8574,81.6443,0.7741,0.8335,0.6218,552.3360,202.4672,24.4567,14.6955,1.0658,9.9025,49.9514,1.7498
30/11/2013 00:00:00,2.4950,0.6014,22.1524,1.0000,0.0000,4.5274,200.7865,80.8756,1.1561,1.2876,0.8395,540.3353,200.0671,36.5613,40.0254,1.5131,9.9311,75.2631,2.4366
01/12/2013 00:00:00,0.4235,0.5941,22.1696,1.0000,0.0000,4.3133,199.7156,80.1069,0.7897,0.9089,0.5904,528.3347,197.6670,24.9961,16.6399,1.1188,9.9597,51.8595,1.7682
02/12/2013 00:00:00,0.2562,0.5868,22.1867,1.0000,0.0000,4.0993,198.6447,79.3381,0.7688,0.9135,0.5623,516.3342,195.2668,24.3554,15.7234,1.1203,9.9882,50.9248,1.7388
03/12/2013 00:00:00,0.2411,0.5795,22.2038,1.0000,0.0000,3.9617,197.5738,78.5694,0.7537,0.9238,0.5388,504.3336,192.8667,23.8982,15.1741,1.1289,10.0000,50.3575,1.7216
04/12/2013 00:00:00,0.2238,0.5730,22.1899,1.0000,0.0000,3.8903,197.8451,78.4543,0.7436,0.9395,0.5353,500.0000,192.0000,23.3648,14.6380,1.1035,10.0000,49.4773,1.6924
05/12/2013 00:00:00,0.2056,0.5671,22.1584,1.0000,0.0000,3.8189,198.8737,78.7085,0.7352,0.9567,0.5421,500.0000,192.0000,22.7582,14.0485,1.0576,10.0000,48.3598,1.6539
06/12/2013 00:00:00,0.2433,0.5612,22.1269,1.0000,0.0000,3.7475,199.9023,78.9628,0.7463,0.9997,0.5763,500.0000,192.0000,22.7547,14.7421,1.0621,10.0000,48.5253,1.6961
07/12/2013 00:00:00,0.4064,0.5552,22.0954,1.0000,0.0000,3.6761,200.9309,79.2171,0.8101,1.1161,0.6556,500.0000,192.0000,24.3183,18.7965,1.1390,10.0000,52.0516,1.8601
08/12/2013 00:00:00,0.1801,0.5493,22.0639,1.0000,0.0000,3.6046,201.9595,79.4713,0.7589,1.0748,0.6078,500.0000,192.0000,22.4224,15.4497,0.9933,10.0000,48.1767,1.6619
09/12/2013 00:00:00,0.1752,0.5434,22.0325,1.0000,0.0000,3.5332,202.9881,79.7256,0.7728,1.1244,0.6370,500.0000,192.0000,22.4654,16.2608,0.9768,10.0000,48.4597,1.6775
10/12/2013 00:00:00,0.1658,0.5374,22.0010,1.0000,0.0000,3.4618,204.0167,79.9799,0.7761,1.1593,0.6574,500.0000,192.0000,22.1905,16.3914,0.9433,10.0000,48.0622,1.6665
11/12/2013 00:00:00,0.1489,0.6011,22.5228,1.0000,0.0000,3.3904,202.6315,80.2342,0.7598,1.1645,0.6596,500.0000,192.0000,21.3574,15.3104,0.8828,10.0000,46.4532,1.6083
12/12/2013 00:00:00,0.1373,0.7227,23.3404,1.0000,0.0000,3.3190,199.9561,80.4884,0.7547,1.1864,0.6734,500.0000,192.0000,20.8510,14.9358,0.8377,10.0000,45.5504,1.5785
13/12/2013 00:00:00,0.1216,0.8444,24.1580,1.0000,0.0000,3.2476,197.2806,80.7427,0.7360,1.1861,0.6743,500.0000,192.0000,19.9776,13.7538,0.7766,10.0000,43.8404,1.5184
14/12/2013 00:00:00,0.1136,0.9660,24.9757,1.0000,0.0000,3.1762,194.6052,80.9970,0.7373,1.2174,0.6961,500.0000,192.0000,19.6538,13.7743,0.7388,10.0000,43.3328,1.5045
15/12/2013 00:00:00,0.1050,1.0877,25.7933,1.0000,0.0000,3.1047,191.9298,81.2512,0.7350,1.2429,0.7153,500.0000,192.0000,19.2313,13.5778,0.6959,10.0000,42.6082,1.4828
16/12/2013 00:00:00,0.0926,1.2094,26.6109,1.0000,0.0000,3.0333,189.2543,81.5055,0.7150,1.2377,0.7160,500.0000,192.0000,18.3554,12.3717,0.6345,10.0000,40.8740,1.4221
17/12/2013 00:00:00,0.0912,1.3310,27.4285,1.0000,0.0000,3.0381,186.5789,81.7598,0.7360,1.3037,0.7629,500.0000,192.0000,18.5306,13.5072,0.6113,10.2490,41.4814,1.4505
18/12/2013 00:00:00,0.0910,1.4271,27.3915,1.0000,0.0000,3.1095,186.4877,81.3600,0.7523,1.3497,0.7906,496.1711,191.2342,18.9686,14.6240,0.6200,10.6778,42.3579,1.4896
19/12/2013 00:00:00,0.0901,1.5001,26.8810,1.0000,0.0000,3.1809,187.8283,80.5972,0.7593,1.3726,0.7982,490.2170,190.0434,19.4066,15.3859,0.6427,11.1066,43.0391,1.5207
20/12/2013 00:00:00,0.0904,1.5730,26.3705,1.0000,0.0000,3.2523,189.1690,79.8344,0.7686,1.4001,0.8073,484.2628,188.8526,19.9175,16.2938,0.6679,11.5354,43.8664,1.5560
21/12/2013 00:00:00,0.0854,1.6460,25.8599,1.0000,0.0000,3.3236,190.5096,79.0716,0.7553,1.3868,0.7903,478.3087,187.6617,19.8490,15.9174,0.6723,11.9643,43.4094,1.5417
22/12/2013 00:00:00,0.0819,1.7189,25.3494,1.0000,0.0000,3.3950,191.8503,78.3088,0.7475,1.3836,0.7794,472.3545,186.4709,19.9271,15.8602,0.6824,12.3931,43.2716,1.5398
23/12/2013 00:00:00,0.0807,1.7919,24.8389,1.0000,0.0000,3.4664,193.1909,77.5460,0.7491,1.3980,0.7788,466.4004,185.2801,20.2616,16.3523,0.7024,12.8219,43.6830,1.5591
24/12/2013 00:00:00,0.0776,1.8649,24.3284,1.0000,0.0000,3.5378,194.5315,76.7831,0.7417,1.3960,0.7678,460.4462,184.0892,20.3611,16.3296,0.7140,13.2507,43.5797,1.5586
25/12/2013 00:00:00,0.0771,1.8364,24.3321,1.0000,0.0000,3.6092,193.8679,76.0203,0.7447,1.4140,0.7680,454.4921,182.8984,20.7561,16.9302,0.7372,13.6796,44.0997,1.5819
26/12/2013 00:00:00,0.0753,1.7384,24.6119,1.0000,0.0000,3.6806,192.1277,75.2575,0.7411,1.4198,0.7601,448.5379,181.7076,20.9771,17.1501,0.7540,14.1084,44.2389,1.5901
27/12/2013 00:00:00,0.0718,1.6404,24.8918,1.0000,0.0000,3.7520,190.3876,74.4947,0.7293,1.4100,0.7428,442.5838,180.5168,20.9685,16.8813,0.7622,14.5372,43.8895,1.5792
28/12/2013 00:00:00,0.0708,1.5424,25.1716,1.0000,0.0000,3.8234,188.6474,73.7319,0.7284,1.4216,0.7371,436.6296,179.3259,21.2819,17.2801,0.7835,14.9661,44.2077,1.5944
29/12/2013 00:00:00,0.0669,1.4444,25.4515,1.0000,0.0000,3.8948,186.9073,72.9691,0.7130,1.4051,0.7152,430.6755,178.1351,21.1766,16.8045,0.7886,15.3949,43.6514,1.5753
30/12/2013 00:00:00,0.0635,1.3464,25.7313,1.0000,0.0000,3.9662,185.1671,72.2063,0.6992,1.3916,0.6946,424.7213,176.9443,21.1161,16.4222,0.7956,15.8237,43.1885,1.5597
31/12/2013 00:00:00,0.0627,1.2484,26.0112,1.0000,0.0000,4.0000,183.4270,71.4435,0.6973,1.4022,0.6864,418.7672,175.7534,21.4224,16.7850,0.8181,15.8737,43.4707,1.5731
01/01/2014 00:00:00,0.0607,1.1743,26.1082,1.0000,0.0000,4.0000,183.8013,71.5031,0.7007,1.3752,0.6676,420.5150,176.1030,21.3865,16.5162,0.8391,15.6592,43.4125,1.5735
02/01/2014 00:00:00,0.0603,1.1202,26.1054,1.0000,0.0000,4.0000,185.3299,72.0109,0.7167,1.3484,0.6537,426.4609,177.2922,21.4690,16.5203,0.8712,15.4447,43.7862,1.5903
03/01/2014 00:00:00,0.0614,1.0661,26.1026,1.0000,0.0000,4.0000,186.8585,72.5187,0.7406,1.3371,0.6479,432.4068,178.4814,21.7943,17.0178,0.9138,15.2302,44.6532,1.6265
04/01/2014 00:00:00,0.0598,1.0120,26.0998,1.0000,0.0000,4.0000,188.3870,73.0266,0.7496,1.2997,0.6283,438.3527,179.6705,21.6839,16.6189,0.9362,15.0156,44.6239,1.6273
05/01/2014 00:00:00,0.0573,0.9579,26.0970,1.0000,0.0000,4.0000,189.9156,73.5344,0.7525,1.2542,0.6044,444.2985,180.8597,21.4161,15.8874,0.9502,14.8011,44.2619,1.6151
06/01/2014 00:00:00,0.0541,0.9038,26.0942,1.0000,0.0000,4.0000,191.4442,74.0422,0.7500,1.2027,0.5773,450.2444,182.0489,21.0159,14.8713,0.9563,14.5866,43.6154,1.5913
07/01/2014 00:00:00,0.0511,0.8497,26.0914,1.0000,0.0000,4.0000,192.9727,74.5501,0.7463,1.1521,0.5506,456.1903,183.2381,20.6010,13.8128,0.9598,14.3721,42.9265,1.5654
08/01/2014 00:00:00,0.0500,0.8361,26.0069,1.0000,0.0000,4.0000,191.9586,75.0579,0.7550,1.1229,0.5351,462.1362,184.4272,20.5450,13.4938,0.9805,14.1576,42.9770,1.5691
09/01/2014 00:00:00,0.0499,0.8567,25.8378,1.0000,0.0000,4.0000,188.3140,75.5657,0.7693,1.1030,0.5244,468.0821,185.6164,20.6473,13.5019,1.0089,13.9431,43.3546,1.5857
10/01/2014 00:00:00,0.0482,0.8773,25.6687,1.0000,0.0000,4.0000,184.6694,76.0736,0.7725,1.0684,0.5059,474.0280,186.8056,20.4592,12.8954,1.0213,13.7286,43.1176,1.5778
11/01/2014 00:00:00,0.0443,0.8980,25.4995,1.0000,0.0000,4.0000,181.0247,76.5814,0.7567,1.0101,0.4751,479.9739,187.9948,19.7864,11.2570,1.0053,13.5141,41.8488,1.5280
12/01/2014 00:00:00,0.0383,0.9186,25.3304,1.0000,0.0000,4.0000,177.3801,77.0892,0.7160,0.9230,0.4293,485.9198,189.1840,18.4955,8.2927,0.9514,13.2996,39.2540,1.4236
13/01/2014 00:00:00,0.0351,0.9392,25.1613,1.0000,0.0000,4.0000,173.7354,77.5971,0.6965,0.8675,0.3999,491.8657,190.3731,17.7790,6.5297,0.9278,13.0851,37.8606,1.3677
14/01/2014 00:00:00,0.0349,0.9599,24.9922,1.0000,0.0000,4.0355,170.0908,78.1049,0.7080,0.8524,0.3919,497.8116,191.5623,17.8674,6.4732,0.9509,13.0402,38.1737,1.3820
15/01/2014 00:00:00,0.0351,0.9560,24.9101,1.0000,0.0000,4.1021,169.5696,78.4417,0.7303,0.8502,0.4088,496.4900,191.2980,18.1257,6.8132,0.9561,13.1069,38.7179,1.4057
16/01/2014 00:00:00,0.0446,0.9325,24.8786,1.0000,0.0000,4.1688,170.8661,78.6789,0.7284,0.8204,0.4289,490.9357,190.1871,17.7317,5.7812,0.9233,13.1735,37.7939,1.3951
17/01/2014 00:00:00,0.0344,0.9091,24.8472,1.0000,0.0000,4.2354,172.1626,78.9161,0.7714,0.8409,0.4630,485.3815,189.0763,18.4263,7.0686,0.9184,13.2402,39.1893,1.4277
18/01/2014 00:00:00,0.0337,0.8857,24.8157,1.0000,0.0000,4.3021,173.4592,79.1533,0.7866,0.8303,0.4873,479.8272,187.9654,18.4471,6.9204,0.8913,13.3068,39.1491,1.4273
19/01/2014 00:00:00,0.0305,0.8622,24.7842,1.0000,0.0000,4.3687,174.7557,79.3905,0.7692,0.7863,0.4884,474.2729,186.8546,17.7164,5.1807,0.8242,13.3734,37.5175,1.3614
20/01/2014 00:00:00,0.0274,0.8388,24.7527,1.0000,0.0000,4.4353,176.0523,79.6277,0.7476,0.7404,0.4852,468.7187,185.7437,16.9190,3.3076,0.7557,13.4401,35.7523,1.2895
21/01/2014 00:00:00,0.0247,0.8153,24.7213,1.0000,0.0000,4.5020,177.3488,79.8649,0.7235,0.6944,0.4788,463.1644,184.6329,16.0953,1.3867,0.6882,13.5067,33.9394,1.2149
22/01/2014 00:00:00,0.0235,0.8005,24.5745,1.0000,0.0000,4.5686,179.0149,80.1021,0.7222,0.6721,0.4893,457.6101,183.5220,15.8009,0.5871,0.6488,13.5734,33.2479,1.1870
23/01/2014 00:00:00,0.0225,0.7925,24.3636,1.0000,0.0000,4.6352,180.8867,80.3393,0.7259,0.6549,0.5035,452.0559,182.4112,15.6219,0.0332,0.6156,13.6400,32.8019,1.1694
24/01/2014 00:00:00,0.0211,0.7845,24.1528,1.0000,0.0000,4.7019,182.7585,80.5764,0.7164,0.6270,0.5066,446.5016,181.3003,15.1741,0.0000,0.5708,13.7067,31.7946,1.1280
25/01/2014 00:00:00,0.0206,0.7766,23.9419,1.0000,0.0000,4.7685,184.6303,80.8136,0.7284,0.6184,0.5276,440.9473,180.1895,15.1876,0.0000,0.5471,13.7733,31.7563,1.1274
26/01/2014 00:00:00,0.0209,0.7686,23.7310,1.0000,0.0000,4.8352,186.5021,81.0508,0.7584,0.6247,0.5648,435.3930,179.0786,15.5722,0.0000,0.5383,13.8400,32.4928,1.1596
27/01/2014 00:00:00,0.0208,0.7606,23.5201,1.0000,0.0000,4.9018,188.3739,81.2880,0.7796,0.6233,0.5952,429.8388,177.9678,15.7708,0.0000,0.5204,13.9066,32.8388,1.1752
28/01/2014 00:00:00,0.0209,0.7526,23.3092,1.0000,0.0000,4.9684,190.2457,81.5252,0.8048,0.6246,0.6299,424.2845,176.8569,16.0433,0.0284,0.5042,13.9732,33.3372,1.1971
29/01/2014 00:00:00,0.0201,0.7447,23.0983,1.0000,0.0000,5.1619,192.1175,81.7624,0.8069,0.6080,0.6438,418.7302,175.7460,15.8545,0.0000,0.4706,13.6409,32.8771,1.1788
30/01/2014 00:00:00,0.0201,0.7350,23.0871,1.0000,0.0000,5.4693,194.0249,81.1617,0.8172,0.6044,0.6460,420.6994,176.1399,16.0089,0.0000,0.4832,13.0411,33.2125,1.1938
31/01/2014 00:00:00,0.0200,0.7240,23.1938,1.0000,0.0000,5.7768,195.9532,80.0656,0.8189,0.5982,0.6289,427.1162,177.4232,16.1000,0.0000,0.5135,12.4413,33.4661,1.2053
01/02/2014 00:00:00,0.0200,0.7130,23.3006,1.0000,0.0000,6.0843,197.8815,78.9695,0.8240,0.5945,0.6150,433.5330,178.7066,16.2578,0.1502,0.5463,11.8414,33.8586,1.2228
02/02/2014 00:00:00,0.0198,0.7020,23.4073,1.0000,0.0000,6.3918,199.8099,77.8734,0.8230,0.5863,0.5958,439.9497,179.9899,16.2956,0.1976,0.5741,11.2416,34.0018,1.2295
03/02/2014 00:00:00,0.0188,0.6910,23.5141,1.0000,0.0000,6.6992,201.7382,76.7773,0.8018,0.5639,0.5607,446.3665,181.2733,15.9318,0.0000,0.5845,10.6417,33.3053,1.2013
04/02/2014 00:00:00,0.0173,0.6800,23.6208,1.0000,0.0000,7.0067,203.6666,75.6811,0.7673,0.5326,0.5165,452.7833,182.5567,15.3001,0.0000,0.5811,10.0419,32.0443,1.1492
05/02/2014 00:00:00,0.0164,0.6776,23.6392,1.0000,0.0000,7.3142,201.4904,74.5850,0.7456,0.5107,0.4839,459.2000,183.8400,14.9183,0.0000,0.5865,9.4421,31.3023,1.1188
06/02/2014 00:00:00,0.0165,0.6823,23.6063,1.0000,0.0000,7.6217,196.9306,73.4889,0.7517,0.5081,0.4733,465.6168,185.1234,15.0944,0.0000,0.6170,8.8422,31.7297,1.1376
07/02/2014 00:00:00,0.0160,0.6871,23.5734,1.0000,0.0000,7.9292,192.3708,72.3928,0.7403,0.4937,0.4501,472.0336,186.4067,14.9175,0.0000,0.6300,8.2424,31.4148,1.1252
08/02/2014 00:00:00,0.0158,0.6918,23.5405,1.0000,0.0000,8.2366,187.8110,71.2967,0.7401,0.4868,0.4354,478.4504,187.6901,14.9651,0.0000,0.6536,7.6425,31.5718,1.1325
09/02/2014 00:00:00,0.0156,0.6966,23.5076,1.0000,0.0000,8.5441,183.2512,70.2006,0.7365,0.4777,0.4186,484.8671,188.9734,14.9425,0.0000,0.6732,7.0427,31.5802,1.1336
10/02/2014 00:00:00,0.0157,0.7014,23.4747,1.0000,0.0000,8.8516,178.6914,69.1045,0.7432,0.4753,0.4088,491.2839,190.2568,15.1304,0.0000,0.7038,6.4429,32.0340,1.1535
11/02/2014 00:00:00,0.0154,0.7061,23.4418,1.0000,0.0000,9.0740,174.1316,68.0084,0.7373,0.4649,0.3911,497.7007,191.5401,15.0635,0.0000,0.7205,7.1692,31.9482,1.1507
12/02/2014 00:00:00,0.0147,0.7093,23.5318,1.0000,0.0000,9.2170,172.6719,68.1052,0.7271,0.4518,0.3743,500.0000,192.0000,14.8109,0.0000,0.7157,8.7978,31.3819,1.1275
13/02/2014 00:00:00,0.0143,0.7110,23.6902,1.0000,0.0000,9.3600,172.9396,68.8680,0.7299,0.4469,0.3676,500.0000,192.0000,14.7748,0.0000,0.7172,10.4264,31.2265,1.1216
14/02/2014 00:00:00,0.0141,0.7128,23.8487,1.0000,0.0000,9.5030,173.2073,69.6308,0.7369,0.4445,0.3632,500.0000,192.0000,14.8203,0.0000,0.7234,12.0549,31.2427,1.1229
15/02/2014 00:00:00,0.0141,0.7145,24.0072,1.0000,0.0000,9.6460,173.4749,70.3937,0.7492,0.4451,0.3618,500.0000,192.0000,14.9694,0.0000,0.7356,13.6835,31.4749,1.1335
16/02/2014 00:00:00,0.0138,0.7162,24.1656,1.0000,0.0000,9.7891,173.7426,71.1565,0.7545,0.4414,0.3562,500.0000,192.0000,14.9771,0.0000,0.7395,15.3121,31.4082,1.1313
17/02/2014 00:00:00,0.0142,0.7180,24.3241,1.0000,0.0000,9.9321,174.0103,71.9194,0.7815,0.4501,0.3624,500.0000,192.0000,15.4120,0.0000,0.7681,16.9407,32.2336,1.1667
18/02/2014 00:00:00,0.0136,0.7197,24.4826,1.0000,0.0000,10.0751,174.2780,72.6822,0.7750,0.4393,0.3504,500.0000,192.0000,15.1840,0.0000,0.7584,18.5692,31.6703,1.1438
19/02/2014 00:00:00,0.0124,0.7222,24.6330,1.0000,0.0000,10.2181,173.6055,73.4451,0.7474,0.4169,0.3276,500.0000,192.0000,14.5457,0.0000,0.7243,20.1978,30.2549,1.0847
20/02/2014 00:00:00,0.0111,0.7251,24.7789,1.0000,0.0000,10.3611,172.3986,74.2079,0.7078,0.3884,0.2995,500.0000,192.0000,13.6831,0.0000,0.6763,21.8264,28.3809,1.0057
21/02/2014 00:00:00,0.0099,0.7281,24.9248,1.0000,0.0000,10.5041,171.1917,74.9708,0.6680,0.3604,0.2721,500.0000,192.0000,12.8263,0.0000,0.6277,23.4549,26.5277,0.9270
22/02/2014 00:00:00,0.0099,0.7311,25.0707,1.0000,0.0000,10.6471,169.9848,75.7336,0.6461,0.3427,0.2501,500.0000,192.0000,12.3222,0.0000,0.5895,25.0835,25.4110,0.8646
23/02/2014 00:00:00,0.0094,0.7340,25.2166,1.0000,0.0000,10.7901,168.7779,76.4965,0.6671,0.3478,0.2578,500.0000,192.0000,12.6357,0.0000,0.6211,26.7121,25.9806,0.9048
24/02/2014 00:00:00,0.0092,0.7370,25.3625,1.0000,0.0000,10.9332,167.5710,77.2593,0.6676,0.3420,0.2513,500.0000,192.0000,12.5592,0.0000,0.6187,28.3407,25.7458,0.8951
25/02/2014 00:00:00,0.0088,0.7400,25.5084,1.0000,0.0000,10.6958,166.3641,78.0222,0.6602,0.3322,0.2412,500.0000,192.0000,12.3349,0.0000,0.6072,28.2352,25.2087,0.8726
26/02/2014 00:00:00,0.0088,0.7405,25.4381,1.0000,0.0000,10.1247,166.6944,77.1414,0.7274,0.3362,0.2477,500.0000,192.0000,12.4307,0.0000,0.6106,26.9500,25.4388,0.8832
27/02/2014 00:00:00,0.0084,0.7389,25.2495,1.0000,0.0000,9.5536,167.8651,75.3620,0.8068,0.3338,0.2510,500.0000,192.0000,12.1927,0.0000,0.5907,25.6649,25.0476,0.8668
28/02/2014 00:00:00,0.0086,0.7373,25.0610,1.0000,0.0000,8.9825,169.0358,73.5827,0.9203,0.3446,0.2670,500.0000,192.0000,12.4314,0.0000,0.5991,24.3797,25.6384,0.8928
01/03/2014 00:00:00,0.0082,0.7358,24.8724,1.0000,0.0000,8.4113,170.2065,71.8033,0.9923,0.3394,0.2681,500.0000,192.0000,12.0892,0.0000,0.5724,23.0946,25.0325,0.8673
02/03/2014 00:00:00,0.0079,0.7342,24.6838,1.0000,0.0000,7.8402,171.3772,70.0240,1.0646,0.3351,0.2702,500.0000,192.0000,11.7832,0.0000,0.5475,21.8095,24.4989,0.8447
03/03/2014 00:00:00,0.0078,0.7326,24.4953,1.0000,0.0000,7.2691,172.5480,68.2446,1.1685,0.3407,0.2827,500.0000,192.0000,11.8237,0.0000,0.5424,20.5243,24.6860,0.8533
04/03/2014 00:00:00,0.0081,0.7310,24.3067,1.0000,0.0000,6.6980,173.7187,66.4653,1.3079,0.3551,0.3053,500.0000,192.0000,12.1625,0.0000,0.5532,19.2392,25.5022,0.8890
05/03/2014 00:00:00,0.0081,0.7294,24.1181,1.0000,0.0000,6.1269,174.8894,64.6859,1.4328,0.3640,0.3232,500.0000,192.0000,12.3013,0.0000,0.5513,17.9540,25.9060,0.9068
06/03/2014 00:00:00,0.0083,0.7298,23.8624,1.0000,0.0000,5.5557,175.6122,62.9065,1.5721,0.3752,0.3448,500.0000,192.0000,12.5108,0.0000,0.5520,16.6689,26.4652,0.9313
07/03/2014 00:00:00,0.0078,0.7316,23.5687,1.0000,0.0000,4.9846,176.0816,61.1272,1.6286,0.3666,0.3449,500.0000,192.0000,12.0557,0.0000,0.5161,15.3838,25.6193,0.8955
08/03/2014 00:00:00,0.0076,0.7335,23.2750,1.0000,0.0000,4.4135,176.5510,59.3478,1.7181,0.3659,0.3546,500.0000,192.0000,11.8660,0.0000,0.4937,14.0986,25.3345,0.8837
09/03/2014 00:00:00,0.0084,0.7353,22.9813,1.0000,0.0000,3.8424,177.0204,57.5685,1.9889,0.4018,0.4102,500.0000,192.0000,12.8507,0.0000,0.5289,12.8135,27.5684,0.9801
10/03/2014 00:00:00,0.0086,0.7371,22.6875,1.0000,0.0000,3.2713,177.4897,55.7891,2.1589,0.4150,0.4404,500.0000,192.0000,13.0811,0.0000,0.5228,11.5283,28.2006,1.0073
11/03/2014 00:00:00,0.0086,0.7389,22.3938,1.0000,0.0000,3.0750,177.9591,54.0097,2.3018,0.4219,0.4650,500.0000,192.0000,13.1081,0.0000,0.5048,11.3789,28.4010,1.0163
12/03/2014 00:00:00,0.0081,0.7394,22.3740,1.0000,0.0000,3.2179,179.6254,53.2165,2.1811,0.4088,0.4488,496.1531,191.2306,12.7208,0.0000,0.4914,12.0222,27.6571,0.9851
13/03/2014 00:00:00,0.1135,0.7387,22.5040,1.0000,0.0000,3.3608,181.9460,52.9624,3.0108,0.6008,0.7175,490.2031,190.0406,18.8922,11.7486,0.8370,12.6655,41.1772,1.6262
14/03/2014 00:00:00,0.0090,0.7380,22.6339,1.0000,0.0000,3.5037,184.2667,52.7083,2.0222,0.4315,0.4627,484.2531,188.8506,13.7075,0.5210,0.5742,13.3089,29.9495,1.0832
15/03/2014 00:00:00,0.0092,0.7374,22.7639,1.0000,0.0000,3.6466,186.5873,52.4542,1.8852,0.4322,0.4556,478.3031,187.6606,13.8702,0.9486,0.6005,13.9522,30.3772,1.1017
16/03/2014 00:00:00,0.0095,0.7367,22.8938,1.0000,0.0000,3.7895,188.9080,52.2001,1.7643,0.4370,0.4532,472.3531,186.4706,14.1655,1.6679,0.6337,14.5955,31.0964,1.1323
17/03/2014 00:00:00,0.0095,0.7360,23.0238,1.0000,0.0000,3.9324,191.2287,51.9460,1.6158,0.4352,0.4429,466.4030,185.2806,14.2491,1.9225,0.6562,15.2389,31.3510,1.1434
18/03/2014 00:00:00,0.0094,0.7354,23.1538,1.0000,0.0000,4.0753,193.5493,51.6919,1.4608,0.4311,0.4300,460.4530,184.0906,14.2553,2.0061,0.6744,15.8822,31.4346,1.1474
19/03/2014 00:00:00,0.0094,0.7317,23.2598,1.0000,0.0000,4.2182,193.5701,51.4379,1.3142,0.4290,0.4194,454.5030,182.9006,14.3231,2.2246,0.6955,16.5255,31.6532,1.1568
20/03/2014 00:00:00,0.0088,0.7255,23.3526,1.0000,0.0000,4.3611,192.3206,51.1838,1.1293,0.4123,0.3929,448.5530,181.7106,13.9002,1.3555,0.6886,17.1689,30.7841,1.1208
21/03/2014 00:00:00,0.0736,0.7192,23.4454,1.0000,0.0000,4.5040,191.0712,50.9297,1.2181,0.5044,0.5081,442.6030,180.5206,17.1710,8.6786,0.9404,17.8122,38.1072,1.4994
22/03/2014 00:00:00,0.0108,0.7130,23.5382,1.0000,0.0000,4.6469,189.8217,50.6756,0.7357,0.3520,0.2644,436.6529,179.3306,12.0955,0.0000,0.5164,18.4555,26.8981,0.8072
23/03/2014 00:00:00,0.1024,0.7067,23.6311,1.0000,0.0000,4.7898,188.5722,50.4215,0.9381,0.5313,0.3129,430.7029,178.1406,18.4316,11.6422,0.6447,19.0989,41.0708,0.9888
24/03/2014 00:00:00,0.0071,0.7005,23.7239,1.0000,0.0000,4.9327,187.3227,50.1674,0.5155,0.3577,0.3065,424.7529,176.9506,12.5252,0.0000,0.6658,19.7422,27.9642,1.0030
25/03/2014 00:00:00,0.0390,0.6943,23.8167,1.0000,0.0000,4.9622,186.0733,49.9133,0.4139,0.3707,0.3013,418.8029,175.7606,13.1012,0.0000,0.6899,21.2399,29.3066,1.0213
26/03/2014 00:00:00,0.0171,0.6831,23.6610,1.0000,0.0000,4.8909,185.1089,50.1481,0.4211,0.3829,0.3737,420.4835,176.0967,13.6704,0.8139,0.8701,23.3087,30.5173,1.2812
27/03/2014 00:00:00,0.0089,0.6669,23.3662,1.0000,0.0000,4.8195,184.3041,50.6566,0.5017,0.3995,0.3439,426.4382,177.2876,14.4207,1.9253,0.7983,25.3776,32.0574,1.1766
28/03/2014 00:00:00,0.0085,0.6508,23.0715,1.0000,0.0000,4.7481,183.4992,51.1652,0.5498,0.3895,0.3374,432.3930,178.4786,14.2093,0.8965,0.7807,27.4465,31.4574,1.1518
29/03/2014 00:00:00,0.0084,0.6347,22.7767,1.0000,0.0000,4.6767,182.6944,51.6738,0.6059,0.3865,0.3378,438.3477,179.6695,14.2527,0.4362,0.7793,29.5153,31.4258,1.1508
30/03/2014 00:00:00,1.3989,0.6186,22.4820,1.0000,0.0000,4.6054,181.8895,52.1824,1.4324,0.8311,0.5865,444.3025,180.8605,30.9678,36.5913,1.3490,31.5842,68.0097,1.9942
31/03/2014 00:00:00,0.1787,0.6024,22.1872,1.0000,0.0000,4.5340,181.0847,52.6910,1.0580,0.5629,0.4928,450.2572,182.0514,21.1953,14.5188,1.1303,33.6531,46.3659,1.6724
01/04/2014 00:00:00,0.2083,0.5863,21.8925,1.0000,0.0000,4.4626,180.2799,53.1996,1.1039,0.5424,0.4677,456.2120,183.2424,20.6334,12.6874,1.0697,35.7219,44.9633,1.5841
02/04/2014 00:00:00,0.0106,0.5750,21.7406,1.0000,0.0000,4.3912,180.1455,53.7082,0.9219,0.4207,0.3858,462.1667,184.4333,16.1687,2.3962,0.8799,37.7908,35.1007,1.3043
03/04/2014 00:00:00,0.0101,0.5671,21.6650,1.0000,0.0000,4.3199,180.3685,54.2168,0.9710,0.4137,0.3821,468.1214,185.6243,16.0596,1.6009,0.8692,39.8596,34.7342,1.2896
04/04/2014 00:00:00,0.0098,0.5593,21.5893,1.0000,0.0000,4.2485,180.5916,54.7254,1.0147,0.4054,0.3771,474.0762,186.8152,15.8961,0.6928,0.8555,41.9285,34.2548,1.2703
05/04/2014 00:00:00,0.0111,0.5514,21.5137,1.0000,0.0000,4.1771,180.8146,55.2340,1.0128,0.3809,0.3438,480.0309,188.0062,15.0839,0.0000,0.7780,43.9974,32.3875,1.1562
06/04/2014 00:00:00,0.0099,0.5436,21.4380,1.0000,0.0000,4.1057,181.0377,55.7425,1.1341,0.4029,0.3803,485.9857,189.1971,16.1123,0.0537,0.8585,46.0662,34.4732,1.2768
07/04/2014 00:00:00,0.0096,0.5357,21.3624,1.0000,0.0000,4.0343,181.2607,56.2511,1.1793,0.3970,0.3774,491.9404,190.3881,16.0302,0.0000,0.8497,48.1351,34.1778,1.2648
08/04/2014 00:00:00,0.0096,0.5279,21.2867,1.0000,0.0000,4.0325,181.4837,56.7597,1.2260,0.3921,0.3747,497.8952,191.5790,15.9873,0.0000,0.8417,47.4273,33.9693,1.2539
09/04/2014 00:00:00,0.0092,0.5238,21.5579,1.0000,0.0000,4.0950,181.2465,57.2682,1.2481,0.3924,0.3705,500.0000,192.0000,15.9221,0.0000,0.8545,44.7249,34.0270,1.2620
10/04/2014 00:00:00,0.0082,0.5220,22.0184,1.0000,0.0000,4.1576,180.7579,57.7765,1.1929,0.3753,0.3415,500.0000,192.0000,15.0340,0.0000,0.8225,42.0224,32.4824,1.1982
11/04/2014 00:00:00,0.0075,0.5202,22.4789,1.0000,0.0000,4.2201,180.2693,58.2849,1.1556,0.3638,0.3189,500.0000,192.0000,14.3842,0.0000,0.8034,39.3199,31.4254,1.1542
12/04/2014 00:00:00,0.0071,0.5184,22.9394,1.0000,0.0000,4.2827,179.7808,58.7933,1.1315,0.3565,0.3008,500.0000,192.0000,13.9088,0.0000,0.7945,36.6175,30.7312,1.1254
13/04/2014 00:00:00,0.0069,0.5165,23.3998,1.0000,0.0000,4.3453,179.2922,59.3016,1.1234,0.3542,0.2877,500.0000,192.0000,13.6346,0.0000,0.7982,33.9150,30.4721,1.1146
14/04/2014 00:00:00,0.0072,0.5147,23.8603,1.0000,0.0000,4.4078,178.8037,59.8100,1.1454,0.3614,0.2831,500.0000,192.0000,13.7230,0.0000,0.8270,31.2125,31.0282,1.1384
15/04/2014 00:00:00,0.0073,0.5129,24.3208,1.0000,0.0000,4.4704,178.3151,60.3184,1.1606,0.3664,0.2758,500.0000,192.0000,13.7247,0.0000,0.8507,28.5101,31.4004,1.1541
16/04/2014 00:00:00,0.0198,0.5122,24.1377,1.0000,0.0000,4.5329,180.5919,60.8267,1.3065,0.4128,0.3215,500.0000,192.0000,15.2463,3.0078,1.0501,25.8076,35.3025,1.4038
17/04/2014 00:00:00,0.0080,0.5122,23.5448,1.0000,0.0000,4.5955,184.6300,61.3351,1.2200,0.3857,0.2666,500.0000,192.0000,14.0466,1.0387,0.9248,23.1051,32.9236,1.2181
18/04/2014 00:00:00,0.0082,0.5122,22.9518,1.0000,0.0000,4.6581,188.6681,61.8434,1.2311,0.3895,0.2560,500.0000,192.0000,13.9814,1.7041,0.9466,20.4027,33.1791,1.2282
19/04/2014 00:00:00,0.0077,0.5122,22.3588,1.0000,0.0000,4.7206,192.7062,62.3518,1.2140,0.3843,0.2389,500.0000,192.0000,13.5972,1.6112,0.9457,17.7002,32.6763,1.2085
20/04/2014 00:00:00,0.0078,0.5122,21.7659,1.0000,0.0000,4.7832,196.7443,62.8602,1.2260,0.3884,0.2277,500.0000,192.0000,13.5386,2.2995,0.9698,14.9978,32.9548,1.2203
21/04/2014 00:00:00,0.0079,0.5122,21.1729,1.0000,0.0000,4.8457,200.7824,63.3685,1.2286,0.3895,0.2140,500.0000,192.0000,13.3750,2.7377,0.9859,12.2953,32.9832,1.2213
22/04/2014 00:00:00,0.0080,0.5122,20.5799,1.0000,0.0000,4.9083,204.8205,63.8769,1.2465,0.3954,0.2028,500.0000,192.0000,13.3740,3.5849,1.0169,9.5928,33.4206,1.2400
23/04/2014 00:00:00,0.0078,0.5037,20.3282,1.0000,0.0000,4.9708,206.1831,63.4008,1.2620,0.4006,0.1966,496.1586,191.2317,13.3581,3.8068,1.0176,6.8904,33.2657,1.2338
24/04/2014 00:00:00,0.0076,0.4897,20.2636,1.0000,0.0000,4.9555,206.0795,62.3847,1.2814,0.4071,0.1941,490.2107,190.0421,13.3875,3.8035,1.0056,5.7155,32.9038,1.2192
25/04/2014 00:00:00,0.0555,0.4758,20.1989,1.0000,0.0000,4.8721,205.9759,61.3687,1.2102,0.3847,0.1348,484.2627,188.8525,12.4778,1.5095,0.6987,5.5738,30.2513,0.8469
26/04/2014 00:00:00,0.0087,0.4618,20.1343,1.0000,0.0000,4.7887,205.8723,60.3527,1.4264,0.4537,0.2057,478.3147,187.6629,14.5109,6.2987,1.0673,5.4321,34.6819,1.2936
27/04/2014 00:00:00,2.4775,0.4478,20.0696,1.0000,0.0000,4.7054,205.7687,59.3367,3.0904,0.9838,0.3817,472.3668,186.4734,31.0139,45.0044,1.9817,5.2904,73.0290,2.4017
28/04/2014 00:00:00,1.5069,0.4338,20.0050,1.0000,0.0000,4.6220,205.6651,58.3207,2.9341,0.9346,0.3127,466.4188,185.2838,29.0408,39.6605,1.6243,5.1487,67.3265,1.9682
29/04/2014 00:00:00,0.2633,0.4236,19.8654,1.0000,0.0000,4.5386,206.2017,57.3046,2.1101,0.6726,0.2460,460.4709,184.0942,20.5944,19.6663,1.2788,5.0070,46.9737,1.5493
30/04/2014 00:00:00,0.0119,0.4160,19.6787,1.0000,0.0000,4.4553,207.1418,56.2886,1.7003,0.5423,0.2177,454.5229,182.9046,16.3592,9.7337,1.1325,4.8653,36.6825,1.3720
01/05/2014 00:00:00,0.0119,0.4085,19.4919,1.0000,0.0000,4.3719,208.0820,55.2726,1.7732,0.5660,0.2213,448.5750,181.7150,16.8162,10.4484,1.1520,4.7236,37.0387,1.3953
02/05/2014 00:00:00,0.0118,0.4009,19.3051,1.0000,0.0000,4.2885,209.0221,54.2566,1.8343,0.5859,0.2204,442.6270,180.5254,17.1408,10.8192,1.1483,4.5819,37.0509,1.3908
03/05/2014 00:00:00,0.0116,0.3934,19.1183,1.0000,0.0000,4.2052,209.9623,53.2406,1.8856,0.6027,0.2186,436.6791,179.3358,17.3590,10.9154,1.1399,4.4402,36.7885,1.3804
04/05/2014 00:00:00,0.0120,0.3858,18.9315,1.0000,0.0000,4.1218,210.9024,52.2245,1.9735,0.6313,0.2211,430.7311,178.1462,17.8940,11.6269,1.1539,4.2985,37.1415,1.3972
05/05/2014 00:00:00,0.2424,0.3782,18.7448,1.0000,0.0000,4.0384,211.8426,51.2085,2.3865,0.7639,0.2255,424.7831,176.9566,21.3070,18.1096,1.1776,4.1568,43.2656,1.4256
06/05/2014 00:00:00,0.0469,0.3707,18.5580,1.0000,0.0000,3.9615,212.7827,50.1925,1.7824,0.5709,0.1391,418.8352,175.7670,15.6646,6.2816,0.7271,4.3137,31.0790,0.8801
07/05/2014 00:00:00,0.5496,0.3603,18.4791,1.0000,0.0000,3.8900,217.5293,50.3065,2.8225,1.0998,0.2481,416.6667,175.3333,24.8229,24.6350,1.3115,4.6702,49.5997,1.5843
08/05/2014 00:00:00,8.2225,0.3481,18.4619,1.0000,0.0000,3.8184,224.4550,51.0690,5.1904,2.5888,0.4535,416.6667,175.3333,46.1117,68.9529,2.4381,5.0268,94.3865,2.9370
09/05/2014 00:00:00,1.4001,0.3360,18.4448,1.0000,0.0000,3.7469,231.3806,51.8314,3.4753,2.1132,0.3004,416.6667,175.3333,31.1860,39.4251,1.6406,5.3833,65.3278,1.9710
10/05/2014 00:00:00,1.2806,0.3239,18.4276,1.0000,0.0000,3.6754,238.3062,52.5938,3.2796,2.3530,0.3079,416.6667,175.3333,29.7239,37.2900,1.7070,5.7398,63.6616,2.0457
11/05/2014 00:00:00,0.0943,0.3117,18.4105,1.0000,0.0000,3.6039,245.2318,53.3563,2.0357,1.6836,0.2058,416.6667,175.3333,18.6324,13.9250,1.1571,6.0964,40.7657,1.3834
12/05/2014 00:00:00,0.0425,0.2996,18.3933,1.0000,0.0000,3.5324,252.1574,54.1187,2.0861,1.9542,0.2348,416.6667,175.3333,19.2816,15.7499,1.3384,6.4529,43.0595,1.5967
13/05/2014 00:00:00,0.4364,0.2875,18.3761,1.0000,0.0000,3.4609,259.0831,54.8811,2.3364,2.4454,0.2340,416.6667,175.3333,21.8055,21.8871,1.3512,6.8095,49.6657,1.6087
14/05/2014 00:00:00,0.0473,0.2881,18.4396,1.0000,0.0000,3.3894,256.5246,55.6435,2.1061,2.4361,0.2409,416.6667,175.3333,19.8460,17.8222,1.4081,7.1660,46.0698,1.6731
15/05/2014 00:00:00,0.0918,0.2964,18.5480,1.0000,0.0000,3.3179,248.6774,56.4060,1.9383,2.4556,0.2186,416.6667,175.3333,18.4393,14.8792,1.2928,7.5226,43.5957,1.5333
16/05/2014 00:00:00,0.0617,0.3047,18.6565,1.0000,0.0000,3.2464,240.8302,57.1684,2.1199,2.9196,0.2449,416.6667,175.3333,20.3589,19.8074,1.4641,7.8791,48.9930,1.7335
17/05/2014 00:00:00,0.1588,0.3130,18.7649,1.0000,0.0000,3.1749,232.9829,57.9308,1.9834,2.9507,0.2368,416.6667,175.3333,19.2272,17.4120,1.4313,8.2356,47.0665,1.6918
18/05/2014 00:00:00,0.2543,0.3214,18.8734,1.0000,0.0000,3.1033,225.1357,58.6933,2.0541,3.2832,0.2385,416.6667,175.3333,20.0989,19.8954,1.4564,8.5922,50.0189,1.7188
19/05/2014 00:00:00,0.4381,0.3297,18.9818,1.0000,0.0000,3.0318,217.2884,59.4557,2.2482,3.8427,0.2701,416.6667,175.3333,22.2029,25.5516,1.6655,8.9487,56.1441,1.9627
20/05/2014 00:00:00,0.7604,0.3380,19.0902,1.0000,0.0000,3.0000,209.4412,60.2181,2.3441,4.2666,0.2756,416.6667,175.3333,23.3624,28.9345,1.7150,11.3646,59.9960,2.0181
21/05/2014 00:00:00,1.7990,0.3338,18.8765,1.0000,0.0000,3.0000,210.8347,60.7989,2.7830,5.1314,0.3065,413.1465,174.6293,26.3505,37.4403,1.9759,15.2984,68.7457,2.3131
22/05/2014 00:00:00,0.5957,0.3216,18.4761,1.0000,0.0000,3.0000,217.5821,61.2741,2.5484,4.6371,0.2423,407.5822,173.5164,22.2181,27.4998,1.6420,19.2322,58.9182,1.9086
23/05/2014 00:00:00,8.5460,0.3095,18.0757,1.0000,0.0000,3.0000,224.3295,61.7494,4.6729,8.4039,0.4015,402.0178,172.4036,37.6733,70.0337,2.8596,23.1660,101.5653,3.3012
24/05/2014 00:00:00,3.4534,0.2973,17.6754,1.0000,0.0000,3.0000,231.0770,62.2246,3.8733,6.8933,0.3028,396.4535,171.2907,28.9807,47.8022,2.2666,27.0997,79.4469,2.5996
25/05/2014 00:00:00,1.8199,0.2851,17.2750,1.0000,0.0000,3.0000,237.8244,62.6999,3.9114,6.8962,0.2895,390.8892,170.1778,27.2493,44.2165,2.2774,31.0335,75.9743,2.5958
26/05/2014 00:00:00,1.0914,0.2729,16.8746,1.0000,0.0000,3.0000,244.5718,63.1751,3.8177,6.6741,0.2751,385.3249,169.0650,24.8338,38.5643,2.2745,34.9673,70.4353,2.5771
27/05/2014 00:00:00,0.4663,0.2607,16.4742,1.0000,0.0000,3.0000,251.3192,63.6503,4.1197,7.1468,0.2914,379.7606,167.9521,25.0856,40.4096,2.5314,38.9010,72.3937,2.8519
28/05/2014 00:00:00,1.7013,0.2663,16.4166,1.0000,0.0000,3.0000,255.1024,64.1256,4.1987,7.2328,0.2454,374.1963,166.8393,23.9864,38.3506,2.2414,42.8348,70.4479,2.5114
29/05/2014 00:00:00,0.4222,0.2825,16.5518,1.0000,0.0000,3.0000,257.2163,64.6008,4.5448,7.7788,0.2864,368.6320,165.7264,24.4081,40.7627,2.7497,46.7686,72.9731,3.0647
30/05/2014 00:00:00,0.3715,0.2986,16.6871,1.0000,0.0000,3.0000,259.3303,65.0761,4.6418,7.8980,0.2680,363.0676,164.6135,23.4778,39.1453,2.7053,50.7023,71.4688,3.0001
31/05/2014 00:00:00,0.3609,0.3148,16.8224,1.0000,0.0000,3.0000,261.4442,65.5513,4.7385,8.0187,0.2543,357.5033,163.5007,22.6083,37.6547,2.7008,54.6361,70.0913,2.9806
01/06/2014 00:00:00,0.6298,0.3310,16.9577,1.0000,0.0000,3.0000,263.5582,66.0266,4.4516,7.4953,0.2033,351.9390,162.3878,20.0648,30.8195,2.2723,58.5699,63.3692,2.4959
02/06/2014 00:00:00,0.4818,0.3471,17.0930,1.0000,0.0000,3.0000,265.6721,66.5018,4.7712,7.9959,0.2086,346.3747,161.2749,20.3430,32.8037,2.4537,62.5037,65.4665,2.6832
03/06/2014 00:00:00,0.3624,0.3633,17.2283,1.0000,0.0000,3.0000,267.7861,66.9770,5.0992,8.5084,0.2116,340.8104,160.1621,20.5907,34.7630,2.6225,66.4374,67.5390,2.8554
04/06/2014 00:00:00,0.3396,0.3795,17.3636,1.0000,0.0000,3.0000,269.9000,67.4523,5.3121,8.8277,0.2019,335.2461,159.0492,20.3370,35.1207,2.6364,66.1445,68.0098,2.8584
05/06/2014 00:00:00,0.3342,0.4202,17.3356,1.0000,0.0000,3.0000,268.5386,68.3268,5.5486,9.1858,0.2076,333.3333,158.6667,20.5044,34.2316,2.6017,63.0663,67.5600,2.8300
06/06/2014 00:00:00,0.3217,0.4757,17.2223,1.0000,0.0000,3.0000,265.3631,69.4105,5.8882,9.7135,0.2237,333.3333,158.6667,21.2136,33.6704,2.5577,59.9880,67.6089,2.8039
07/06/2014 00:00:00,0.3191,0.5311,17.1090,1.0000,0.0000,3.0000,262.1877,70.4942,6.1366,10.0894,0.2369,333.3333,158.6667,21.5758,31.9263,2.4658,56.9098,66.4749,2.7265
08/06/2014 00:00:00,0.3018,0.5866,16.9957,1.0000,0.0000,3.0000,259.0123,71.5779,6.5521,10.7388,0.2588,333.3333,158.6667,22.5038,31.8274,2.4461,53.8316,66.9862,2.7308
09/06/2014 00:00:00,0.5527,0.6420,16.8825,1.0000,0.0000,3.0000,255.8368,72.6616,6.6154,10.8106,0.2592,333.3333,158.6667,22.2157,28.0801,2.2178,50.7533,63.8490,2.5029
10/06/2014 00:00:00,3.4102,0.6974,16.7692,1.0000,0.0000,3.0000,252.6614,73.7453,9.5452,15.5547,0.3365,333.3333,158.6667,31.3677,50.6059,2.5973,47.6751,86.9848,2.9674
11/06/2014 00:00:00,0.6996,0.7227,16.5897,1.0000,0.0000,3.0000,251.4193,74.8290,7.8138,12.6997,0.3484,333.3333,158.6667,25.1477,30.2490,2.4153,44.5968,67.2381,2.7986
12/06/2014 00:00:00,0.5033,0.7166,16.3752,1.0000,0.0000,3.0000,251.2002,75.9128,8.5930,13.9311,0.4089,333.3333,158.6667,27.1046,32.2209,2.5317,41.5186,69.8202,2.9814
13/06/2014 00:00:00,0.4792,0.7106,16.1607,1.0000,0.0000,3.0000,250.9811,76.9965,9.0482,14.6342,0.4448,333.3333,158.6667,27.9916,31.2021,2.4433,38.4404,69.4115,2.9325
14/06/2014 00:00:00,0.4546,0.7046,15.9462,1.0000,0.0000,3.0000,250.7621,78.0802,9.4974,15.3261,0.4820,333.3333,158.6667,28.8356,29.9533,2.3299,35.3621,68.7727,2.8601
15/06/2014 00:00:00,0.4541,0.6986,15.7317,1.0000,0.0000,3.0000,250.5430,79.1639,10.0567,16.1939,0.5412,333.3333,158.6667,29.9855,29.2893,2.2785,32.2839,68.7189,2.8739
16/06/2014 00:00:00,0.4419,0.6925,15.5173,1.0000,0.0000,3.0000,250.3240,80.2476,10.6357,17.0913,0.6036,333.3333,158.6667,31.1609,28.5119,2.1844,29.2056,68.5516,2.8483
17/06/2014 00:00:00,0.4160,0.6865,15.3028,1.0000,0.0000,2.9619,250.1049,81.3313,11.2209,17.9968,0.6689,333.3333,158.6667,32.3227,27.5351,2.0460,27.3918,68.1849,2.7818
18/06/2014 00:00:00,12.5186,0.6499,15.0010,1.0000,0.0000,2.8903,248.2501,82.2514,17.3347,27.7508,0.9391,339.5908,159.9182,48.7426,62.2180,2.4139,26.3919,103.3125,3.4469
19/06/2014 00:00:00,5.9971,0.5893,14.6189,1.0000,0.0000,2.8188,244.8908,83.0210,25.3147,40.4540,1.3733,351.6053,162.3211,69.0264,112.0049,3.0077,25.3921,153.3920,4.5184
20/06/2014 00:00:00,4.5425,0.5286,14.2369,1.0000,0.0000,2.7473,241.5316,83.7906,31.3190,49.9643,1.7685,363.6197,164.7239,82.8537,151.0712,3.3114,24.3922,192.7507,5.2567
21/06/2014 00:00:00,2.5361,0.4679,13.8548,1.0000,0.0000,2.6758,238.1724,84.5602,34.2352,54.5279,2.0799,375.6341,167.1268,87.9100,171.8351,3.3343,23.3924,213.8072,5.6222
22/06/2014 00:00:00,7.7233,0.4073,13.4728,1.0000,0.0000,2.6043,234.8131,85.3298,20.1164,31.9904,1.5565,387.6485,169.5297,50.1611,85.1147,2.1355,22.3925,127.3793,3.8476
23/06/2014 00:00:00,3.4884,0.3466,13.0908,1.0000,0.0000,2.5327,231.4539,86.0994,43.0396,68.3425,2.9150,399.6629,171.9326,104.2599,233.5553,3.4147,21.3926,276.1124,6.6212
24/06/2014 00:00:00,2.2639,0.2860,12.7087,1.0000,0.0000,2.4612,228.0947,86.8690,30.8977,48.9921,2.4567,411.6773,174.3355,72.7407,157.8319,2.4462,20.3928,200.6815,5.1485
25/06/2014 00:00:00,1.8282,0.2731,12.7022,1.0000,0.0000,2.3897,229.4954,87.6386,23.9773,37.9667,2.1971,423.6918,176.7384,54.8805,114.4250,1.8469,19.3929,157.5671,4.2637
26/06/2014 00:00:00,1.5632,0.2956,12.9097,1.0000,0.0000,2.3182,233.6096,88.4082,19.7716,31.2657,2.0555,435.7062,179.1412,44.0128,87.9462,1.4441,18.3931,131.3808,3.7051
27/06/2014 00:00:00,2.0740,0.3182,13.1172,1.0000,0.0000,2.2466,237.7238,89.1778,15.2369,24.0643,1.8281,447.7206,181.5441,32.9993,58.5964,1.0583,17.3932,102.3235,3.0692
28/06/2014 00:00:00,1.2783,0.3407,13.3247,1.0000,0.0000,2.1751,241.8380,89.9474,15.6700,24.7179,2.0391,459.7350,183.9470,33.0282,62.2753,0.9534,16.3934,106.2950,3.1964
29/06/2014 00:00:00,1.1659,0.3633,13.5322,1.0000,0.0000,2.1036,245.9521,90.7170,14.2094,22.3875,2.0396,471.7494,186.3499,29.1563,53.0025,0.7481,15.3935,97.3146,2.9917
30/06/2014 00:00:00,1.0665,0.3859,13.7396,1.0000,0.0000,2.0321,250.0663,91.4867,12.9630,20.4005,2.0431,483.7638,188.7528,25.9019,44.9888,0.5621,14.3937,89.5935,2.8095
01/07/2014 00:00:00,0.9879,0.4084,13.9471,1.0000,0.0000,2.0788,254.1805,92.2563,11.9469,18.7807,2.0619,495.7783,191.1557,23.2526,38.3974,0.3946,13.9568,83.2946,2.6626
02/07/2014 00:00:00,4.4629,0.4010,13.9388,1.0000,0.0000,2.2216,259.1040,92.6902,13.9908,21.9726,2.4813,503.8293,192.7659,26.9046,52.0943,0.4229,13.8854,97.6195,3.1524
03/07/2014 00:00:00,4.2537,0.3700,13.8136,1.0000,0.0000,2.3644,264.4653,92.9423,22.8294,35.8222,3.2762,509.7330,193.9466,43.7122,112.4288,0.5924,13.8141,158.7636,4.1963
04/07/2014 00:00:00,1.9369,0.3389,13.6885,1.0000,0.0000,2.5073,269.8267,93.1945,31.4730,49.3432,4.1755,515.6368,195.1274,60.0116,171.0313,0.7979,13.7428,218.1757,5.3909
05/07/2014 00:00:00,4.2780,0.3078,13.5633,1.0000,0.0000,2.6501,275.1880,93.4466,18.3779,28.7892,2.7826,521.5406,196.3081,34.9014,79.0521,0.5599,13.6715,127.0062,3.6208
06/07/2014 00:00:00,2.2659,0.2768,13.4382,1.0000,0.0000,2.7930,280.5494,93.6987,25.9369,40.5987,3.5338,527.4443,197.4889,49.0652,129.9485,0.7464,13.6001,178.7123,4.6336
07/07/2014 00:00:00,8.0455,0.2457,13.3130,1.0000,0.0000,2.9358,285.9107,93.9508,17.1153,26.7700,2.6214,533.3481,198.6696,32.2555,68.0166,0.5795,13.5288,117.5901,3.4630
08/07/2014 00:00:00,8.2185,0.2146,13.1878,1.0000,0.0000,3.0787,291.2721,94.2029,22.7742,35.5951,3.1927,539.2519,199.8504,42.7639,105.6512,0.7370,13.4575,156.0343,4.2490
09/07/2014 00:00:00,4.3304,0.2080,13.2206,1.0000,0.0000,3.2215,290.8708,94.4550,30.4001,47.4805,3.7133,545.1556,201.0311,56.8821,156.5293,0.8929,13.3862,207.7221,4.9775
10/07/2014 00:00:00,2.9815,0.2185,13.3891,1.0000,0.0000,3.3643,285.5172,94.7072,24.2170,37.7976,3.0706,551.0594,202.2119,45.1581,113.0402,0.7676,13.3149,165.0426,4.1452
11/07/2014 00:00:00,2.4077,0.2291,13.5575,1.0000,0.0000,3.5072,280.1636,94.9593,20.0580,31.2857,2.6365,556.9632,203.3926,37.2788,83.5416,0.6838,13.2435,136.3537,3.5840
12/07/2014 00:00:00,2.0645,0.2397,13.7260,1.0000,0.0000,3.6500,274.8100,95.2114,17.5600,27.3718,2.3704,562.8669,204.5734,32.5312,65.4583,0.6368,13.1722,119.0800,3.2442
13/07/2014 00:00:00,1.8036,0.2503,13.8944,1.0000,0.0000,3.7929,269.4564,95.4635,15.7090,24.4714,2.1643,568.7707,205.7541,29.0113,51.8438,0.6013,13.1009,106.2752,2.9820
14/07/2014 00:00:00,5.3403,0.2609,14.0629,1.0000,0.0000,3.9357,264.1028,95.7156,14.7834,23.0158,2.2006,574.6745,206.9349,27.2194,44.5426,0.6313,13.0296,99.7836,3.0520
15/07/2014 00:00:00,3.4326,0.2715,14.2314,1.0000,0.0000,3.9606,258.7492,95.9678,18.2294,28.3644,2.4206,580.5782,208.1156,33.4656,66.7179,0.7161,12.7364,122.7686,3.3788
16/07/2014 00:00:00,2.5785,0.2724,14.3325,1.0000,0.0000,3.8889,256.8076,97.1787,18.3053,29.5866,2.4176,599.3341,211.8668,34.0061,67.3710,0.7328,12.2861,124.4030,3.3922
17/07/2014 00:00:00,1.9555,0.2661,14.3747,1.0000,0.0000,3.8173,257.8535,99.2286,17.4354,30.2159,2.3444,629.3356,217.8671,33.2075,62.6148,0.7232,11.8358,120.7783,3.3021
18/07/2014 00:00:00,1.7398,0.2598,14.4169,1.0000,0.0000,3.7456,258.8993,101.2786,15.2496,28.2672,2.1488,659.3371,223.8674,29.7830,48.4083,0.6734,11.3854,107.7033,3.0371
19/07/2014 00:00:00,1.5825,0.2535,14.4591,1.0000,0.0000,3.6740,259.9452,103.3285,13.6571,27.0185,2.0104,689.3386,229.8677,27.3567,37.9433,0.6389,10.9351,98.3698,2.8504
20/07/2014 00:00:00,3.2011,0.2473,14.5013,1.0000,0.0000,3.6023,260.9910,105.3784,12.4393,26.2142,1.8885,719.3401,235.8680,25.5619,29.8436,0.6078,10.4848,91.4016,2.6852
21/07/2014 00:00:00,2.0104,0.2410,14.5435,1.0000,0.0000,3.5307,262.0369,107.4283,15.0055,33.6261,2.2077,749.3416,241.8683,31.6399,49.8197,0.7188,10.0345,112.5091,3.1473
22/07/2014 00:00:00,9.7180,0.2347,14.5857,1.0000,0.0000,3.4591,263.0827,109.4783,14.7020,34.9795,2.3772,779.3431,247.8686,31.8166,48.6973,0.7820,9.5842,112.5183,3.3969
23/07/2014 00:00:00,5.1859,0.2375,14.6490,1.0000,0.0000,3.3874,262.6134,111.5282,28.9660,73.0694,3.7893,809.3446,253.8689,64.3529,161.3983,1.2585,9.1339,226.3508,5.4268
24/07/2014 00:00:00,4.7605,0.2468,14.7231,1.0000,0.0000,3.3158,261.3662,113.5781,21.3684,57.0805,2.9962,839.3461,259.8692,48.7492,104.4657,1.0039,8.6836,170.5496,4.2997
25/07/2014 00:00:00,3.4120,0.2562,14.7972,1.0000,0.0000,3.2441,260.1190,115.6280,21.5904,61.0045,3.0407,869.3476,265.8695,50.5933,108.8489,1.0270,8.2333,176.0643,4.3718
26/07/2014 00:00:00,4.2317,0.2656,14.8713,1.0000,0.0000,3.1725,258.8719,117.6779,16.1690,48.2767,2.4919,899.3491,271.8698,38.9295,66.4181,0.8479,7.7829,134.7650,3.5890
27/07/2014 00:00:00,7.4567,0.2750,14.9454,1.0000,0.0000,3.1008,257.6247,119.7279,16.1882,51.0296,2.5098,929.3506,277.8701,40.0583,68.4757,0.8600,7.3326,137.9541,3.6208
28/07/2014 00:00:00,4.7524,0.2843,15.0196,1.0000,0.0000,3.0292,256.3775,121.7778,19.5196,64.9113,2.8508,959.3521,283.8704,49.6594,99.5321,0.9831,6.8823,170.1419,4.1190
29/07/2014 00:00:00,3.3481,0.2937,15.0937,1.0000,0.0000,3.0000,255.1304,123.8277,17.4380,61.1320,2.6469,989.3536,289.8707,45.6256,83.7875,0.9183,6.6149,155.5289,3.8299
30/07/2014 00:00:00,2.6174,0.3110,15.0416,1.0000,0.0000,3.0000,255.6388,123.8193,14.8760,50.8797,2.2853,996.1708,291.2342,38.7290,59.8330,0.8538,6.4719,131.2216,3.3676
31/07/2014 00:00:00,2.7004,0.3344,14.9200,1.0000,0.0000,3.0000,257.1140,122.6787,13.1907,42.1483,1.9939,990.2354,290.0471,33.5678,42.7626,0.8310,6.3289,112.9821,3.0243
01/08/2014 00:00:00,2.0774,0.3577,14.7984,1.0000,0.0000,3.0000,258.5891,121.5381,12.9651,38.6503,1.8768,984.2999,288.8600,32.2699,38.8430,0.8705,6.1859,107.8934,2.9350
02/08/2014 00:00:00,1.8616,0.3811,14.6768,1.0000,0.0000,3.0000,260.0642,120.3974,12.1412,33.7143,1.7001,978.3645,287.6729,29.5728,30.3368,0.8763,6.0429,98.2180,2.7463
03/08/2014 00:00:00,1.7323,0.4045,14.5552,1.0000,0.0000,3.0000,261.5393,119.2568,11.8534,30.6039,1.5929,972.4290,286.4858,28.2692,26.5501,0.9114,5.8999,93.2622,2.6636
04/08/2014 00:00:00,1.5996,0.4278,14.4337,1.0000,0.0000,3.0000,263.0145,118.1162,11.4718,27.4815,1.4781,966.4935,285.2987,26.8021,22.2877,0.9385,5.7569,87.8307,2.5644
05/08/2014 00:00:00,1.4690,0.4512,14.3121,1.0000,0.0000,3.0000,264.4896,116.9756,10.9852,24.3582,1.3555,960.5581,284.1116,25.1549,17.5058,0.9552,5.6140,81.8797,2.4463
06/08/2014 00:00:00,1.3543,0.4624,14.3784,1.0000,0.0000,3.0000,262.7713,115.8350,10.5649,21.6237,1.2447,954.6226,282.9245,23.7226,13.4931,0.9742,5.4710,76.6979,2.3434
07/08/2014 00:00:00,2.2878,0.4656,14.5441,1.0000,0.0000,3.0000,259.3636,114.6943,11.3967,21.4629,1.2445,948.6872,281.7374,25.1047,18.5830,1.0832,5.3280,80.6186,2.4521
08/08/2014 00:00:00,2.6276,0.4687,14.7098,1.0000,0.0000,3.0000,255.9560,113.5537,12.8581,22.1986,1.2960,942.7517,280.5503,27.7982,27.7976,1.2570,5.1850,88.6642,2.6827
09/08/2014 00:00:00,1.5787,0.4719,14.8754,1.0000,0.0000,3.0000,252.5482,112.4131,14.7217,23.1994,1.3285,936.8163,279.3633,31.2493,39.2975,1.4396,5.0420,98.9949,2.9009
10/08/2014 00:00:00,1.4460,0.4751,15.0411,1.0000,0.0000,3.0000,249.1406,111.2725,13.7934,19.7413,1.1708,930.8808,278.1762,28.7587,31.9562,1.4226,4.8990,90.4845,2.7104
11/08/2014 00:00:00,1.3278,0.4782,15.2068,1.0000,0.0000,3.0000,245.7329,110.1319,13.0397,16.8490,1.0358,924.9454,276.9891,26.7147,26.1198,1.4174,4.7560,83.4790,2.5568
12/08/2014 00:00:00,1.2236,0.4814,15.3725,1.0000,0.0000,3.0000,242.3252,108.9912,12.2582,14.1986,0.9055,919.0099,275.8020,24.6858,20.4206,1.4033,4.6610,76.6106,2.3994
13/08/2014 00:00:00,1.0907,0.4617,15.4892,1.0000,0.0000,3.0000,242.6324,107.8506,10.8102,12.7135,0.8414,913.0745,274.6149,22.5820,13.9527,1.3127,4.5968,69.5552,2.2383
14/08/2014 00:00:00,1.0230,0.4293,15.5721,1.0000,0.0000,3.0000,245.4917,106.7100,9.6499,12.6371,0.8588,907.1390,273.4278,21.7767,11.1286,1.2349,4.5327,66.5427,2.1796
15/08/2014 00:00:00,1.0115,0.3969,15.6550,1.0000,0.0000,3.0000,248.3510,105.5694,8.9196,13.0625,0.9136,901.2036,272.2407,21.8647,11.0577,1.2033,4.4685,66.2834,2.2083
16/08/2014 00:00:00,0.9721,0.3646,15.7379,1.0000,0.0000,3.0000,251.2103,104.4287,8.1419,13.4049,0.9658,895.2681,271.0536,21.8194,10.5875,1.1569,4.4044,65.6248,2.2192
17/08/2014 00:00:00,0.9473,0.3322,15.8208,1.0000,0.0000,3.0000,254.0695,103.2881,7.3837,13.7566,1.0212,889.3327,269.8665,21.7979,10.1960,1.1027,4.3402,65.0449,2.2260
18/08/2014 00:00:00,4.3594,0.2998,15.9037,1.0000,0.0000,3.0000,256.9288,102.1475,9.0675,19.2740,1.3812,883.3972,268.6794,29.7594,33.4458,1.3305,4.2761,88.1063,2.8498
19/08/2014 00:00:00,6.5954,0.2675,15.9867,1.0000,0.0000,3.0000,259.7881,101.0069,9.8404,24.1103,1.6961,877.4618,267.4924,36.3083,52.1837,1.4382,4.2119,106.6558,3.3040
20/08/2014 00:00:00,2.9990,0.2699,16.2360,1.0000,0.0000,3.0000,262.6648,99.8663,13.2002,37.7738,2.2185,871.5263,266.3053,55.5292,107.5636,1.6283,4.1478,161.8473,4.0687
21/08/2014 00:00:00,4.6519,0.2911,16.5972,1.0000,0.0000,3.0000,265.5531,98.7256,8.6179,29.3039,1.9408,865.5909,265.1182,42.0862,67.6184,1.2058,4.0836,121.7137,3.3406
22/08/2014 00:00:00,4.8231,0.3122,16.9583,1.0000,0.0000,3.0000,268.4415,97.5850,8.2607,34.1688,2.2317,859.6554,263.9311,47.9801,83.7780,1.1379,4.0195,137.6849,3.5928
23/08/2014 00:00:00,2.8707,0.3333,17.3195,1.0000,0.0000,3.0000,271.3298,96.4444,8.0194,41.7158,2.6784,853.7200,262.7440,57.3149,109.4842,1.0706,3.9553,163.2028,4.0168
24/08/2014 00:00:00,2.2732,0.3545,17.6807,1.0000,0.0000,3.0000,274.2181,95.3038,5.0254,34.5869,2.4364,847.7845,261.5569,46.5277,77.9368,0.7085,3.8911,131.4670,3.3885
25/08/2014 00:00:00,1.9612,0.3756,18.0419,1.0000,0.0000,3.0000,277.1065,94.1632,3.0798,30.5719,2.3672,841.8491,260.3698,40.2937,59.6372,0.4333,3.8270,112.9789,3.0372
26/08/2014 00:00:00,1.8584,0.3967,18.4030,1.0000,0.0000,3.2349,279.9948,93.0225,1.5903,27.2371,2.3252,835.9136,259.1827,35.1933,44.7695,0.1779,3.9532,97.9229,2.7357
27/08/2014 00:00:00,1.6052,0.3937,18.3927,1.0000,0.0000,3.6653,278.6617,93.6791,1.4814,25.3995,2.2327,833.3333,258.6667,32.9443,37.8818,0.1844,4.2177,91.3783,2.6404
28/08/2014 00:00:00,1.4363,0.3789,18.0969,1.0000,0.0000,4.0956,274.0842,95.7178,2.0415,22.6343,1.9422,833.3333,258.6667,30.0014,28.9959,0.3378,4.4823,83.2443,2.4742
29/08/2014 00:00:00,1.3445,0.3641,17.8011,1.0000,0.0000,4.5260,269.5067,97.7566,2.5626,20.8686,1.7550,833.3333,258.6667,28.2680,23.4609,0.4637,4.7468,78.4612,2.3942
30/08/2014 00:00:00,12.9634,0.3493,17.5052,1.0000,0.0000,4.9564,264.9292,99.7953,4.5801,29.3300,2.3405,833.3333,258.6667,40.6028,56.9830,0.8275,5.0114,112.7352,3.4021
31/08/2014 00:00:00,6.9472,0.3345,17.2094,1.0000,0.0000,5.3867,260.3518,101.8340,9.7116,51.0310,2.7627,833.3333,258.6667,72.1995,144.0257,1.2210,5.2759,200.5297,4.2599
01/09/2014 00:00:00,4.1925,0.3197,16.9136,1.0000,0.0000,5.8171,255.7743,103.8727,8.5907,38.1349,2.1815,833.3333,258.6667,55.1438,95.9512,1.1548,5.5404,153.2072,3.5545
02/09/2014 00:00:00,3.0806,0.3048,16.6177,1.0000,0.0000,6.2475,251.1968,105.9114,7.9668,30.5147,1.7958,833.3333,258.6667,45.0999,67.3332,1.1060,5.8050,125.3410,3.0813
03/09/2014 00:00:00,2.5466,0.2993,16.4097,1.0000,0.0000,6.6778,251.3902,107.9501,7.9334,26.6431,1.5957,833.3333,258.6667,40.2499,53.1364,1.1194,6.0695,111.8962,2.8747
04/09/2014 00:00:00,2.1912,0.2986,16.2597,1.0000,0.0000,7.1082,254.7378,109.9888,7.8878,23.5206,1.4282,833.3333,258.6667,36.3217,41.4942,1.1228,6.3340,101.0059,2.6939
05/09/2014 00:00:00,1.9139,0.2979,16.1098,1.0000,0.0000,7.5386,258.0853,112.0275,7.7538,20.7381,1.2780,833.3333,258.6667,32.7380,30.8033,1.1118,6.5986,91.0669,2.5176
06/09/2014 00:00:00,2.2558,0.2972,15.9598,1.0000,0.0000,7.9689,261.4328,114.0662,7.9599,19.2544,1.2038,833.3333,258.6667,31.0746,25.4494,1.1471,6.8631,86.4648,2.4713
07/09/2014 00:00:00,4.4476,0.2965,15.8098,1.0000,0.0000,8.3993,264.7803,116.1050,9.4531,20.8248,1.2593,833.3333,258.6667,34.3622,33.8722,1.3034,7.1276,95.6395,2.6886
08/09/2014 00:00:00,5.8114,0.2958,15.6599,1.0000,0.0000,8.8296,268.1278,118.1437,11.0946,22.3900,1.3188,833.3333,258.6667,37.7757,42.6501,1.4721,7.3922,105.1694,2.9228
09/09/2014 00:00:00,5.8208,0.2950,15.5099,1.0000,0.0000,8.6987,271.4753,120.1824,13.4698,25.0276,1.3269,833.3333,258.6667,43.1789,56.9736,1.5879,7.2330,120.2448,3.0475
10/09/2014 00:00:00,3.6377,0.3080,15.6713,1.0000,0.0000,8.1999,272.1911,120.2333,13.4806,24.2454,1.2160,833.3333,258.6667,42.9286,56.4975,1.5286,6.7823,119.2264,2.8662
11/09/2014 00:00:00,2.8732,0.3277,16.0399,1.0000,0.0000,7.7011,271.1563,118.9628,11.7349,21.0754,1.1218,833.3333,258.6667,38.4289,44.8972,1.4638,6.3316,106.2236,2.6978
12/09/2014 00:00:00,2.3622,0.3474,16.4085,1.0000,0.0000,7.2024,270.1215,117.6923,10.7279,19.2371,1.0730,833.3333,258.6667,36.1761,39.5876,1.4520,5.8809,99.5115,2.6323
13/09/2014 00:00:00,2.0229,0.3671,16.7770,1.0000,0.0000,6.7036,269.0867,116.4219,9.2835,16.6189,0.9730,833.3333,258.6667,32.2834,29.8411,1.3646,5.4302,88.3626,2.4349
14/09/2014 00:00:00,1.7726,0.3868,17.1456,1.0000,0.0000,6.2048,268.0518,115.1514,8.2836,14.8019,0.9045,833.3333,258.6667,29.7537,23.9057,1.3137,4.9794,81.0246,2.3086
15/09/2014 00:00:00,1.6146,0.4065,17.5142,1.0000,0.0000,5.7061,267.0170,113.8809,7.6321,13.6106,0.8662,833.3333,258.6667,28.3645,21.1226,1.3019,4.5287,76.8390,2.2547
16/09/2014 00:00:00,1.4425,0.4262,17.8828,1.0000,0.0000,5.2073,265.9822,112.6105,6.8150,12.1269,0.8048,833.3333,258.6667,26.2560,16.4338,1.2509,4.0780,70.7477,2.1362
17/09/2014 00:00:00,1.3122,0.4178,17.8857,1.0000,0.0000,4.7086,260.9295,111.3400,6.1674,10.9482,0.7584,833.3333,258.6667,24.6835,13.2352,1.2182,3.6273,66.1466,2.0525
18/09/2014 00:00:00,1.2198,0.3905,17.6959,1.0000,0.0000,4.2098,253.7582,110.0695,5.6743,10.0462,0.7211,833.3333,258.6667,23.6462,11.5022,1.1963,3.1766,63.0112,1.9896
19/09/2014 00:00:00,1.1160,0.3632,17.5061,1.0000,0.0000,3.7110,246.5869,108.7991,5.2413,9.2522,0.6932,833.3333,258.6667,22.8005,10.3016,1.1871,2.7259,60.4080,1.9496
20/09/2014 00:00:00,1.0543,0.3359,17.3163,1.0000,0.0000,3.2123,239.4155,107.5286,4.9499,8.7088,0.6785,833.3333,258.6667,22.5419,10.6662,1.1987,2.2751,59.3701,1.9451
21/09/2014 00:00:00,0.9481,0.3086,17.1264,1.0000,0.0000,2.7135,232.2442,106.2581,4.5497,7.9751,0.6410,833.3333,258.6667,21.7603,9.6629,1.1679,1.8244,56.9643,1.8730
22/09/2014 00:00:00,8.3405,0.2814,16.9366,1.0000,0.0000,2.2147,225.0729,104.9877,7.3791,12.8801,1.0225,833.3333,258.6667,37.1996,50.8764,1.9201,1.3737,96.7753,3.0448
23/09/2014 00:00:00,2.9053,0.2541,16.7468,1.0000,0.0000,2.1627,217.9016,103.7172,9.1825,15.9508,1.0828,833.3333,258.6667,48.9940,82.1473,2.0948,1.2351,126.6436,3.2859
24/09/2014 00:00:00,2.3460,0.2525,16.9045,1.0000,0.0000,2.4484,216.6050,103.0517,7.7473,13.5926,0.9698,836.8734,259.3747,43.2322,66.9346,1.8882,1.2922,110.9026,2.9550
25/09/2014 00:00:00,1.9724,0.2652,17.2983,1.0000,0.0000,2.7342,219.3007,102.7977,6.5595,11.7520,0.8800,842.8216,260.5643,37.9106,52.4146,1.6972,1.3493,96.4489,2.6652
26/09/2014 00:00:00,1.7187,0.2779,17.6921,1.0000,0.0000,3.0199,221.9965,102.5436,5.7205,10.4727,0.8218,848.7699,261.7540,34.2636,42.3570,1.5698,1.4064,86.4575,2.4738
27/09/2014 00:00:00,4.2990,0.2906,18.0859,1.0000,0.0000,3.3056,224.6922,102.2896,5.8461,10.9442,0.8984,854.7181,262.9436,36.3134,46.7201,1.6995,1.4635,90.8870,2.6877
28/09/2014 00:00:00,5.3608,0.3033,18.4797,1.0000,0.0000,3.5913,227.3880,102.0356,6.7562,12.9436,1.0039,860.6664,264.1333,43.5539,63.8999,1.8802,1.5206,108.1330,2.9845
29/09/2014 00:00:00,3.9621,0.3159,18.8735,1.0000,0.0000,3.8771,230.0837,101.7816,7.6170,14.9461,1.0579,866.6146,265.3229,51.0004,81.3127,1.9613,1.5777,125.6121,3.1249
30/09/2014 00:00:00,2.8758,0.3286,19.2673,1.0000,0.0000,4.1628,232.7794,101.5276,7.9318,15.9543,1.1280,872.5629,266.5126,55.2053,90.5289,2.0697,1.6348,134.8946,3.3105
01/10/2014 00:00:00,2.1799,0.3413,19.6612,1.0000,0.0000,4.4485,235.4752,101.2735,6.4352,13.2812,1.0016,878.5111,267.7022,46.5994,68.5426,1.8186,1.6919,112.9745,2.9204
02/10/2014 00:00:00,1.8305,0.3419,19.7346,1.0000,0.0000,4.7343,236.9037,101.0195,5.0857,10.7801,0.8713,884.4594,268.8919,38.3524,47.7604,1.5651,1.7490,92.2587,2.5235
03/10/2014 00:00:00,1.5552,0.3359,19.5916,1.0000,0.0000,5.0200,237.4756,100.7655,4.2520,9.2666,0.7914,890.4076,270.0815,33.4275,35.2279,1.4062,1.8061,79.7924,2.2768
04/10/2014 00:00:00,1.4054,0.3299,19.4485,1.0000,0.0000,5.3057,238.0475,100.5115,3.7604,8.4354,0.7551,896.3559,271.2712,30.8523,28.4521,1.3268,1.8632,73.0829,2.1574
05/10/2014 00:00:00,2.9723,0.3239,19.3054,1.0000,0.0000,5.5914,238.6194,100.2575,3.9071,9.0324,0.8400,902.3041,272.4608,33.4947,34.0442,1.4593,1.9203,78.7414,2.3833
06/10/2014 00:00:00,3.8150,0.3179,19.1623,1.0000,0.0000,5.8772,239.1913,100.0035,4.3162,10.2965,0.9317,908.2524,273.6505,38.7110,45.5574,1.6001,1.9774,90.3208,2.6250
07/10/2014 00:00:00,2.0132,0.3119,19.0193,1.0000,0.0000,5.8374,239.7631,99.7494,5.1579,12.7149,1.0424,914.2006,274.8401,48.4641,67.4046,1.7692,1.9611,112.2342,2.9158
08/10/2014 00:00:00,1.6875,0.3194,18.9929,1.0000,0.0000,5.5521,238.8137,98.0009,4.2050,10.6690,0.9132,902.6747,272.5349,40.6696,49.5145,1.5627,1.8969,93.7332,2.5673
09/10/2014 00:00:00,2.0258,0.3346,19.0491,1.0000,0.0000,5.2669,236.7887,95.1941,3.6143,9.4160,0.8385,878.7739,267.7548,35.5402,38.5338,1.4678,1.8327,81.6620,2.3902
10/10/2014 00:00:00,1.3370,0.3498,19.1052,1.0000,0.0000,4.9816,234.7637,92.3872,3.3459,8.9645,0.7791,854.8731,262.9746,33.4896,34.6649,1.3957,1.7684,76.7025,2.2527
11/10/2014 00:00:00,1.1954,0.3650,19.1614,1.0000,0.0000,4.6964,232.7387,89.5804,2.9564,8.1607,0.7134,830.9723,258.1945,30.1606,27.8958,1.3085,1.7042,68.8430,2.0933
12/10/2014 00:00:00,1.0914,0.3802,19.2175,1.0000,0.0000,4.4111,230.7137,86.7735,2.6892,7.6625,0.6699,807.0715,253.4143,28.0032,23.8314,1.2585,1.6399,63.6880,1.9954
13/10/2014 00:00:00,1.0037,0.3954,19.2737,1.0000,0.0000,4.1259,228.6887,83.9667,2.4829,7.3189,0.6341,783.1707,248.6341,26.4352,21.1255,1.2209,1.5757,59.8915,1.9185
14/10/2014 00:00:00,0.9218,0.4106,19.3299,1.0000,0.0000,3.8406,226.6637,81.1598,2.3124,7.0686,0.6026,759.2699,243.8540,25.2189,19.2274,1.1896,1.5114,56.9029,1.8525
15/10/2014 00:00:00,0.8173,0.4194,19.3582,1.0000,0.0000,3.5554,228.2561,78.3529,2.1356,6.7885,0.5620,735.3691,239.0738,23.9095,17.1292,1.1381,1.4472,53.7142,1.7563
16/10/2014 00:00:00,0.7149,0.4238,19.3711,1.0000,0.0000,3.2701,231.8710,75.5461,2.0212,6.7015,0.5351,711.4682,234.2936,23.2857,16.5757,1.1123,1.3829,52.0701,1.7010
17/10/2014 00:00:00,0.6593,0.4281,19.3839,1.0000,0.0000,2.9849,235.4859,72.7392,1.9606,6.8042,0.5268,687.5674,229.5135,23.3089,17.4591,1.1245,1.3187,51.8630,1.7040
18/10/2014 00:00:00,0.9223,0.4325,19.3968,1.0000,0.0000,2.6996,239.1008,69.9324,2.0686,7.5443,0.5658,663.6666,224.7333,25.4603,23.0346,1.2411,1.2545,56.3480,1.8635
19/10/2014 00:00:00,1.6384,0.4368,19.4097,1.0000,0.0000,2.4144,242.7157,67.1255,2.3326,8.9819,0.6378,639.7658,219.9532,29.8377,33.4345,1.4386,1.1902,65.6574,2.1402
20/10/2014 00:00:00,1.4922,0.4412,19.4225,1.0000,0.0000,2.1292,246.3307,64.3187,2.2663,9.2628,0.6559,615.8650,215.1730,30.2630,35.0489,1.5222,1.1260,66.1812,2.2437
21/10/2014 00:00:00,0.7434,0.4455,19.4354,1.0000,0.0000,2.0390,249.9456,61.5118,1.8849,8.2298,0.5619,591.9642,210.3928,26.4191,27.3466,1.3428,1.1298,57.3883,1.9609
22/10/2014 00:00:00,0.7008,0.4458,19.5961,1.0000,0.0000,2.1104,249.3387,60.9857,1.7834,8.0814,0.5497,587.1383,209.4277,26.3001,27.2403,1.3446,1.1799,56.9306,1.9493
23/10/2014 00:00:00,1.1006,0.4431,19.8403,1.0000,0.0000,2.1817,246.3483,61.7487,1.8472,8.5302,0.5957,593.0939,210.6188,28.6626,32.1992,1.4851,1.2299,61.9558,2.1404
24/10/2014 00:00:00,0.6656,0.4405,20.0846,1.0000,0.0000,2.2530,243.3579,62.5117,1.6129,7.5992,0.5383,599.0496,211.8099,26.3715,27.1010,1.3668,1.2799,56.9239,1.9590
25/10/2014 00:00:00,0.5834,0.4379,20.3288,1.0000,0.0000,2.3244,240.3675,63.2747,1.5034,7.2359,0.5211,605.0052,213.0010,25.9416,26.0301,1.3466,1.3300,55.9193,1.9198
26/10/2014 00:00:00,0.8167,0.4353,20.5730,1.0000,0.0000,2.3957,237.3771,64.0377,1.5022,7.3968,0.5445,610.9608,214.1922,27.4046,29.0385,1.4309,1.3800,58.9940,2.0298
27/10/2014 00:00:00,0.6164,0.4327,20.8173,1.0000,0.0000,2.4670,234.3867,64.8007,1.3840,6.9828,0.5287,616.9165,215.3833,26.7448,27.4763,1.4124,1.4300,57.4981,1.9940
28/10/2014 00:00:00,0.5590,0.4301,21.0615,1.0000,0.0000,2.5383,231.3963,65.5637,1.2950,6.7066,0.5209,622.8721,216.5744,26.5642,26.9485,1.4134,1.4801,57.0366,1.9864
29/10/2014 00:00:00,0.5254,0.4349,21.1910,1.0000,0.0000,2.6097,228.0324,66.3267,1.2224,6.5112,0.5178,628.8277,217.7655,26.6820,27.0631,1.4265,1.5301,57.2175,1.9960
30/10/2014 00:00:00,0.4929,0.4447,21.2554,1.0000,0.0000,2.6810,224.4563,67.0897,1.1357,6.2355,0.5072,634.7834,218.9567,26.4467,26.4225,1.4179,1.5801,56.6432,1.9757
31/10/2014 00:00:00,0.9816,0.4545,21.3198,1.0000,0.0000,2.7523,220.8801,67.8527,1.1951,6.7806,0.5775,640.7390,220.1478,29.7791,33.4165,1.6375,1.6302,63.7035,2.2727
01/11/2014 00:00:00,0.4488,0.4644,21.3842,1.0000,0.0000,2.8237,217.3040,68.6157,0.9963,5.8576,0.5053,646.6946,221.3389,26.6508,26.5908,1.4525,1.6802,56.9441,2.0084
02/11/2014 00:00:00,0.4007,0.4742,21.4485,1.0000,0.0000,2.8950,213.7278,69.3787,0.9227,5.6402,0.4973,652.6503,222.5301,26.5985,26.3470,1.4486,1.7303,56.7665,1.9957
03/11/2014 00:00:00,0.5839,0.4840,21.5129,1.0000,0.0000,2.9663,210.1516,70.1417,0.8691,5.5435,0.4866,658.6059,223.7212,27.1120,27.3108,1.4357,1.7803,57.7967,1.9710
04/11/2014 00:00:00,0.3796,0.4939,21.5773,1.0000,0.0000,3.1134,206.5755,70.9047,0.7869,5.2613,0.4898,664.5615,224.9123,26.7018,26.3067,1.4630,2.0164,56.8589,2.0018
05/11/2014 00:00:00,0.3585,0.5004,21.7801,1.0000,0.0000,3.3282,205.7958,69.8063,0.7869,5.1293,0.4904,661.3275,224.2655,26.7542,26.2297,1.4552,2.3734,56.6462,1.9946
06/11/2014 00:00:00,0.3330,0.5047,22.0586,1.0000,0.0000,3.5431,206.5429,67.6904,0.8210,5.0092,0.4916,653.0693,222.6139,26.7223,25.9375,1.4333,2.7303,56.1080,1.9741
07/11/2014 00:00:00,2.0949,0.5090,22.3371,1.0000,0.0000,3.7579,207.2901,65.5744,1.1417,6.5243,0.6559,644.8111,220.9622,35.6247,44.2405,1.8774,3.0873,74.1649,2.5989
08/11/2014 00:00:00,0.3980,0.5132,22.6155,1.0000,0.0000,3.9728,208.0372,63.4584,0.9719,5.2035,0.5604,636.5529,219.3106,29.1069,30.3927,1.5735,3.4443,60.0710,2.1900
09/11/2014 00:00:00,0.3490,0.5175,22.8940,1.0000,0.0000,4.1876,208.7844,61.3424,0.9991,5.0133,0.5470,628.2947,217.6589,28.7527,29.3834,1.5052,3.8012,58.8157,2.1069
10/11/2014 00:00:00,0.5089,0.5218,23.1725,1.0000,0.0000,4.4025,209.5315,59.2264,1.1136,5.2377,0.5831,620.0365,216.0073,30.8299,33.3096,1.5708,4.1582,62.4958,2.2122
11/11/2014 00:00:00,0.4165,0.5261,23.4509,1.0000,0.0000,4.6173,210.2787,57.1104,1.0569,4.6596,0.5280,611.7783,214.3557,28.1768,27.6515,1.3907,4.5152,56.5917,1.9715
12/11/2014 00:00:00,0.3113,0.5287,23.6423,1.0000,0.0000,4.8322,211.5136,54.9945,1.1388,4.7055,0.5668,603.5201,212.7040,29.2635,29.5273,1.4583,4.8721,58.2215,2.0817
13/11/2014 00:00:00,0.3067,0.5304,23.7583,1.0000,0.0000,5.0470,213.1700,52.8785,1.1748,4.5483,0.5674,595.2619,211.0524,29.1240,28.9391,1.4241,5.2291,57.3872,2.0483
14/11/2014 00:00:00,0.2787,0.5321,23.8743,1.0000,0.0000,5.2619,214.8264,50.7625,1.2228,4.4338,0.5744,587.0036,209.4007,29.2685,28.9036,1.4043,5.5861,57.1057,2.0362
15/11/2014 00:00:00,0.2690,0.5337,23.9904,1.0000,0.0000,5.4767,216.4828,50.0428,1.2699,4.2646,0.5853,585.9182,209.1836,29.2406,28.8302,1.3856,5.9430,56.9422,2.0293
16/11/2014 00:00:00,0.2542,0.5354,24.1064,1.0000,0.0000,5.6916,218.1393,50.4402,1.3054,4.0273,0.5944,590.5710,210.1142,28.8652,28.3192,1.3587,6.3000,56.4659,2.0126
17/11/2014 00:00:00,0.2411,0.5371,24.2224,1.0000,0.0000,5.9064,219.7957,50.8376,1.3406,3.8009,0.6031,595.2238,211.0448,28.5221,27.8625,1.3331,6.6570,56.0439,1.9965
18/11/2014 00:00:00,0.2294,0.5388,24.3385,1.0000,0.0000,6.0403,221.4521,51.2350,1.3738,3.5798,0.6112,599.8766,211.9753,28.1731,27.3859,1.3078,6.8257,55.6020,1.9802
19/11/2014 00:00:00,0.2318,0.5415,24.1361,1.0000,0.0000,6.1116,220.9280,51.6324,1.3945,3.3390,0.6114,604.5294,212.9059,27.6115,26.4793,1.2678,6.8686,54.7301,1.9402
20/11/2014 00:00:00,0.2167,0.5446,23.6794,1.0000,0.0000,6.1829,218.6629,52.0298,1.4564,3.2025,0.6360,609.1821,213.8364,27.8839,27.2209,1.2795,6.9114,55.5064,1.9791
21/11/2014 00:00:00,0.9226,0.5478,23.2228,1.0000,0.0000,6.2543,216.3977,52.4272,1.7048,3.4398,0.6973,613.8349,214.7670,31.6057,34.8603,1.3625,6.9543,63.1805,2.1295
22/11/2014 00:00:00,0.3159,0.5509,22.7661,1.0000,0.0000,6.3256,214.1326,52.8246,1.5521,2.8702,0.6681,618.4877,215.6975,27.9000,27.6498,1.2690,6.9972,56.0048,2.0039
23/11/2014 00:00:00,0.2304,0.5540,22.3095,1.0000,0.0000,6.3970,211.8674,53.2220,1.6284,2.7556,0.6995,623.1405,216.6281,28.4156,28.8841,1.2929,7.0400,57.2737,2.0624
24/11/2014 00:00:00,0.2458,0.5572,21.8528,1.0000,0.0000,6.4683,209.6023,53.6194,1.6584,2.5631,0.7109,627.7933,217.5587,28.1249,28.4927,1.2796,7.0829,56.9170,2.0616
25/11/2014 00:00:00,0.1975,0.5603,21.3962,1.0000,0.0000,6.5396,207.3371,54.0167,1.6664,2.3466,0.7036,632.4461,218.4892,27.4943,27.4040,1.2342,7.1258,55.8630,2.0082
26/11/2014 00:00:00,0.1829,0.5496,21.3047,1.0000,0.0000,6.6110,206.0933,54.4141,1.6218,2.0748,0.6734,637.0989,219.4198,26.0598,24.6631,1.1521,7.1686,53.1568,1.8929
27/11/2014 00:00:00,2.4211,0.5302,21.4031,1.0000,0.0000,6.6823,205.3804,54.8115,2.2699,2.6288,0.8705,641.7516,220.3503,35.5527,44.2736,1.4535,7.2115,72.8021,2.4110
28/11/2014 00:00:00,0.6688,0.5108,21.5015,1.0000,0.0000,6.7536,204.6674,55.2089,1.8858,1.9687,0.7562,646.4044,221.2809,28.8162,30.6705,1.2332,7.2544,59.2337,2.0650
29/11/2014 00:00:00,0.3024,0.4914,21.5999,1.0000,0.0000,6.8250,203.9544,55.6063,1.8812,1.7612,0.7701,651.0572,222.2114,28.0674,29.3147,1.2273,7.2972,57.9126,2.0744
30/11/2014 00:00:00,0.2721,0.4721,21.6983,1.0000,0.0000,6.8963,203.2414,56.0037,1.8604,1.5523,0.7549,655.7100,223.1420,27.1227,27.5396,1.1765,7.3401,56.1721,2.0069
01/12/2014 00:00:00,0.2489,0.4527,21.7967,1.0000,0.0000,6.9677,202.5285,56.4011,1.8550,1.3691,0.7466,660.3628,224.0726,26.4464,26.3060,1.1384,7.3830,54.9732,1.9596
02/12/2014 00:00:00,0.2477,0.4333,21.8951,1.0000,0.0000,6.9610,201.8155,56.7985,1.8805,1.2161,0.7495,665.0156,225.0031,26.2349,26.0299,1.1188,7.7697,54.7319,1.9433
03/12/2014 00:00:00,0.2219,0.4261,21.9365,1.0000,0.0000,6.8896,200.2064,57.1036,1.7837,1.1082,0.7114,670.5087,226.1017,25.5677,25.1719,1.1410,8.3831,54.0146,1.9235
04/12/2014 00:00:00,0.2069,0.4272,21.9465,1.0000,0.0000,6.8183,198.1044,57.3579,1.6408,1.0354,0.6572,676.4640,227.2928,24.8493,24.3514,1.1775,8.9965,53.3932,1.9004
05/12/2014 00:00:00,0.1901,0.4283,21.9565,1.0000,0.0000,6.7469,196.0023,57.6122,1.5010,0.9633,0.6069,682.4194,228.4839,24.0616,23.3076,1.2009,9.6098,52.5485,1.8685
06/12/2014 00:00:00,0.2032,0.4294,21.9665,1.0000,0.0000,6.6756,193.9003,57.8665,1.4344,0.9373,0.5920,688.3747,229.6749,24.3879,24.6608,1.2812,10.2232,54.1007,1.9324
07/12/2014 00:00:00,0.1865,0.4305,21.9765,1.0000,0.0000,6.6042,191.7983,58.1209,1.3111,0.8737,0.5527,694.3300,230.8660,23.6960,23.7241,1.2981,10.8366,53.3632,1.9061
08/12/2014 00:00:00,0.1711,0.4316,21.9866,1.0000,0.0000,6.5328,189.6963,58.3752,1.1902,0.8102,0.5149,700.2854,232.0571,22.9232,22.5389,1.3038,11.4500,52.3770,1.8702
09/12/2014 00:00:00,0.1572,0.4326,21.9966,1.0000,0.0000,6.4615,187.5942,58.6295,1.0780,0.7510,0.4821,706.2407,233.2481,22.1866,21.3707,1.3086,12.0633,51.4079,1.8389
10/12/2014 00:00:00,0.1519,0.4384,22.0047,1.0000,0.0000,6.3901,187.9020,58.8838,0.9895,0.7070,0.4599,712.1960,234.4392,21.8282,21.0281,1.3314,12.6767,51.2644,1.8373
11/12/2014 00:00:00,0.1407,0.4471,22.0118,1.0000,0.0000,6.3187,189.4633,59.1381,0.8921,0.6554,0.4335,718.1514,235.6303,21.1687,19.9319,1.3328,13.2901,50.3673,1.8096
12/12/2014 00:00:00,0.1266,0.4559,22.0190,1.0000,0.0000,6.2474,191.0245,59.3925,0.7925,0.6004,0.4049,724.1067,236.8213,20.3107,18.3034,1.3174,13.9035,48.9379,1.7628
13/12/2014 00:00:00,0.1168,0.4646,22.0261,1.0000,0.0000,6.1760,192.5858,59.6468,0.7083,0.5552,0.3828,730.0620,238.0124,19.6955,17.2031,1.3134,14.5168,48.0367,1.7345
14/12/2014 00:00:00,0.1112,0.4734,22.0332,1.0000,0.0000,6.1047,194.1470,59.9011,0.6375,0.5191,0.3669,736.0174,239.2035,19.3345,16.6819,1.3235,15.1302,47.7145,1.7271
15/12/2014 00:00:00,0.1064,0.4821,22.0404,1.0000,0.0000,6.0333,195.7083,60.1554,0.5718,0.4860,0.3530,741.9727,240.3945,19.0305,16.2708,1.3354,15.7436,47.5025,1.7237
16/12/2014 00:00:00,0.1049,0.4908,22.0475,1.0000,0.0000,5.9619,197.2695,60.4097,0.5149,0.4595,0.3440,747.9280,241.5856,18.9468,16.3878,1.3614,15.8335,47.8185,1.7399
17/12/2014 00:00:00,0.1020,0.4969,22.1114,1.0000,0.0000,5.8905,198.2194,59.8357,0.5235,0.4607,0.3341,738.3643,239.6729,18.9330,16.5084,1.3776,15.5474,47.8580,1.7451
18/12/2014 00:00:00,0.0965,0.5012,22.2055,1.0000,0.0000,5.8191,198.8433,58.8197,0.5633,0.4734,0.3207,720.5204,236.1041,18.8238,16.2991,1.3796,15.2612,47.4181,1.7323
19/12/2014 00:00:00,0.0873,0.5055,22.2996,1.0000,0.0000,5.7476,199.4672,57.8036,0.5938,0.4784,0.3017,702.6766,232.5353,18.4138,15.3334,1.3583,14.9751,46.2218,1.6901
20/12/2014 00:00:00,0.0821,0.5098,22.3937,1.0000,0.0000,5.6762,200.0911,56.7876,0.6319,0.4897,0.2867,684.8327,228.9665,18.2515,14.9910,1.3556,14.6890,45.6488,1.6709
21/12/2014 00:00:00,0.0736,0.5141,22.4879,1.0000,0.0000,5.6048,200.7150,55.7716,0.6583,0.4922,0.2661,666.9888,225.3978,17.7708,13.8547,1.3270,14.4029,44.2819,1.6197
22/12/2014 00:00:00,0.0732,0.5184,22.5820,1.0000,0.0000,5.5334,201.3389,54.7556,0.7117,0.5148,0.2565,649.1450,221.8290,18.0072,14.5041,1.3556,14.1167,44.7006,1.6378
23/12/2014 00:00:00,0.0671,0.5227,22.6761,1.0000,0.0000,5.4619,201.9628,53.7396,0.7414,0.5200,0.2371,631.3011,218.2602,17.6312,13.6306,1.3348,13.8306,43.5965,1.5956
24/12/2014 00:00:00,0.0618,0.5262,22.9368,1.0000,0.0000,5.3905,200.3874,52.7235,0.7710,0.5255,0.2178,613.4572,214.6915,17.2734,12.8059,1.3148,13.5445,42.5412,1.5544
25/12/2014 00:00:00,0.0559,0.5290,23.2911,1.0000,0.0000,5.3191,197.5743,51.7075,0.7932,0.5262,0.1965,595.6134,211.1227,16.7756,11.6409,1.2815,13.2584,41.1456,1.4976
26/12/2014 00:00:00,0.0520,0.5319,23.6455,1.0000,0.0000,5.2477,194.7611,50.6915,0.8231,0.5325,0.1778,577.7695,207.5539,16.4678,10.9464,1.2643,12.9722,40.2205,1.4599
27/12/2014 00:00:00,0.0493,0.5348,23.9998,1.0000,0.0000,5.1762,191.9480,49.6755,0.8606,0.5437,0.1607,559.9257,203.9851,16.3147,10.6306,1.2606,12.6861,39.6740,1.4374
28/12/2014 00:00:00,0.0469,0.5376,24.3542,1.0000,0.0000,5.1048,189.1349,48.6595,0.9013,0.5569,0.1438,542.0818,200.4164,16.2155,10.4444,1.2621,12.4000,39.2572,1.4203
29/12/2014 00:00:00,0.0453,0.5405,24.7086,1.0000,0.0000,5.0334,186.3218,47.6434,0.9488,0.5740,0.1273,524.2379,196.8476,16.2249,10.5182,1.2739,12.1139,39.1004,1.4139
30/12/2014 00:00:00,0.0435,0.5433,25.0629,1.0000,0.0000,5.0762,183.5087,46.6274,0.9948,0.5900,0.1097,506.3941,193.2788,16.1910,10.4837,1.2827,11.7380,38.8353,1.4033
31/12/2014 00:00:00,0.0400,0.5446,25.3239,1.0000,0.0000,5.2192,183.1877,45.6759,1.0111,0.5886,0.1153,500.0000,192.0000,15.8432,9.2230,1.2253,11.3030,37.6058,1.3521
01/01/2015 00:00:00,0.0390,0.5449,25.5326,1.0000,0.0000,5.3621,184.2598,44.7603,1.0595,0.6058,0.1407,500.0000,192.0000,16.0924,9.1183,1.2008,10.8679,37.6785,1.3555
02/01/2015 00:00:00,0.0398,0.5451,25.7413,1.0000,0.0000,5.5051,185.3319,43.8448,1.1346,0.6378,0.1715,500.0000,192.0000,16.7251,9.8873,1.2070,10.4328,38.6248,1.3956
03/01/2015 00:00:00,0.0405,0.5453,25.9500,1.0000,0.0000,5.6481,186.4040,42.9292,1.2113,0.6701,0.2044,500.0000,192.0000,17.3488,10.5998,1.2085,9.9977,39.5147,1.4334
04/01/2015 00:00:00,0.0399,0.5455,26.1587,1.0000,0.0000,5.7911,187.4762,42.0137,1.2700,0.6919,0.2353,500.0000,192.0000,17.6915,10.6459,1.1847,9.5626,39.7382,1.4436
05/01/2015 00:00:00,0.0378,0.5458,26.3674,1.0000,0.0000,5.9341,188.5483,41.0981,1.3006,0.6982,0.2609,500.0000,192.0000,17.6375,9.7961,1.1299,9.1275,39.0657,1.4169
06/01/2015 00:00:00,0.0342,0.5460,26.5761,1.0000,0.0000,6.0771,189.6204,40.1825,1.2985,0.6874,0.2785,500.0000,192.0000,17.1585,8.0257,1.0457,8.6924,37.4727,1.3521
07/01/2015 00:00:00,0.0556,0.5463,26.3823,1.0000,0.0000,6.2201,189.4230,39.2670,1.2134,0.6339,0.2163,500.0000,192.0000,15.6371,4.0447,0.7080,8.2573,33.6691,0.9459
08/01/2015 00:00:00,0.0308,0.5466,25.9678,1.0000,0.0000,6.3631,188.5298,38.3514,1.3560,0.6993,0.3282,500.0000,192.0000,17.0551,6.3998,0.9408,7.8222,36.2015,1.3018
09/01/2015 00:00:00,0.0288,0.5470,25.5534,1.0000,0.0000,6.5061,187.6366,37.4359,1.3690,0.6974,0.3486,500.0000,192.0000,16.8180,5.2097,0.8776,7.3872,35.1888,1.2610
10/01/2015 00:00:00,0.0276,0.5474,25.1389,1.0000,0.0000,6.6491,186.7434,36.5203,1.4025,0.7062,0.3750,500.0000,192.0000,16.8414,4.5750,0.8306,6.9521,34.7315,1.2432
11/01/2015 00:00:00,0.0264,0.5478,24.7245,1.0000,0.0000,6.7921,185.8501,35.6048,1.4368,0.7153,0.4021,500.0000,192.0000,16.8744,3.9621,0.7839,6.5170,34.2960,1.2262
12/01/2015 00:00:00,0.0253,0.5481,24.3100,1.0000,0.0000,6.9351,184.9569,34.6892,1.4677,0.7228,0.4284,500.0000,192.0000,16.8706,3.2775,0.7350,6.0819,33.7888,1.2062
13/01/2015 00:00:00,0.0239,0.5485,23.8955,1.0000,0.0000,7.0727,184.0637,33.7737,1.4879,0.7252,0.4512,500.0000,192.0000,16.7496,2.3655,0.6803,6.2147,33.0541,1.1766
14/01/2015 00:00:00,0.0240,0.5497,24.0091,1.0000,0.0000,7.2059,181.6891,34.1601,1.4878,0.7463,0.4685,500.0000,192.0000,17.0574,2.7470,0.6817,6.7554,33.5149,1.1970
15/01/2015 00:00:00,0.0239,0.5515,24.4086,1.0000,0.0000,7.3390,178.5128,35.2518,1.4439,0.7619,0.4711,500.0000,192.0000,17.2338,3.1116,0.6964,7.2961,33.9056,1.2146
16/01/2015 00:00:00,0.0236,0.5533,24.8080,1.0000,0.0000,7.4722,175.3366,36.3436,1.3883,0.7715,0.4692,500.0000,192.0000,17.2759,3.2125,0.7048,7.8368,34.0326,1.2210
17/01/2015 00:00:00,0.0227,0.5550,25.2074,1.0000,0.0000,7.6054,172.1603,37.4353,1.3111,0.7685,0.4584,500.0000,192.0000,17.0360,2.7568,0.6998,8.3775,33.6031,1.2041
18/01/2015 00:00:00,0.0225,0.5568,25.6068,1.0000,0.0000,7.7385,168.9840,38.5271,1.2585,0.7791,0.4572,500.0000,192.0000,17.1024,2.9045,0.7094,8.9182,33.7770,1.2124
19/01/2015 00:00:00,0.0225,0.5586,26.0062,1.0000,0.0000,7.8717,165.8077,39.6188,1.2156,0.7961,0.4602,500.0000,192.0000,17.3067,3.3251,0.7259,9.4589,34.2237,1.2322
20/01/2015 00:00:00,0.0224,0.5603,26.4056,1.0000,0.0000,8.0049,162.6314,40.7105,1.1672,0.8101,0.4610,500.0000,192.0000,17.4445,3.6147,0.7392,9.9996,34.5394,1.2463
21/01/2015 00:00:00,0.0217,0.5586,26.4430,1.0000,0.0000,8.1380,163.4528,41.8023,1.0983,0.8095,0.4522,500.0000,192.0000,17.2687,3.2830,0.7372,10.5403,34.2338,1.2346
22/01/2015 00:00:00,0.0211,0.5546,26.2969,1.0000,0.0000,8.2712,166.3020,42.8940,1.0368,0.8132,0.4463,500.0000,192.0000,17.1875,3.1380,0.7397,11.0810,34.1150,1.2306
23/01/2015 00:00:00,0.0217,0.5507,26.1508,1.0000,0.0000,8.4044,169.1512,43.9858,1.0002,0.8369,0.4525,500.0000,192.0000,17.5287,3.8317,0.7627,11.6217,34.8348,1.2604
24/01/2015 00:00:00,0.0206,0.5468,26.0047,1.0000,0.0000,8.5375,172.0004,45.0775,0.9289,0.8314,0.4412,500.0000,192.0000,17.2583,3.3096,0.7564,12.1624,34.3389,1.2418
25/01/2015 00:00:00,0.0205,0.5429,25.8585,1.0000,0.0000,8.6707,174.8496,46.1693,0.8767,0.8419,0.4396,500.0000,192.0000,17.3247,3.4571,0.7665,12.7031,34.5125,1.2500
26/01/2015 00:00:00,0.0190,0.5390,25.7124,1.0000,0.0000,8.8039,177.6988,47.2610,0.7924,0.8193,0.4181,500.0000,192.0000,16.7134,2.2531,0.7417,13.2438,33.3346,1.2016
27/01/2015 00:00:00,0.0172,0.5351,25.5663,1.0000,0.0000,8.9370,180.5480,48.3528,0.7029,0.7856,0.3907,500.0000,192.0000,15.8892,0.6207,0.7052,13.7845,31.7283,1.1350
28/01/2015 00:00:00,0.0153,0.5311,25.4201,1.0000,0.0000,8.8782,183.3972,49.4445,0.6105,0.7409,0.3577,500.0000,192.0000,14.8597,0.0000,0.6569,13.9537,29.7074,1.0503
29/01/2015 00:00:00,1.1508,0.5127,25.1451,1.0000,0.0000,8.6472,184.7845,49.4641,1.4628,1.7136,0.7488,495.8084,191.1617,34.3503,37.8175,1.4108,13.8767,68.9131,2.2345
30/01/2015 00:00:00,0.5890,0.4848,24.8026,1.0000,0.0000,8.4162,185.4079,48.9168,1.4225,1.5183,0.6022,489.4009,189.8802,30.5437,30.5443,1.1689,13.7997,61.5678,1.8313
31/01/2015 00:00:00,0.0153,0.4569,24.4601,1.0000,0.0000,8.1852,186.0313,48.3695,0.7736,0.7571,0.3569,482.9934,188.5987,15.2860,0.0088,0.7135,13.7227,30.9601,1.1061
01/02/2015 00:00:00,0.0154,0.4290,24.1177,1.0000,0.0000,7.9542,186.6547,47.8223,0.8449,0.7624,0.3569,476.5859,187.3172,15.4496,0.5632,0.7347,13.6457,31.4424,1.1272
02/02/2015 00:00:00,1.1861,0.4011,23.7752,1.0000,0.0000,7.7232,187.2782,47.2750,1.6981,1.4194,0.5910,470.1783,186.0357,28.8699,28.2333,1.2528,13.5688,59.0403,1.9029
03/02/2015 00:00:00,2.6562,0.3733,23.4327,1.0000,0.0000,7.4921,187.9016,46.7278,2.3375,1.8173,0.7366,463.7708,184.7542,37.1041,45.5160,1.6073,13.4918,76.2508,2.4176
04/02/2015 00:00:00,0.4378,0.3556,23.6514,1.0000,0.0000,7.2611,186.6625,46.1805,1.5823,1.1484,0.4614,457.3633,183.4727,23.5361,17.9435,1.0362,13.4148,48.6062,1.5438
05/02/2015 00:00:00,0.0237,0.3451,24.1834,1.0000,0.0000,7.0301,184.3831,45.6332,1.2692,0.8626,0.3935,450.9558,182.1912,17.7487,6.2455,0.9094,13.3378,36.8361,1.3423
06/02/2015 00:00:00,0.0220,0.3346,24.7154,1.0000,0.0000,6.7991,182.1038,45.0860,1.3592,0.8676,0.3945,444.5483,180.9097,17.9219,6.8631,0.9382,13.2608,37.3814,1.3721
07/02/2015 00:00:00,0.0213,0.3241,25.2475,1.0000,0.0000,6.5681,179.8244,44.5387,1.4301,0.8595,0.3876,438.1408,179.6282,17.8261,6.9225,0.9482,13.1838,37.3687,1.3746
08/02/2015 00:00:00,0.0206,0.3136,25.7795,1.0000,0.0000,6.3371,177.5450,43.9915,1.4891,0.8445,0.3767,431.7332,178.3466,17.5882,6.6830,0.9480,13.1068,37.0571,1.3624
09/02/2015 00:00:00,0.0200,0.3031,26.3115,1.0000,0.0000,6.1060,175.2656,43.4442,1.5484,0.8304,0.3664,425.3257,177.0651,17.3665,6.4747,0.9485,13.0298,36.7766,1.3515
10/02/2015 00:00:00,0.0188,0.2926,26.8436,1.0000,0.0000,6.0773,172.9862,42.8969,1.5832,0.8044,0.3505,418.9182,175.7836,16.8946,5.7316,0.9331,12.6591,35.9613,1.3186
11/02/2015 00:00:00,0.0175,0.2907,26.7355,1.0000,0.0000,6.2201,173.5230,43.6945,1.5877,0.7656,0.3499,420.5299,176.1060,16.3156,4.4399,0.8891,12.1025,34.8700,1.2740
12/02/2015 00:00:00,0.0170,0.2946,26.2821,1.0000,0.0000,6.3629,175.5788,45.2207,1.6241,0.7444,0.3692,426.4862,177.2972,16.1875,3.9356,0.8621,11.5459,34.7135,1.2682
13/02/2015 00:00:00,0.0196,0.2985,25.8288,1.0000,0.0000,6.5057,177.6347,46.7468,1.7951,0.7832,0.4241,432.4424,178.4885,17.3793,6.2672,0.9130,10.9893,37.3930,1.3795
14/02/2015 00:00:00,0.0223,0.3025,25.3754,1.0000,0.0000,6.6485,179.6906,48.2730,1.7569,0.7306,0.4282,438.3986,179.6797,16.5447,4.2392,0.8522,10.4327,35.7128,1.3232
15/02/2015 00:00:00,0.0190,0.3064,24.9221,1.0000,0.0000,6.7913,181.7464,49.7991,1.8821,0.7469,0.4687,444.3548,180.8710,17.2598,5.5531,0.8644,9.8761,37.3746,1.3800
16/02/2015 00:00:00,0.0172,0.3103,24.4687,1.0000,0.0000,6.9341,183.8023,51.3253,1.8507,0.7016,0.4699,450.3110,182.0622,16.5470,3.7732,0.8048,9.3195,35.9425,1.3217
17/02/2015 00:00:00,0.0172,0.3142,24.0153,1.0000,0.0000,7.0769,185.8581,52.8514,1.8992,0.6886,0.4935,456.2673,183.2535,16.5742,3.5939,0.7864,8.7630,36.1111,1.3293
18/02/2015 00:00:00,0.0190,0.3187,23.7999,1.0000,0.0000,7.2197,187.0321,54.3775,2.0408,0.7083,0.5448,462.2235,184.4447,17.4000,5.1581,0.8090,8.2064,38.0232,1.4082
19/02/2015 00:00:00,0.0184,0.3236,23.7085,1.0000,0.0000,7.3625,187.7463,55.9037,2.0620,0.6857,0.5611,468.1797,185.6359,17.1918,4.4646,0.7774,7.6498,37.6776,1.3947
20/02/2015 00:00:00,0.0170,0.3284,23.6170,1.0000,0.0000,7.5053,188.4606,57.4298,2.0433,0.6515,0.5652,474.1359,186.8272,16.6746,3.0878,0.7315,7.0932,36.6486,1.3531
21/02/2015 00:00:00,0.0175,0.3333,23.5256,1.0000,0.0000,7.6481,189.1749,58.9560,2.1194,0.6485,0.5982,480.0922,188.0184,16.9415,3.4306,0.7239,6.5366,37.3393,1.3820
22/02/2015 00:00:00,0.0173,0.3382,23.4342,1.0000,0.0000,7.7909,189.8892,60.4821,2.1554,0.6333,0.6191,486.0484,189.2097,16.8898,3.0709,0.7010,5.9800,37.3275,1.3820
23/02/2015 00:00:00,0.0165,0.3430,23.3428,1.0000,0.0000,7.9337,190.6035,62.0083,2.1560,0.6087,0.6286,492.0046,190.4009,16.5743,2.1241,0.6665,5.4234,36.7286,1.3580
24/02/2015 00:00:00,0.0147,0.3479,23.2513,1.0000,0.0000,8.1148,191.3177,63.5344,2.0912,0.5676,0.6162,497.9608,191.5922,15.7812,0.1108,0.6120,5.2599,35.0631,1.2898
25/02/2015 00:00:00,0.0143,0.3524,23.1839,1.0000,0.0000,8.3292,190.4602,64.2226,2.1326,0.5713,0.6148,496.1197,191.2239,15.6463,0.0219,0.6038,5.3599,34.8161,1.2801
26/02/2015 00:00:00,0.0139,0.3567,23.1290,1.0000,0.0000,8.5436,188.7833,64.4746,2.1685,0.5809,0.5984,490.2195,190.0439,15.3866,0.0000,0.5978,5.4600,34.2717,1.2560
27/02/2015 00:00:00,0.0219,0.3609,23.0741,1.0000,0.0000,8.7580,187.1063,64.7266,2.0715,0.5550,0.4452,484.3192,188.8638,14.2142,0.0000,0.4525,5.5601,31.6922,0.9422
28/02/2015 00:00:00,0.0148,0.3652,23.0192,1.0000,0.0000,8.9724,185.4294,64.9786,2.3259,0.6232,0.5902,478.4189,187.6838,15.4328,0.9157,0.6108,5.6601,34.4451,1.2600
01/03/2015 00:00:00,0.0131,0.3695,22.9643,1.0000,0.0000,9.1867,183.7525,65.2305,2.3840,0.6388,0.5827,472.5186,186.5037,15.2952,1.0671,0.6144,5.7602,34.1750,1.2554
02/03/2015 00:00:00,0.0128,0.3737,22.9094,1.0000,0.0000,9.4011,182.0756,65.4825,2.4417,0.6543,0.5718,466.6183,185.3237,15.1459,1.1930,0.6145,5.8602,33.8793,1.2436
03/03/2015 00:00:00,0.0128,0.3780,22.8544,1.0000,0.0000,9.6155,180.3986,65.7345,2.5373,0.6800,0.5701,460.7180,184.1436,15.2149,1.8084,0.6249,5.9603,34.0731,1.2520
04/03/2015 00:00:00,0.0127,0.3823,22.7995,1.0000,0.0000,9.8299,178.7217,65.9864,2.6331,0.7057,0.5673,454.8177,182.9635,15.2614,2.3755,0.6346,6.0603,34.2186,1.2586
05/03/2015 00:00:00,0.0124,0.3857,23.0752,1.0000,0.0000,10.0443,180.2335,66.2384,2.7047,0.7249,0.5576,448.9175,181.7835,15.1503,2.5905,0.6371,6.1604,34.0120,1.2504
06/03/2015 00:00:00,0.0117,0.3886,23.5335,1.0000,0.0000,10.2587,183.5068,66.4904,2.7291,0.7315,0.5368,443.0172,180.6034,14.7710,2.2037,0.6268,6.2604,33.2036,1.2172
07/03/2015 00:00:00,0.0111,0.3915,23.9917,1.0000,0.0000,10.4731,186.7801,66.7423,2.7709,0.7428,0.5200,437.1169,179.4234,14.4882,2.0336,0.6210,6.3605,32.6119,1.1929
08/03/2015 00:00:00,0.0106,0.3944,24.4500,1.0000,0.0000,10.6875,190.0534,66.9943,2.8034,0.7515,0.5012,431.2166,178.2433,14.1578,1.7561,0.6128,6.4605,31.9129,1.1641
09/03/2015 00:00:00,0.0105,0.3973,24.9082,1.0000,0.0000,10.9019,193.3267,67.2463,2.9014,0.7778,0.4955,425.3163,177.0633,14.1486,2.2037,0.6206,6.5606,31.9389,1.1656
10/03/2015 00:00:00,0.0103,0.4002,25.3665,1.0000,0.0000,11.0000,196.5999,67.4982,2.9929,0.8024,0.4875,419.4160,175.8832,14.0892,2.5399,0.6262,6.6087,31.8534,1.1625
11/03/2015 00:00:00,0.0100,0.4594,25.4574,1.0000,0.0000,11.0000,195.7970,68.3000,3.0162,0.8087,0.4875,416.6667,175.3333,13.8830,2.4780,0.6189,6.6229,31.6675,1.1551
12/03/2015 00:00:00,0.0098,0.5471,25.2278,1.0000,0.0000,11.0000,191.4382,69.5814,2.9857,0.8006,0.4962,416.6667,175.3333,13.5923,2.1494,0.6016,6.6372,31.4746,1.1474
13/03/2015 00:00:00,0.0094,0.6347,24.9983,1.0000,0.0000,11.0000,187.0794,70.8627,2.9308,0.7859,0.5004,416.6667,175.3333,13.1988,1.5570,0.5782,6.6515,31.0177,1.1286
14/03/2015 00:00:00,1.0877,0.7224,24.7687,1.0000,0.0000,11.0000,182.7206,72.1441,5.5801,1.4964,0.8765,416.6667,175.3333,24.8626,29.6838,0.9629,6.6658,59.2802,1.9270
15/03/2015 00:00:00,0.8855,0.8101,24.5391,1.0000,0.0000,11.0000,178.3618,73.4255,5.7691,1.5472,0.8853,416.6667,175.3333,25.4363,31.7839,0.9220,6.6801,61.5159,1.8958
16/03/2015 00:00:00,0.2139,0.8977,24.3096,1.0000,0.0000,11.0000,174.0030,74.7069,4.2719,1.1457,0.7577,416.6667,175.3333,18.6410,15.8475,0.7459,6.6944,45.7150,1.5793
17/03/2015 00:00:00,0.0545,0.9854,24.0800,1.0000,0.0000,11.0000,169.6442,75.9883,3.2087,0.8606,0.6509,416.6667,175.3333,13.8593,4.4540,0.6037,6.7087,34.4571,1.3197
18/03/2015 00:00:00,1.1166,1.0947,23.6428,1.0000,0.0000,11.0000,172.5724,77.2697,5.6925,1.5268,0.9819,416.6667,175.3333,24.3416,31.1991,0.8547,6.7230,61.3378,1.9348
19/03/2015 00:00:00,0.2820,1.2185,23.0945,1.0000,0.0000,11.0000,179.3992,78.5511,3.9962,1.0719,0.7036,416.6667,175.3333,16.9194,12.9277,0.5723,6.7372,43.2020,1.3463
20/03/2015 00:00:00,0.0173,1.3423,22.5462,1.0000,0.0000,11.0000,186.2260,79.8325,3.5031,0.9397,0.7577,416.6667,175.3333,14.6874,7.5831,0.5731,6.7515,37.9930,1.4066
21/03/2015 00:00:00,0.0159,1.4662,21.9980,1.0000,0.0000,11.0000,193.0528,81.1139,3.5675,0.9570,0.8051,416.6667,175.3333,14.8140,8.2670,0.5631,6.7658,38.8125,1.4487
22/03/2015 00:00:00,0.0156,1.5900,21.4497,1.0000,0.0000,11.0000,199.8796,82.3953,3.5415,0.9501,0.8277,416.6667,175.3333,14.5672,7.9668,0.5318,6.7801,38.6478,1.4422
23/03/2015 00:00:00,0.0144,1.7139,20.9014,1.0000,0.0000,11.0000,206.7064,83.6767,3.4619,0.9287,0.8389,416.6667,175.3333,14.1067,7.0741,0.4911,6.7944,37.8907,1.4139
24/03/2015 00:00:00,0.0138,1.8377,20.3531,1.0000,0.0000,10.8581,213.5332,84.9581,3.4032,0.9130,0.8548,416.6667,175.3333,13.7401,6.4041,0.4517,6.6096,37.3564,1.3920
25/03/2015 00:00:00,0.0130,1.8529,20.3519,1.0000,0.0000,10.5917,212.2869,84.7946,3.3836,0.9086,0.8661,416.6667,175.3333,13.6197,5.4040,0.4131,6.2964,36.6877,1.3659
26/03/2015 00:00:00,0.0122,1.7957,20.6482,1.0000,0.0000,10.3252,206.6516,83.8459,3.3887,0.9111,0.8748,416.6667,175.3333,13.6444,4.2796,0.3764,5.9831,36.0013,1.3387
27/03/2015 00:00:00,0.6134,1.7384,20.9444,1.0000,0.0000,10.0588,201.0163,82.8972,5.1099,1.3756,1.1735,416.6667,175.3333,20.5809,21.0396,0.4526,5.6698,53.1992,1.7434
28/03/2015 00:00:00,0.0133,1.6812,21.2407,1.0000,0.0000,9.7924,195.3810,81.9485,3.6402,0.9811,0.9587,416.6667,175.3333,14.6657,4.5455,0.3286,5.3565,37.1431,1.3832
29/03/2015 00:00:00,0.0137,1.6239,21.5369,1.0000,0.0000,9.5259,189.7457,80.9998,3.7613,1.0150,1.0005,416.6667,175.3333,15.1581,4.5839,0.3018,5.0433,37.6195,1.4024
30/03/2015 00:00:00,0.0130,1.5667,21.8332,1.0000,0.0000,9.2595,184.1104,80.0512,3.7938,1.0249,1.0189,416.6667,175.3333,15.2932,3.7241,0.2671,4.7300,37.1976,1.3879
31/03/2015 00:00:00,0.0146,1.5094,22.1295,1.0000,0.0000,8.9931,178.4751,79.1025,3.9819,1.0770,1.0769,416.6667,175.3333,16.0558,4.3668,0.2414,4.4167,38.2782,1.4260
01/04/2015 00:00:00,0.0145,1.3964,21.4689,1.0000,0.0000,8.7266,184.4482,78.1538,4.0707,1.1022,1.1118,416.6667,175.3333,16.4183,4.0213,0.2086,4.1034,38.3708,1.4316
02/04/2015 00:00:00,0.0136,1.2480,20.3169,1.0000,0.0000,8.4602,196.3853,77.2051,4.0936,1.1096,1.1279,416.6667,175.3333,16.5151,3.0529,0.1720,3.7902,37.8403,1.4127
03/04/2015 00:00:00,0.0135,1.0995,19.1648,1.0000,0.0000,8.1938,208.3224,76.2564,4.1686,1.1311,1.1574,416.6667,175.3333,16.8220,2.5666,0.1372,3.4769,37.7919,1.4104
04/04/2015 00:00:00,0.0138,0.9511,18.0127,1.0000,0.0000,7.9273,220.2595,75.3077,4.2857,1.1640,1.1996,416.6667,175.3333,17.2986,2.4456,0.1030,3.1636,38.1089,1.4225
05/04/2015 00:00:00,0.0138,0.8026,16.8606,1.0000,0.0000,7.6609,232.1966,74.3591,4.3694,1.1879,1.2322,416.6667,175.3333,17.6406,2.0111,0.0670,2.8503,38.1123,1.4224
06/04/2015 00:00:00,0.0117,0.6542,15.7085,1.0000,0.0000,7.3945,244.1338,73.4104,4.2908,1.1677,1.2206,416.6667,175.3333,17.3275,0.1775,0.0292,2.5371,36.7167,1.3719
07/04/2015 00:00:00,1.2642,0.5057,14.5565,1.0000,0.0000,7.1280,256.0709,72.4617,7.5622,2.0599,1.9184,416.6667,175.3333,30.5449,26.5095,0.0000,2.2238,63.4866,2.0999
08/04/2015 00:00:00,1.8952,0.3572,13.4044,1.0000,0.0000,6.9197,268.0080,71.5130,7.7383,2.1098,1.9900,416.6667,175.3333,31.2635,26.3280,0.0000,2.4163,63.7431,2.1216
09/04/2015 00:00:00,0.3970,0.2944,19.1626,1.0000,0.0000,6.7652,207.7025,70.8223,5.7463,1.5725,1.4679,412.5441,174.5088,23.1887,9.6124,0.0000,2.9392,46.8297,1.5457
10/04/2015 00:00:00,3.4018,0.2890,19.4311,1.0000,0.0000,6.6107,210.9328,70.2747,9.9403,2.7349,2.4439,406.1331,173.2266,40.0338,43.8310,0.0000,3.4620,80.4975,2.5602
11/04/2015 00:00:00,0.4089,0.2837,19.6995,1.0000,0.0000,6.4562,214.1631,69.7272,5.6196,1.5546,1.1710,399.7222,171.9444,22.5862,9.0947,0.0000,3.9849,45.2105,1.2197
12/04/2015 00:00:00,1.3907,0.2784,19.9679,1.0000,0.0000,6.3017,217.3935,69.1796,8.1773,2.2749,2.0490,393.3113,170.6623,32.7973,29.7785,0.0000,4.5078,65.3435,2.1205
13/04/2015 00:00:00,0.2557,0.2731,20.2364,1.0000,0.0000,6.1472,220.6238,68.6321,5.8169,1.6276,1.5322,386.9003,169.3801,23.2798,11.1424,0.0000,5.0307,46.1566,1.5743
14/04/2015 00:00:00,0.0384,0.2677,20.5048,1.0000,0.0000,5.9927,223.8541,68.0845,5.5702,1.5678,1.5049,380.4894,168.0979,22.2428,9.4151,0.0000,5.5536,43.8786,1.5337
15/04/2015 00:00:00,0.0748,0.2731,20.5180,1.0000,0.0000,5.8381,225.0288,67.5369,4.9855,1.4117,1.1452,374.0784,166.8157,19.8623,5.0648,0.0000,6.0764,38.9775,1.1563
16/04/2015 00:00:00,0.0449,0.2858,20.3908,1.0000,0.0000,5.6836,225.0734,66.9894,5.5174,1.5719,1.5289,367.6675,165.5335,21.9292,9.4372,0.0000,6.5993,42.7992,1.5289
17/04/2015 00:00:00,0.0366,0.2985,20.2637,1.0000,0.0000,5.5291,225.1181,66.4418,5.7018,1.6347,1.5580,361.2565,164.2513,22.6062,11.0593,0.0000,7.1222,43.8705,1.5580
18/04/2015 00:00:00,0.0369,0.3111,20.1366,1.0000,0.0000,5.3746,225.1627,65.8943,5.7636,1.6632,1.5603,354.8456,162.9691,22.7934,11.7120,0.0000,7.6451,43.9725,1.5603
19/04/2015 00:00:00,0.0368,0.3238,20.0095,1.0000,0.0000,5.2201,225.2074,65.3467,5.8048,1.6862,1.5552,348.4347,161.6869,22.8960,12.1888,0.0000,8.1680,43.8984,1.5552
20/04/2015 00:00:00,0.0351,0.3365,19.8823,1.0000,0.0000,5.0656,225.2520,64.7992,5.7844,1.6917,1.5387,342.0237,160.4047,22.7540,12.1867,0.0000,8.6908,43.3456,1.5387
21/04/2015 00:00:00,0.0338,0.3492,19.7552,1.0000,0.0000,5.0821,225.2966,64.2516,5.8030,1.7090,1.5380,335.6128,159.1226,22.7627,12.4627,0.0000,8.6300,43.0709,1.5380
22/04/2015 00:00:00,0.0332,0.3556,19.5471,1.0000,0.0000,5.2248,225.1613,64.0569,5.7028,1.6915,1.5428,337.1716,159.4343,22.6495,12.5923,0.0000,8.1801,42.9988,1.5428
23/04/2015 00:00:00,0.0355,0.3577,19.2943,1.0000,0.0000,5.3675,224.9266,64.0569,5.6520,1.6888,1.5793,343.1275,160.6255,22.9264,13.5135,0.0000,7.7302,43.9110,1.5793
24/04/2015 00:00:00,0.0335,0.3598,19.0415,1.0000,0.0000,5.5102,224.6920,64.0569,5.4344,1.6360,1.5778,349.0834,161.8167,22.5194,13.1194,0.0000,7.2802,43.5078,1.5778
25/04/2015 00:00:00,0.0324,0.3620,18.7888,1.0000,0.0000,5.6528,224.4574,64.0569,5.2580,1.5952,1.5833,355.0394,163.0079,22.2648,13.0052,0.0000,6.8303,43.3846,1.5833
26/04/2015 00:00:00,0.0319,0.3641,18.5360,1.0000,0.0000,5.7955,224.2227,64.0569,5.1165,1.5646,1.5987,360.9953,164.1991,22.1451,13.1446,0.0000,6.3804,43.5149,1.5987
27/04/2015 00:00:00,0.0311,0.3663,18.2832,1.0000,0.0000,5.9382,223.9881,64.0569,4.9648,1.5307,1.6053,366.9512,165.3902,21.9711,13.1693,0.0000,5.9304,43.5305,1.6096
28/04/2015 00:00:00,0.0303,0.3684,18.0304,1.0000,0.0000,6.0808,223.7535,64.0569,4.8284,1.5011,1.5893,372.9072,166.5814,21.8538,13.2985,0.0000,5.4805,43.6507,1.6260
29/04/2015 00:00:00,0.0341,0.3705,17.7776,1.0000,0.0000,6.2235,223.5188,64.0569,4.7520,1.4902,1.5547,378.8631,167.7726,22.0044,13.9602,0.0000,5.0306,44.3034,1.6235
30/04/2015 00:00:00,0.0591,0.4485,17.5114,1.0000,0.0000,6.3662,223.0632,64.0569,4.0256,1.2736,1.2647,384.8190,168.9638,19.0771,8.3780,0.0000,4.5806,38.7121,1.3485
01/05/2015 00:00:00,0.0501,0.5767,17.2381,1.0000,0.0000,6.5089,222.4903,64.0569,4.4941,1.4349,1.5422,390.7749,170.1550,21.8039,14.2632,0.0000,4.1307,44.5882,1.6797
02/05/2015 00:00:00,0.0368,0.7048,16.9648,1.0000,0.0000,6.6515,221.9175,64.0569,4.6112,1.4862,1.5980,396.7309,171.3462,22.9120,16.8953,0.0207,3.6808,47.2113,1.7785
03/05/2015 00:00:00,0.0423,0.8329,16.6915,1.0000,0.0000,6.7942,221.3446,64.0569,4.4615,1.4520,1.5740,402.6868,172.5374,22.7116,16.8424,0.0594,3.2308,47.1494,1.7908
04/05/2015 00:00:00,1.6095,0.9611,16.4182,1.0000,0.0000,6.9369,220.7717,64.0569,6.1559,2.0235,1.8013,408.6427,173.7285,32.1180,36.8713,0.1144,2.7809,67.1692,2.0958
05/05/2015 00:00:00,0.1020,1.0892,16.1448,1.0000,0.0000,6.7610,220.1988,64.0569,3.8943,1.2934,1.4069,414.5986,174.9197,20.8329,13.5961,0.1272,2.5872,43.8849,1.6747
06/05/2015 00:00:00,0.0486,1.1160,16.1500,1.0000,0.0000,6.3325,219.6787,63.7250,4.5704,1.5346,1.5760,412.7801,174.5560,24.0583,20.9570,0.1860,2.5657,51.0296,1.9196
07/05/2015 00:00:00,0.0507,1.0756,16.3031,1.0000,0.0000,5.9040,219.1867,63.2165,4.8017,1.6296,1.5721,406.8263,173.3653,24.3285,22.2151,0.2232,2.5443,51.9610,1.9525
08/05/2015 00:00:00,0.0541,1.0352,16.4563,1.0000,0.0000,5.4755,218.6948,62.7080,5.0644,1.7365,1.5780,400.8724,172.1745,24.6975,23.7080,0.2562,2.5228,53.1273,1.9920
09/05/2015 00:00:00,0.0568,0.9948,16.6094,1.0000,0.0000,5.0470,218.2028,62.1994,5.3822,1.8635,1.6049,394.9185,170.9837,25.2610,25.6493,0.2887,2.5014,54.7420,2.0541
10/05/2015 00:00:00,0.0595,0.9544,16.7626,1.0000,0.0000,4.6185,217.7108,61.6909,5.6239,1.9654,1.6053,388.9647,169.7929,25.4020,26.7031,0.3133,2.4799,55.4691,2.0791
11/05/2015 00:00:00,0.0599,0.9140,16.9157,1.0000,0.0000,4.1900,217.2188,61.1824,5.8833,2.0745,1.6147,383.0108,168.6022,25.5702,27.8395,0.3368,2.4585,56.2789,2.1129
12/05/2015 00:00:00,0.0596,0.8736,17.0689,1.0000,0.0000,3.7615,216.7268,60.6739,6.1959,2.2034,1.6390,377.0570,167.4114,25.9082,29.3776,0.3613,2.4370,57.4904,2.1643
13/05/2015 00:00:00,0.0589,0.8053,16.8777,1.0000,0.0000,3.3330,218.6114,60.1654,6.4659,2.3183,1.6498,371.1031,166.2206,26.0077,30.4151,0.3812,2.4156,58.2013,2.1959
14/05/2015 00:00:00,0.0574,0.7197,16.5139,1.0000,0.0000,2.9045,221.6874,59.6569,6.7416,2.4362,1.6619,365.1493,165.0299,26.0788,31.4146,0.3997,2.3941,58.8742,2.2278
15/05/2015 00:00:00,0.0582,0.6342,16.1501,1.0000,0.0000,2.4760,224.7635,59.1484,7.0351,2.5615,1.6729,359.1954,163.8391,26.1667,32.4789,0.4167,2.3727,59.6119,2.2570
16/05/2015 00:00:00,0.8269,0.5486,15.7864,1.0000,0.0000,2.0475,227.8396,58.6398,7.5012,2.7510,1.5325,353.2415,162.6483,26.8187,34.8701,0.3936,2.3512,61.6765,2.0794
17/05/2015 00:00:00,4.6954,0.4630,15.4226,1.0000,0.0000,1.6190,230.9156,58.1313,10.7451,3.9682,1.9814,347.2877,161.4575,36.9161,59.2536,0.5229,2.3298,85.7334,2.7025
18/05/2015 00:00:00,9.5907,0.3775,15.0588,1.0000,0.0000,1.1904,233.9917,57.6228,13.0055,4.8352,2.3585,341.3338,160.2668,42.9224,74.5491,0.6377,2.3083,100.7023,3.2321
19/05/2015 00:00:00,0.4815,0.2919,14.6950,1.0000,0.0000,1.0741,237.0677,57.1143,7.6294,2.8549,1.3948,335.3800,159.0760,24.1790,31.5048,0.3854,2.9797,57.3313,1.9197
20/05/2015 00:00:00,0.3163,0.2725,14.4753,1.0000,0.0000,1.2076,242.3436,57.0951,9.3769,3.4451,1.7974,333.3333,158.6667,29.4536,43.9499,0.5360,4.0920,69.6704,2.5131
21/05/2015 00:00:00,0.2227,0.2941,14.3310,1.0000,0.0000,1.3411,248.7714,57.3323,9.6290,3.4258,1.7936,333.3333,158.6667,30.4826,45.7032,0.5897,5.2043,71.4333,2.5627
22/05/2015 00:00:00,0.2118,0.3158,14.1868,1.0000,0.0000,1.4745,255.1993,57.5695,9.3633,3.2218,1.7015,333.3333,158.6667,29.8728,43.6141,0.6117,6.3167,69.3537,2.4834
23/05/2015 00:00:00,0.2099,0.3374,14.0425,1.0000,0.0000,1.6080,261.6271,57.8066,9.2728,3.0818,1.6452,333.3333,158.6667,29.8148,42.8273,0.6424,7.4290,68.5764,2.4521
24/05/2015 00:00:00,0.2089,0.3591,13.8982,1.0000,0.0000,1.7414,268.0550,58.0438,9.2005,2.9492,1.5937,333.3333,158.6667,29.8120,42.1755,0.6718,8.5413,67.9342,2.4249
25/05/2015 00:00:00,0.2107,0.3807,13.7540,1.0000,0.0000,1.8749,274.4828,58.2809,9.2280,2.8486,1.5631,333.3333,158.6667,30.1331,42.2616,0.7079,9.6536,68.0298,2.4273
26/05/2015 00:00:00,0.2168,0.4024,13.6097,1.0000,0.0000,2.0083,280.9107,58.5181,9.1857,2.7260,1.5465,333.3333,158.6667,30.2268,41.8320,0.7490,10.7659,67.6097,2.4502
27/05/2015 00:00:00,0.2640,0.4194,13.8015,1.0000,0.0000,2.1418,277.0599,58.7553,8.8112,2.5093,1.4805,333.3333,158.6667,29.2180,38.9619,0.7639,11.8782,64.7491,2.3925
28/05/2015 00:00:00,0.2104,0.4335,14.1699,1.0000,0.0000,2.2753,267.8073,58.9924,9.1078,2.4840,1.5321,333.3333,158.6667,30.4337,41.0237,0.8393,12.9905,66.8204,2.5247
29/05/2015 00:00:00,0.2091,0.4476,14.5383,1.0000,0.0000,2.4087,258.5547,59.2296,9.2089,2.4001,1.5665,333.3333,158.6667,31.0075,41.6457,0.9084,14.1028,67.4519,2.6315
30/05/2015 00:00:00,0.2147,0.4617,14.9067,1.0000,0.0000,2.5422,249.3022,59.4667,9.2508,2.2985,1.6000,333.3333,158.6667,31.3870,41.8323,0.9793,15.2151,67.6481,2.7393
31/05/2015 00:00:00,0.2181,0.4758,15.2752,1.0000,0.0000,2.6756,240.0496,59.7039,9.2948,2.1957,1.6140,333.3333,158.6667,31.7770,42.0325,1.0402,16.3274,67.8578,2.8156
01/06/2015 00:00:00,0.2196,0.4899,15.6436,1.0000,0.0000,2.8091,230.7970,59.9411,9.3215,2.0874,1.6065,333.3333,158.6667,32.1108,42.1047,1.0878,17.4397,67.9395,2.8549
02/06/2015 00:00:00,1.8079,0.5040,16.0120,1.0000,0.0000,2.9425,221.5445,60.1782,10.0099,2.1179,1.3911,333.3333,158.6667,34.7443,46.9909,0.9876,18.5520,72.8352,2.5178
03/06/2015 00:00:00,1.0980,0.5181,16.3804,1.0000,0.0000,3.0438,212.2919,60.4154,9.3748,1.8671,1.3809,333.3333,158.6667,32.7861,42.2448,1.0259,18.2561,68.0986,2.5449
04/06/2015 00:00:00,0.8201,0.5473,16.4399,1.0000,0.0000,3.1206,214.9889,61.0316,8.2263,1.6268,1.2768,333.3333,158.6667,29.0657,35.0582,0.9515,17.0105,60.6905,2.3560
05/06/2015 00:00:00,0.2695,0.5865,16.3337,1.0000,0.0000,3.1975,224.0928,61.8513,9.0873,1.8399,1.7539,333.3333,158.6667,32.4965,43.4669,1.2816,15.7648,68.7537,3.2108
06/06/2015 00:00:00,0.4252,0.6257,16.2274,1.0000,0.0000,3.2744,233.1967,62.6710,8.2364,1.7083,1.4719,333.3333,158.6667,29.8230,39.0011,1.0539,14.5192,63.9424,2.6729
07/06/2015 00:00:00,0.3697,0.6650,16.1212,1.0000,0.0000,3.3513,242.3006,63.4907,7.9896,1.6986,1.4645,333.3333,158.6667,29.3058,39.0875,1.0267,13.2736,63.6833,2.6376
08/06/2015 00:00:00,0.2602,0.7042,16.0150,1.0000,0.0000,3.4281,251.4045,64.3104,8.4472,1.8420,1.6635,333.3333,158.6667,31.4026,44.9224,1.1410,12.0280,69.1727,2.9709
09/06/2015 00:00:00,0.2538,0.7434,15.9088,1.0000,0.0000,3.5050,260.5084,65.1302,8.2140,1.8384,1.6495,333.3333,158.6667,30.9639,45.2435,1.1061,10.7824,69.1483,2.9205
10/06/2015 00:00:00,0.2505,0.7848,15.8148,1.0000,0.0000,3.5819,259.2194,65.9499,8.0229,1.8442,1.6435,333.3333,158.6667,30.6842,45.9210,1.0764,9.5367,69.4802,2.8843
11/06/2015 00:00:00,0.2374,0.8276,15.7274,1.0000,0.0000,3.6587,252.1835,66.7696,7.7756,1.8371,1.6207,333.3333,158.6667,30.1895,46.1107,1.0358,8.2911,69.3245,2.8186
12/06/2015 00:00:00,0.2657,0.8704,15.6400,1.0000,0.0000,3.7356,245.1477,67.5893,7.2500,1.7619,1.5878,333.3333,158.6667,28.5936,43.7281,0.9893,7.0455,66.5964,2.7359
13/06/2015 00:00:00,0.2397,0.9131,15.5527,1.0000,0.0000,3.8125,238.1119,68.4090,7.3231,1.8321,1.6756,333.3333,158.6667,29.3574,46.8389,1.0168,5.7999,69.3616,2.8599
14/06/2015 00:00:00,0.2436,0.9559,15.4653,1.0000,0.0000,3.8893,231.0761,69.2287,7.0832,1.8258,1.7037,333.3333,158.6667,28.8835,47.0601,1.0056,4.5542,69.2374,2.8797
15/06/2015 00:00:00,0.2458,0.9987,15.3780,1.0000,0.0000,3.9662,224.0402,70.0484,6.8712,1.8266,1.7358,333.3333,158.6667,28.5218,47.5473,0.9955,3.3086,69.3790,2.9048
16/06/2015 00:00:00,0.2341,1.0415,15.2906,1.0000,0.0000,3.9201,217.0044,70.8681,6.6529,1.8257,1.7127,333.3333,158.6667,28.1342,47.9715,0.9530,6.6537,69.4577,2.8369
17/06/2015 00:00:00,0.2320,0.9866,15.0530,1.0000,0.0000,3.7776,217.0354,71.0150,6.6937,2.2991,1.7002,337.0657,159.4131,27.5695,47.1835,0.9218,13.1670,69.0557,2.7921
18/06/2015 00:00:00,0.5618,0.8611,14.7256,1.0000,0.0000,3.6350,221.2833,70.7605,6.1164,2.6844,1.3932,343.0243,160.6049,23.9428,38.1164,0.7382,19.6803,60.8109,2.2708
19/06/2015 00:00:00,3.5764,0.7357,14.3982,1.0000,0.0000,3.4925,225.5312,70.5061,8.0915,4.2423,1.6992,348.9829,161.7966,30.1962,54.2225,0.8797,26.1937,77.7393,2.7488
20/06/2015 00:00:00,2.5788,0.6103,14.0708,1.0000,0.0000,3.3499,229.7790,70.2516,8.0771,4.8557,1.6169,354.9415,162.9883,28.8138,50.8269,0.8178,32.7070,75.1660,2.5964
21/06/2015 00:00:00,10.8158,0.4849,13.7434,1.0000,0.0000,3.2073,234.0269,69.9972,11.4765,7.6977,2.1339,360.9001,164.1800,39.2320,78.5081,1.0541,39.2203,103.6695,3.4013
22/06/2015 00:00:00,4.7705,0.3594,13.4161,1.0000,0.0000,3.0648,238.2748,69.7427,10.1084,7.4195,1.9618,366.8587,165.3717,33.1870,62.8202,0.9462,45.7336,88.8038,3.1042
23/06/2015 00:00:00,1.4860,0.2340,13.0887,1.0000,0.0000,2.9222,242.5227,69.4882,10.0211,7.9343,2.0410,372.8173,166.5635,31.6618,58.9611,0.9610,52.2469,85.7670,3.2061
24/06/2015 00:00:00,1.1867,0.1988,13.1024,1.0000,0.0000,2.7797,243.7778,69.2338,9.3163,7.8697,1.8630,378.7758,167.7552,28.3794,50.1723,0.8560,58.7602,77.8005,2.9053
25/06/2015 00:00:00,1.0184,0.2257,13.3101,1.0000,0.0000,2.6371,243.3311,68.9793,8.8761,7.9304,1.7226,384.7344,168.9469,26.1127,43.9771,0.7723,65.2736,72.4276,2.6671
26/06/2015 00:00:00,0.9083,0.2526,13.5178,1.0000,0.0000,2.4946,242.8844,68.7249,8.6664,8.1330,1.6413,390.6930,170.1386,24.6616,39.9152,0.7177,71.7869,69.1879,2.5232
27/06/2015 00:00:00,0.8392,0.2795,13.7254,1.0000,0.0000,2.3520,242.4378,68.4704,8.6041,8.4330,1.6008,396.6516,171.3303,23.7174,37.1900,0.6826,78.3002,67.2850,2.4435
28/06/2015 00:00:00,0.7865,0.3065,13.9331,1.0000,0.0000,2.2095,241.9911,68.2159,8.5986,8.7604,1.5758,402.6102,172.5220,22.9904,35.0202,0.6550,84.8135,65.9376,2.3884
29/06/2015 00:00:00,0.7410,0.3334,14.1408,1.0000,0.0000,2.0669,241.5445,67.9615,8.6139,9.0863,1.5553,408.5688,173.7138,22.3673,33.0983,0.6300,91.3268,64.8380,2.3409
30/06/2015 00:00:00,0.7000,0.3603,14.3485,1.0000,0.0000,2.0000,241.0978,67.7070,8.6643,9.4308,1.5474,414.5274,174.9055,21.8746,31.5126,0.6106,90.1562,64.0745,2.3127
01/07/2015 00:00:00,0.6812,0.3794,14.5726,1.0000,0.0000,2.0000,239.7092,67.1268,8.5693,9.3809,1.5511,412.8508,174.5702,21.7340,31.3694,0.6096,83.6368,63.7360,2.3158
02/07/2015 00:00:00,0.8584,0.3930,14.8061,1.0000,0.0000,2.0000,237.7931,66.3641,8.4187,9.1426,1.5445,406.8975,173.3795,21.8563,32.2345,0.6120,77.1173,63.8356,2.3110
03/07/2015 00:00:00,0.8474,0.4065,15.0395,1.0000,0.0000,2.0000,235.8771,65.6014,8.1818,8.8086,1.5175,400.9443,172.1889,21.7673,32.4759,0.6062,70.5979,63.3116,2.2755
04/07/2015 00:00:00,0.8750,0.4200,15.2729,1.0000,0.0000,2.0000,233.9611,64.8387,8.0643,8.6007,1.5498,394.9910,170.9982,22.0127,33.6817,0.6241,64.0784,63.7520,2.3289
05/07/2015 00:00:00,1.4593,0.4335,15.5063,1.0000,0.0000,2.0000,232.0450,64.0760,8.3675,8.8329,1.5529,389.0377,169.8075,23.4657,38.3566,0.6304,57.5589,67.6615,2.3386
06/07/2015 00:00:00,1.4602,0.4470,15.7397,1.0000,0.0000,2.0000,230.1290,63.3133,8.6595,9.0390,1.6292,383.0845,168.6169,24.9852,43.1777,0.6667,51.0395,71.7171,2.4588
07/07/2015 00:00:00,2.4812,0.4605,15.9731,1.0000,0.0000,2.0000,228.2130,62.5506,8.9860,9.2646,1.7279,377.1312,167.4262,26.7171,48.5577,0.7127,44.5200,76.3317,2.6134
08/07/2015 00:00:00,3.2343,0.4579,15.8449,1.0000,0.0000,2.0000,228.5956,61.7879,9.2260,9.3832,1.8156,371.1779,166.2356,28.3150,53.5008,0.7548,38.0006,80.5094,2.7519
09/07/2015 00:00:00,0.9678,0.4438,15.5023,1.0000,0.0000,2.0000,230.3405,61.0252,7.8952,7.9089,1.8124,365.2247,165.0449,25.0590,44.6565,0.7594,31.4811,70.8997,2.7530
10/07/2015 00:00:00,0.9469,0.4296,15.1597,1.0000,0.0000,2.0000,232.0854,60.2625,7.4259,7.3139,1.6769,359.2714,163.8543,24.4259,43.2791,0.7080,24.9616,68.7568,2.5526
11/07/2015 00:00:00,0.9060,0.4154,14.8170,1.0000,0.0000,2.0000,233.8303,59.4998,6.9506,6.7166,1.5811,353.3181,162.6636,23.7476,41.7843,0.6727,18.4422,66.4966,2.4118
12/07/2015 00:00:00,0.8180,0.4013,14.4744,1.0000,0.0000,2.0000,235.5752,58.7371,6.6810,6.3184,1.5906,347.3649,161.4730,23.7715,42.2563,0.6819,11.9227,66.2032,2.4316
13/07/2015 00:00:00,0.7802,0.3871,14.1318,1.0000,0.0000,2.0000,237.3201,57.9744,6.3583,5.8668,1.5616,341.4116,160.2823,23.6273,42.2524,0.6745,5.4033,65.4339,2.3923
14/07/2015 00:00:00,0.7549,0.3729,13.7892,1.0000,0.0000,2.0000,239.0650,57.2117,6.0583,5.4332,1.5430,335.4583,159.0917,23.5878,42.5313,0.6715,3.0318,64.9473,2.3689
15/07/2015 00:00:00,0.7219,0.3493,13.6278,1.0000,0.0000,2.0000,238.7088,56.9395,5.5198,5.1838,1.3923,337.1593,159.4319,22.5216,42.0945,0.8090,3.4176,64.3686,2.3406
16/07/2015 00:00:00,0.6893,0.3189,13.5668,1.0000,0.0000,2.0000,237.1872,56.9395,4.9345,5.0602,1.2130,343.1091,160.6218,21.0931,41.3716,0.9822,3.8035,63.8496,2.3165
17/07/2015 00:00:00,0.6427,0.2886,13.5058,1.0000,0.0000,2.0000,235.6657,56.9395,4.4115,4.9343,1.0593,349.0588,161.8118,19.7819,40.4740,1.1049,4.1893,63.1560,2.2702
18/07/2015 00:00:00,0.7031,0.2582,13.4447,1.0000,0.0000,2.0000,234.1442,56.9395,3.9764,4.8473,0.9506,355.0085,163.0017,18.7312,39.9564,1.2177,4.5752,62.8424,2.2633
19/07/2015 00:00:00,0.7459,0.2278,13.3837,1.0000,0.0000,2.0000,232.6227,56.9395,3.5805,4.7545,0.8603,360.9582,164.1916,17.7442,39.2656,1.3109,4.9610,62.3556,2.2572
20/07/2015 00:00:00,9.6186,0.1975,13.3227,1.0000,0.0000,2.0000,231.1012,56.9395,5.4622,7.9001,1.1846,366.9080,165.3816,28.5266,81.4055,2.0988,5.3469,104.6995,3.4018
21/07/2015 00:00:00,5.7857,0.1671,13.2617,1.0000,0.0000,2.0000,229.5797,56.9395,8.8043,13.8714,1.5325,372.8577,166.5715,48.5430,162.0993,3.1029,5.7327,185.5972,4.7887
22/07/2015 00:00:00,2.5681,0.1715,13.4460,1.0000,0.0000,2.0000,233.9085,56.9395,12.3638,21.2301,2.0289,378.8074,167.7615,72.1117,262.8398,4.6320,6.1186,286.5417,6.8638
23/07/2015 00:00:00,4.1180,0.1978,13.7565,1.0000,0.0000,2.0000,241.2498,56.9395,5.7332,10.7379,1.1134,384.7571,168.9514,35.4510,122.1871,2.8356,6.5044,146.0931,4.0603
24/07/2015 00:00:00,1.9882,0.2241,14.0670,1.0000,0.0000,2.0000,248.5910,56.9395,7.4918,15.3222,1.3675,390.7069,170.1414,49.2319,185.8966,3.8512,6.8903,210.0065,5.3555
25/07/2015 00:00:00,1.6270,0.2504,14.3775,1.0000,0.0000,2.0000,255.9323,56.9395,5.1065,11.4218,1.0181,396.6566,171.3313,35.7600,133.3043,3.1475,7.2761,157.6182,4.2674
26/07/2015 00:00:00,1.4170,0.2766,14.6881,1.0000,0.0000,2.0000,263.2735,56.9395,3.8564,9.4518,0.8291,402.6063,172.5213,28.8665,106.7402,2.7964,7.6620,131.2582,3.7084
27/07/2015 00:00:00,1.2732,0.3029,14.9986,1.0000,0.0000,2.0000,270.6148,56.9395,3.0265,8.1473,0.7009,408.5560,173.7112,24.2974,89.0868,2.5656,8.0478,113.8088,3.3366
28/07/2015 00:00:00,1.2856,0.3292,15.3091,1.0000,0.0000,2.0386,277.9561,56.9395,2.3829,7.0664,0.5967,414.5058,174.9012,20.5983,74.3254,2.3599,8.2216,99.2514,3.0163
29/07/2015 00:00:00,2.6819,0.3376,15.3701,1.0000,0.0000,2.1101,280.4403,57.2633,2.1275,6.4762,0.5599,420.4579,176.0916,18.4934,62.7210,2.1852,8.2573,88.0297,2.8011
30/07/2015 00:00:00,2.1853,0.3332,15.2885,1.0000,0.0000,2.1816,280.1500,57.7718,2.3979,7.1947,0.6099,426.4115,177.2823,20.1587,66.8527,2.2267,8.2930,92.6462,2.8977
31/07/2015 00:00:00,5.1279,0.3288,15.2069,1.0000,0.0000,2.2532,279.8598,58.2803,2.7776,8.2230,0.7291,432.3651,178.4730,22.6239,74.0684,2.4782,8.3287,100.3467,3.2802
01/08/2015 00:00:00,1.9366,0.3244,15.1253,1.0000,0.0000,2.3247,279.5695,58.7888,4.9175,14.3772,1.0654,438.3186,179.6637,38.8707,139.5514,3.3529,8.3644,166.3145,4.5249
02/08/2015 00:00:00,1.5394,0.3200,15.0437,1.0000,0.0000,2.3962,279.2793,59.2973,4.3172,12.4760,0.9632,444.2722,180.8544,33.1688,109.5879,2.7885,8.4001,136.8357,3.8481
03/08/2015 00:00:00,1.3659,0.3157,14.9621,1.0000,0.0000,2.4677,278.9890,59.8058,3.9347,11.2474,0.9094,450.2257,182.0451,29.4235,89.2441,2.4037,8.4358,116.9768,3.4041
04/08/2015 00:00:00,1.2474,0.3113,14.8805,1.0000,0.0000,2.5392,278.6988,60.3142,3.7374,10.5748,0.8940,456.1793,183.2359,27.2372,76.0773,2.1377,8.4715,104.2947,3.1211
05/08/2015 00:00:00,1.1608,0.3069,14.7989,1.0000,0.0000,2.6108,278.4085,60.8227,3.6415,10.2049,0.9044,462.1329,184.4266,25.8936,66.7374,1.9348,8.5072,95.4396,2.9297
06/08/2015 00:00:00,1.0665,0.3025,14.7173,1.0000,0.0000,2.6823,278.1183,61.3312,3.5183,9.7712,0.9121,468.0864,185.6173,24.4377,57.4598,1.7215,8.5429,86.6468,2.7248
07/08/2015 00:00:00,1.3087,0.2981,14.6357,1.0000,0.0000,2.7538,277.8280,61.8397,3.4842,9.5942,0.9423,474.0400,186.8080,23.6632,50.9822,1.5410,8.5786,80.6540,2.5775
08/08/2015 00:00:00,3.5214,0.2937,14.5542,1.0000,0.0000,2.8253,277.5378,62.3482,4.1083,11.2221,1.1627,479.9936,187.9987,27.3082,59.2535,1.6086,8.6143,89.4102,2.8876
09/08/2015 00:00:00,4.0980,0.2894,14.4726,1.0000,0.0000,2.8968,277.2475,62.8567,5.3812,14.5878,1.4308,485.9471,189.1894,35.0402,79.4762,1.6190,8.6500,110.1176,3.1929
10/08/2015 00:00:00,2.6893,0.2850,14.3910,1.0000,0.0000,2.9684,276.9573,63.3652,7.2887,19.6166,1.9954,491.9007,190.3801,46.5310,109.1102,1.7551,8.6856,140.2364,3.9500
11/08/2015 00:00:00,2.5214,0.2806,14.3094,1.0000,0.0000,3.1193,276.6670,63.8737,6.5888,17.6120,2.0206,497.8542,191.5708,41.2712,87.5673,1.2682,9.3104,119.1783,3.4909
12/08/2015 00:00:00,1.5130,0.2916,14.5594,1.0000,0.0000,3.3332,274.7039,64.3822,6.9809,18.7005,2.1137,503.8080,192.7616,43.8701,92.3018,1.2503,10.3312,124.4237,3.5754
13/08/2015 00:00:00,1.3772,0.3129,14.9961,1.0000,0.0000,3.5471,271.7996,64.8907,6.1761,16.6609,1.8471,509.7618,193.9524,39.4072,78.7207,1.2568,11.3520,111.3683,3.2886
14/08/2015 00:00:00,1.3473,0.3343,15.4328,1.0000,0.0000,3.7610,268.8952,65.3992,5.6558,15.3631,1.6631,515.7157,195.1431,36.6275,69.9837,1.2864,12.3728,103.1569,3.1158
15/08/2015 00:00:00,1.1887,0.3556,15.8695,1.0000,0.0000,3.9749,265.9908,65.9077,4.9940,13.6578,1.4436,521.6696,196.3339,32.8138,58.4110,1.2576,13.3936,92.1098,2.8455
16/08/2015 00:00:00,1.0771,0.3770,16.3061,1.0000,0.0000,4.1889,263.0865,66.4162,4.5073,12.4092,1.2842,527.6234,197.5247,30.0375,49.8222,1.2505,14.4145,84.0467,2.6631
17/08/2015 00:00:00,3.1969,0.3983,16.7428,1.0000,0.0000,4.4028,260.1821,66.9248,4.5920,12.7259,1.2530,533.5773,198.7155,31.0284,51.8003,1.3553,15.4353,86.5505,2.7336
18/08/2015 00:00:00,4.5365,0.4197,17.1795,1.0000,0.0000,4.6167,257.2777,67.4333,5.4909,15.3157,1.3447,539.5311,199.9062,37.6068,69.3106,1.6073,16.4561,104.5864,3.0865
19/08/2015 00:00:00,2.3245,0.4168,17.0447,1.0000,0.0000,4.8306,257.9223,67.9418,8.4807,23.8062,1.7949,545.4850,201.0970,58.8563,127.4067,2.3605,17.4769,163.2081,4.3349
20/08/2015 00:00:00,7.6575,0.3976,16.5971,1.0000,0.0000,5.0445,260.5105,68.4503,6.0895,17.2015,1.4242,551.4388,202.2878,42.8111,82.0550,2.0531,18.4978,118.3820,3.6197
21/08/2015 00:00:00,3.8349,0.3783,16.1494,1.0000,0.0000,5.2584,263.0987,68.9588,10.7795,30.6382,1.9715,557.3927,203.4785,76.7470,174.7934,3.1059,19.5186,211.6461,5.2745
22/08/2015 00:00:00,6.9783,0.3591,15.7017,1.0000,0.0000,5.4723,265.6869,69.4673,6.9411,19.8487,1.3770,563.3466,204.6693,50.0335,100.2365,2.3646,20.5394,137.6149,3.8793
23/08/2015 00:00:00,3.2267,0.3398,15.2541,1.0000,0.0000,5.6863,268.2751,69.9758,11.4731,33.0056,1.8671,569.3004,205.8601,83.7092,191.7469,3.4871,21.5602,229.6509,5.5409
24/08/2015 00:00:00,2.5364,0.3206,14.8064,1.0000,0.0000,5.9002,270.8633,70.4844,8.2386,23.8409,1.3622,575.2543,207.0509,60.8267,128.0316,2.7621,22.5810,166.4612,4.2606
25/08/2015 00:00:00,2.0593,0.3013,14.3587,1.0000,0.0000,5.9619,273.4515,70.9929,6.4553,18.7894,1.0744,581.2081,208.2416,48.2175,92.6821,2.3616,22.9579,131.6373,3.5435
26/08/2015 00:00:00,1.7699,0.2961,14.3238,1.0000,0.0000,5.8905,272.1657,70.3584,5.2779,15.3733,0.9165,583.3333,208.6667,40.8490,71.7188,2.0902,22.8864,110.3343,3.0984
27/08/2015 00:00:00,1.5881,0.3007,14.5178,1.0000,0.0000,5.8190,268.7307,69.0895,4.5303,13.1660,0.8359,583.3333,208.6667,36.9095,60.3529,1.9323,22.8149,98.1483,2.8519
28/08/2015 00:00:00,1.4258,0.3053,14.7118,1.0000,0.0000,5.7476,265.2957,67.8206,3.8937,11.2872,0.7641,583.3333,208.6667,33.5013,50.6963,1.7915,22.7434,87.6716,2.6320
29/08/2015 00:00:00,2.2189,0.3099,14.9058,1.0000,0.0000,5.6762,261.8607,66.5517,3.6835,10.6472,0.7893,583.3333,208.6667,33.5907,50.3212,1.8781,22.6720,86.4765,2.7464
30/08/2015 00:00:00,4.8559,0.3145,15.0998,1.0000,0.0000,5.6048,258.4257,65.2828,4.0209,11.5844,0.8462,583.3333,208.6667,39.0234,63.4540,2.0447,22.6005,98.7891,2.9755
31/08/2015 00:00:00,1.9717,0.3191,15.2938,1.0000,0.0000,5.5333,254.9907,64.0139,5.4856,15.7448,1.0757,583.3333,208.6667,56.9261,107.1343,2.6418,22.5290,141.6493,3.8251
01/09/2015 00:00:00,2.3960,0.3237,15.4878,1.0000,0.0000,5.4619,251.5557,62.7450,4.0283,11.5114,0.8714,583.3333,208.6667,44.9413,76.1737,2.1769,22.4576,109.8687,3.1355
02/09/2015 00:00:00,1.5738,0.3327,15.6451,1.0000,0.0000,5.3905,254.3475,61.4761,3.8129,10.8396,0.8732,583.3333,208.6667,46.0208,77.6109,2.2206,22.3861,110.4858,3.1810
03/09/2015 00:00:00,1.4341,0.3446,15.7816,1.0000,0.0000,5.3190,260.6710,60.2073,3.1722,8.9624,0.7925,583.3333,208.6667,41.7320,66.2857,2.0538,22.3146,98.3406,2.9256
04/09/2015 00:00:00,1.3162,0.3566,15.9181,1.0000,0.0000,5.2476,266.9945,58.9384,2.6590,7.4563,0.7283,583.3333,208.6667,38.4713,57.7036,1.9252,22.2432,88.9383,2.7263
05/09/2015 00:00:00,4.0336,0.3685,16.0547,1.0000,0.0000,5.1762,273.3180,57.6695,2.5138,6.9833,0.7567,583.3333,208.6667,40.4373,61.2475,2.0424,22.1717,91.6621,2.8748
06/09/2015 00:00:00,1.7363,0.3805,16.1912,1.0000,0.0000,5.1048,279.6416,56.4006,2.7550,7.5623,0.8328,583.3333,208.6667,49.9495,81.3616,2.2981,22.1002,110.9562,3.2141
07/09/2015 00:00:00,1.4405,0.3925,16.3277,1.0000,0.0000,5.0333,285.9651,55.1317,2.2349,6.0386,0.7635,583.3333,208.6667,46.4772,72.3402,2.1569,22.0287,101.1146,2.9968
08/09/2015 00:00:00,1.3056,0.4044,16.4642,1.0000,0.0000,5.1143,292.2886,53.8628,1.7250,4.5599,0.6872,583.3333,208.6667,42.1146,61.7246,1.9904,21.1239,89.6790,2.7464
09/09/2015 00:00:00,1.1508,0.4015,16.5194,1.0000,0.0000,5.3286,290.6293,54.3273,1.4396,3.6856,0.6287,583.3333,208.6667,37.3177,51.1776,1.8070,19.6586,78.8347,2.4986
10/09/2015 00:00:00,1.0266,0.3870,16.5248,1.0000,0.0000,5.5429,284.0906,55.8536,1.3160,3.2552,0.5949,583.3333,208.6667,33.6363,43.4190,1.6625,18.1933,71.0991,2.3169
11/09/2015 00:00:00,3.1771,0.3725,16.5303,1.0000,0.0000,5.7573,277.5519,57.3799,1.5398,3.6795,0.6889,583.3333,208.6667,38.8153,54.3908,1.8726,16.7280,82.0938,2.6304
12/09/2015 00:00:00,5.6637,0.3580,16.5357,1.0000,0.0000,5.9716,271.0131,58.9062,1.8320,4.2289,0.8116,583.3333,208.6667,45.5576,68.6834,2.1460,15.2627,96.4094,3.0388
13/09/2015 00:00:00,3.7966,0.3435,16.5412,1.0000,0.0000,6.1859,264.4744,60.4325,2.3644,5.2715,0.9646,583.3333,208.6667,58.0167,95.0969,2.4811,13.7974,122.8459,3.5422
14/09/2015 00:00:00,2.0152,0.3290,16.5466,1.0000,0.0000,6.4002,257.9357,61.9588,2.7935,6.0147,1.0786,583.3333,208.6667,67.6524,115.5587,2.6996,12.3321,143.3307,3.8861
15/09/2015 00:00:00,1.7510,0.3145,16.5521,1.0000,0.0000,6.6145,251.3969,63.4851,2.3111,4.8046,0.9355,583.3333,208.6667,55.2505,89.3273,2.2787,10.8667,117.1223,3.3078
16/09/2015 00:00:00,1.5041,0.3213,16.5755,1.0000,0.0000,6.8288,249.2344,65.0114,2.0083,4.0306,0.8495,583.3333,208.6667,47.4073,72.7347,2.0139,9.4014,100.5527,2.9483
17/09/2015 00:00:00,1.3418,0.3431,16.6088,1.0000,0.0000,7.0432,249.5018,66.5377,1.7852,3.4580,0.7882,583.3333,208.6667,41.6178,60.4818,1.8188,7.9361,88.3227,2.6857
18/09/2015 00:00:00,1.2029,0.3649,16.6422,1.0000,0.0000,7.2575,249.7692,68.0640,1.6105,3.0102,0.7399,583.3333,208.6667,37.0867,50.8869,1.6622,6.4708,78.7508,2.4761
19/09/2015 00:00:00,1.1199,0.3866,16.6756,1.0000,0.0000,7.4718,250.0366,69.5903,1.5155,2.7326,0.7197,583.3333,208.6667,34.4795,45.3686,1.5742,5.0055,73.2555,2.3659
20/09/2015 00:00:00,1.0266,0.4084,16.7089,1.0000,0.0000,7.6861,250.3039,71.1166,1.4364,2.4978,0.7022,583.3333,208.6667,32.2943,40.7411,1.4955,3.5402,68.6510,2.2679
21/09/2015 00:00:00,0.9428,0.4302,16.7423,1.0000,0.0000,7.9004,250.5713,72.6429,1.3670,2.2919,0.6849,583.3333,208.6667,30.3775,36.6791,1.4203,2.0749,64.6120,2.1737
22/09/2015 00:00:00,0.8588,0.4520,16.7757,1.0000,0.0000,7.8461,250.8387,74.1692,1.3157,2.1259,0.6712,583.3333,208.6667,28.9026,33.5530,1.3556,1.6040,61.5088,2.0939
23/09/2015 00:00:00,0.7690,0.4817,17.0760,1.0000,0.0000,7.5587,248.2458,73.9312,1.3266,2.0256,0.6748,579.5776,207.9155,27.7528,31.6893,1.2779,1.7752,59.2400,2.0201
24/09/2015 00:00:00,0.7114,0.5173,17.5329,1.0000,0.0000,7.2712,243.9763,72.6594,1.4047,2.0058,0.7084,573.6214,206.7243,27.4026,31.8697,1.2300,1.9464,58.7643,2.0093
25/09/2015 00:00:00,0.6759,0.5528,17.9898,1.0000,0.0000,6.9838,239.7069,71.3876,1.4982,2.0028,0.7506,567.6652,205.5330,27.2794,32.5477,1.1943,2.1176,58.7863,2.0200
26/09/2015 00:00:00,0.6350,0.5884,18.4467,1.0000,0.0000,6.6963,235.4374,70.1158,1.5915,1.9938,0.7900,561.7089,204.3418,27.0688,33.0507,1.1507,2.2888,58.6332,2.0197
27/09/2015 00:00:00,0.5991,0.6240,18.9035,1.0000,0.0000,6.4089,231.1679,68.8440,1.6937,1.9900,0.8335,555.7527,203.1505,26.9259,33.7144,1.1100,2.4600,58.6409,2.0269
28/09/2015 00:00:00,0.5720,0.6596,19.3604,1.0000,0.0000,6.1215,226.8984,67.5722,1.8049,1.9901,0.8811,549.7965,201.9593,26.8318,34.5012,1.0710,2.6312,58.7717,2.0403
29/09/2015 00:00:00,0.5460,0.6952,19.8173,1.0000,0.0000,5.8340,222.6289,66.3004,1.9217,1.9896,0.9295,543.8403,200.7681,26.7219,35.2726,1.0290,2.8024,58.8870,2.0515
30/09/2015 00:00:00,0.5227,0.7308,20.2742,1.0000,0.0000,5.5466,218.3594,65.0286,2.0456,1.9894,0.9798,537.8841,199.5768,26.6119,36.0643,0.9853,2.9736,59.0227,2.0631
01/10/2015 00:00:00,0.5095,0.7308,20.1239,1.0000,0.0000,5.2591,216.6716,63.7568,2.1833,1.9950,1.0368,531.9278,198.3856,26.5722,37.0357,0.9439,3.1448,59.3380,2.0843
02/10/2015 00:00:00,0.4747,0.7070,19.6501,1.0000,0.0000,4.9717,216.3597,62.4850,2.3165,1.9891,1.0861,525.9716,197.1943,26.3725,37.6748,0.8918,3.3160,59.3211,2.0865
03/10/2015 00:00:00,0.4678,0.6831,19.1762,1.0000,0.0000,4.6843,216.0479,61.2133,2.4745,1.9967,1.1494,520.0154,196.0031,26.3438,38.7267,0.8471,3.4872,59.7170,2.1114
04/10/2015 00:00:00,0.4589,0.6593,18.7024,1.0000,0.0000,4.3968,215.7361,59.9415,2.6443,2.0049,1.2159,514.0592,194.8118,26.3129,39.8077,0.7998,3.6584,60.1420,2.1373
05/10/2015 00:00:00,1.2095,0.6354,18.2286,1.0000,0.0000,4.1094,215.4242,58.6697,3.0446,2.1686,1.3186,508.1029,193.6206,28.3009,45.5826,0.7686,3.8296,65.2608,2.2191
06/10/2015 00:00:00,0.5311,0.6116,17.7548,1.0000,0.0000,4.0000,215.1124,57.3979,2.8928,1.9350,1.2613,502.1467,192.4293,25.0991,39.4079,0.6459,5.1661,58.4301,2.0334
07/10/2015 00:00:00,0.4348,0.5951,18.1004,1.0000,0.0000,4.0000,211.7389,56.4524,3.0021,1.9570,1.3166,500.0000,192.0000,25.5678,41.2625,0.6984,7.3161,60.1804,2.1466
08/10/2015 00:00:00,0.4029,0.5837,18.9077,1.0000,0.0000,4.0000,206.6404,55.6908,2.9470,1.9122,1.2693,500.0000,192.0000,25.3527,41.2247,0.7562,9.4661,60.3491,2.1524
09/10/2015 00:00:00,0.3713,0.5722,19.7150,1.0000,0.0000,4.0000,201.5420,54.9292,2.8864,1.8641,1.2242,500.0000,192.0000,25.0781,41.0152,0.8067,11.6161,60.3462,2.1533
10/10/2015 00:00:00,0.3355,0.5607,20.5223,1.0000,0.0000,4.0000,196.4435,54.1676,2.8145,1.8092,1.1795,500.0000,192.0000,24.6926,40.5060,0.8491,13.7661,60.0435,2.1466
11/10/2015 00:00:00,0.3264,0.5493,21.3296,1.0000,0.0000,4.0000,191.3451,53.4060,2.7230,1.7423,1.1298,500.0000,192.0000,24.1206,39.5043,0.8799,15.9161,59.2483,2.1227
12/10/2015 00:00:00,0.3252,0.5378,22.1369,1.0000,0.0000,4.0000,186.2466,52.6444,2.5779,1.6417,1.0297,500.0000,192.0000,23.0519,37.2281,0.8607,18.0661,57.1787,1.9934
13/10/2015 00:00:00,0.2846,0.5264,22.9442,1.0000,0.0000,4.0000,181.1482,51.8828,2.6226,1.6624,1.0661,500.0000,192.0000,23.6712,39.1142,0.9500,20.2161,59.2714,2.1227
14/10/2015 00:00:00,1.2693,0.5342,22.8052,1.0000,0.0000,4.0000,185.6079,51.1212,3.0438,1.9205,1.2013,500.0000,192.0000,27.7265,49.6987,1.1348,22.3661,70.0625,2.4563
15/10/2015 00:00:00,0.7460,0.5543,22.1616,1.0000,0.0000,4.0000,195.1645,50.3596,2.6071,1.6372,0.9863,500.0000,192.0000,23.9636,40.5213,0.9828,24.5161,61.0916,2.0677
16/10/2015 00:00:00,0.3184,0.5744,21.5180,1.0000,0.0000,4.0000,204.7211,49.5980,2.5646,1.6031,1.0312,500.0000,192.0000,23.7850,40.3805,1.0794,26.6661,61.1573,2.2137
17/10/2015 00:00:00,0.2955,0.5945,20.8743,1.0000,0.0000,4.0000,214.2777,48.8364,2.5389,1.5797,1.0145,500.0000,192.0000,23.7545,40.6042,1.1115,28.8161,61.5876,2.2275
18/10/2015 00:00:00,0.2758,0.6146,20.2307,1.0000,0.0000,4.0000,223.8343,48.0748,2.4694,1.5293,0.9819,500.0000,192.0000,23.3052,39.7207,1.1222,30.9661,60.9107,2.2023
19/10/2015 00:00:00,1.0588,0.6348,19.5871,1.0000,0.0000,4.0000,233.3909,47.3132,2.7078,1.6692,0.9907,500.0000,192.0000,25.7748,46.4959,1.1777,33.1161,67.8924,2.2675
20/10/2015 00:00:00,0.3138,0.6549,18.9435,1.0000,0.0000,4.0000,242.9475,46.5516,2.4182,1.4838,0.9480,500.0000,192.0000,23.2133,40.0069,1.1693,33.1169,61.6100,2.2122
21/10/2015 00:00:00,0.2867,0.6585,18.8766,1.0000,0.0000,4.0000,242.7717,46.8965,2.3633,1.4457,0.9430,503.7066,192.7413,23.0300,39.0921,1.1607,31.6173,60.9943,2.1980
22/10/2015 00:00:00,0.2677,0.6497,19.1607,1.0000,0.0000,4.0000,236.6745,47.9152,2.3247,1.4193,0.9528,509.6702,193.9340,23.0853,38.4123,1.1445,30.1176,60.6700,2.1925
23/10/2015 00:00:00,0.2639,0.6409,19.4447,1.0000,0.0000,4.0000,230.5773,48.9339,2.3067,1.4055,0.9695,515.6338,195.1268,23.3346,38.2537,1.1370,28.6180,60.8669,2.2035
24/10/2015 00:00:00,0.2603,0.6322,19.7288,1.0000,0.0000,4.0000,224.4801,49.9526,2.2945,1.3953,0.9884,521.5974,196.3195,23.6367,38.2387,1.1321,27.1184,61.2073,2.2192
25/10/2015 00:00:00,0.2538,0.6234,20.0128,1.0000,0.0000,4.0000,218.3828,50.9713,2.2708,1.3781,1.0010,527.5610,197.5122,23.8143,37.9081,1.1202,25.6187,61.2322,2.2213
26/10/2015 00:00:00,0.3224,0.6146,20.2969,1.0000,0.0000,4.0000,212.2856,51.9900,2.2534,1.3648,1.0165,533.5247,198.7049,24.0496,37.7338,1.1119,24.1191,61.4133,2.2301
27/10/2015 00:00:00,0.2371,0.6058,20.5810,1.0000,0.0000,4.0000,206.1884,53.0087,2.2152,1.3389,1.0212,539.4883,199.8977,24.0527,36.9767,1.0922,22.6195,61.0116,2.2156
28/10/2015 00:00:00,0.5789,0.5762,20.8037,1.0000,0.0000,4.0000,205.2832,54.0274,2.0146,1.2152,0.8371,545.4519,201.0904,22.2490,31.6800,0.8757,21.1199,56.0704,1.7966
29/10/2015 00:00:00,0.2309,0.5330,20.9936,1.0000,0.0000,4.0000,207.1574,55.0461,2.1707,1.3067,1.0449,551.4155,202.2831,24.3755,36.2957,1.0695,19.6202,61.0416,2.2189
30/10/2015 00:00:00,0.2266,0.4898,21.1835,1.0000,0.0000,4.0000,209.0315,56.0648,2.1530,1.2935,1.0592,557.3792,203.4758,24.5764,36.0649,1.0611,18.1206,61.1663,2.2262
31/10/2015 00:00:00,3.5370,0.4467,21.3734,1.0000,0.0000,4.0000,210.9057,57.0835,2.8661,1.7184,1.2246,563.3428,204.6686,33.2476,56.7953,1.2010,16.6210,82.2521,2.5481
01/11/2015 00:00:00,0.4561,0.4035,21.5634,1.0000,0.0000,4.0000,212.7798,58.1022,2.0073,1.2010,0.9623,569.3064,205.8613,23.6577,32.3736,0.9243,15.1213,58.1859,1.9829
02/11/2015 00:00:00,2.1937,0.3603,21.7533,1.0000,0.0000,4.0000,214.6540,59.1209,2.5939,1.5488,1.2122,575.2700,207.0540,31.0524,49.7710,1.1405,13.6217,75.9387,2.4738
03/11/2015 00:00:00,0.7078,0.3171,21.9432,1.0000,0.0000,4.0000,216.5281,60.1396,2.0600,1.2275,0.9617,581.2336,208.2467,25.0438,34.3820,0.8866,12.6318,60.9052,1.9444
04/11/2015 00:00:00,0.4769,0.3153,22.0765,1.0000,0.0000,4.0000,216.0039,60.4982,1.9606,1.1988,1.0150,579.4732,207.8946,24.6393,32.8320,0.9088,12.0028,59.4259,2.0253
05/11/2015 00:00:00,0.4163,0.3412,22.1791,1.0000,0.0000,4.0000,214.1779,60.4982,1.8218,1.1623,0.9951,573.5155,206.7031,23.9376,30.6533,0.8607,11.3738,57.1631,1.9554
06/11/2015 00:00:00,0.4824,0.3671,22.2817,1.0000,0.0000,4.0000,212.3519,60.4982,1.7601,1.1741,1.0301,567.5578,205.5116,24.2306,30.8594,0.8599,10.7449,57.2852,1.9930
07/11/2015 00:00:00,0.5512,0.3931,22.3844,1.0000,0.0000,4.0000,210.5259,60.4982,1.6710,1.1681,0.9996,561.6001,204.3200,24.1560,30.1916,0.8046,10.1159,56.5333,1.9041
08/11/2015 00:00:00,0.3546,0.4190,22.4870,1.0000,0.0000,4.0000,208.6999,60.4982,1.5987,1.1741,1.0408,555.6424,203.1285,24.3310,30.1053,0.8071,9.4869,56.3629,1.9519
09/11/2015 00:00:00,0.3132,0.4449,22.5896,1.0000,0.0000,4.0000,206.8739,60.4982,1.5068,1.1658,1.0480,549.6847,201.9369,24.2091,29.3301,0.7820,8.8579,55.5037,1.9348
10/11/2015 00:00:00,0.2735,0.4708,22.6922,1.0000,0.0000,4.0000,205.0479,60.4982,1.4255,1.1655,1.0650,543.7270,200.7454,24.2537,28.9383,0.7639,8.2289,55.0278,1.9354
11/11/2015 00:00:00,0.2432,0.4784,22.9558,1.0000,0.0000,4.0000,203.6672,60.4982,1.3484,1.1692,1.0841,537.7693,199.5539,24.3804,28.7290,0.7467,7.6000,54.7345,1.9392
12/11/2015 00:00:00,0.2198,0.4732,23.3135,1.0000,0.0000,4.0000,202.5465,60.4982,1.2691,1.1715,1.0995,531.8116,198.3623,24.4804,28.4541,0.7261,6.9710,54.3756,1.9355
13/11/2015 00:00:00,0.1888,0.4680,23.6711,1.0000,0.0000,4.0000,201.4258,60.4982,1.1830,1.1678,1.1136,525.8539,197.1708,24.4535,27.8957,0.7043,6.3420,53.7331,1.9292
14/11/2015 00:00:00,0.1663,0.4628,24.0287,1.0000,0.0000,4.0000,200.3050,60.4982,1.1078,1.1755,1.1412,519.8962,195.9792,24.6675,27.8621,0.6901,5.7130,53.6154,1.9455
15/11/2015 00:00:00,0.2432,0.4576,24.3864,1.0000,0.0000,4.0000,199.1843,60.4982,1.0203,1.1708,1.1519,513.9385,194.7877,24.6204,27.2571,0.6650,5.0841,52.9264,1.9321
16/11/2015 00:00:00,0.1301,0.4523,24.7440,1.0000,0.0000,4.0000,198.0636,60.4982,0.9015,1.1265,1.1183,507.9808,193.5962,23.7382,24.8790,0.6153,4.4551,50.4641,1.8454
17/11/2015 00:00:00,0.1215,0.4471,25.1016,1.0000,0.0000,4.1573,196.9428,60.4982,0.8191,1.1240,1.1274,502.0231,192.4046,23.7359,24.3926,0.5900,4.1830,49.8937,1.8301
18/11/2015 00:00:00,0.3600,0.4508,25.1898,1.0000,0.0000,4.4424,195.3272,60.4982,0.8785,1.0790,0.9292,500.0000,192.0000,22.9312,22.5132,0.5080,4.1545,48.2063,1.5301
19/11/2015 00:00:00,0.1770,0.4601,25.1395,1.0000,0.0000,4.7276,193.4573,60.4982,1.0097,1.0294,0.9159,500.0000,192.0000,22.0649,20.6314,0.5454,4.1260,46.6585,1.5529
20/11/2015 00:00:00,0.1200,0.4693,25.0892,1.0000,0.0000,5.0128,191.5874,60.4982,1.2817,1.1162,1.0851,500.0000,192.0000,24.1291,24.9575,0.6989,4.0975,51.3185,1.8925
21/11/2015 00:00:00,0.1098,0.4786,25.0389,1.0000,0.0000,5.2980,189.7174,60.4982,1.4221,1.0802,1.0392,500.0000,192.0000,23.5504,23.6773,0.7196,4.0689,50.3722,1.8627
22/11/2015 00:00:00,0.0958,0.4878,24.9886,1.0000,0.0000,5.5832,187.8475,60.4982,1.5283,1.0289,0.9800,500.0000,192.0000,22.6223,21.6280,0.7258,4.0404,48.6568,1.8039
23/11/2015 00:00:00,0.0904,0.4971,24.9383,1.0000,0.0000,5.8684,185.9776,60.4982,1.6641,1.0055,0.9480,500.0000,192.0000,22.2942,20.8509,0.7474,4.0119,48.2137,1.7903
24/11/2015 00:00:00,0.0890,0.5064,24.8880,1.0000,0.0000,6.1536,184.1077,60.4982,1.8185,0.9962,0.9300,500.0000,192.0000,22.2752,20.7349,0.7775,3.9834,48.4316,1.8005
25/11/2015 00:00:00,0.0850,0.5141,24.4576,1.0000,0.0000,6.4388,185.4138,60.4982,1.9490,0.9763,0.9027,500.0000,192.0000,22.0112,20.0797,0.7975,3.9548,48.1103,1.7905
26/11/2015 00:00:00,0.0815,0.5208,23.8147,1.0000,0.0000,6.7240,188.4941,60.4982,2.0767,0.9578,0.8775,500.0000,192.0000,21.7751,19.4768,0.8166,3.9263,47.8414,1.7819
27/11/2015 00:00:00,0.0785,0.5275,23.1719,1.0000,0.0000,7.0092,191.5744,60.4982,2.2022,0.9408,0.8544,500.0000,192.0000,21.5665,18.9262,0.8352,3.8978,47.6247,1.7751
28/11/2015 00:00:00,0.9495,0.5341,22.5290,1.0000,0.0000,7.2944,194.6547,60.4982,3.2342,1.2865,1.1374,500.0000,192.0000,29.7339,36.9573,1.1650,3.8693,65.9897,2.4162
29/11/2015 00:00:00,0.0780,0.5408,21.8862,1.0000,0.0000,7.5795,197.7350,60.4982,2.5122,0.9346,0.8358,500.0000,192.0000,21.7788,19.2065,0.8949,3.8407,48.5729,1.8143
30/11/2015 00:00:00,0.0742,0.5475,21.2433,1.0000,0.0000,7.8647,200.8153,60.4982,2.6175,0.9143,0.8114,500.0000,192.0000,21.4817,18.4420,0.9062,3.8122,48.1423,1.7988
01/12/2015 00:00:00,0.0704,0.5542,20.6005,1.0000,0.0000,7.8874,203.8956,60.4982,2.7138,0.8932,0.7867,500.0000,192.0000,21.1566,17.6054,0.9148,4.0454,47.6396,1.7801
02/12/2015 00:00:00,0.0662,0.5567,20.4617,1.0000,0.0000,7.6732,205.6308,60.1719,2.6568,0.8794,0.7742,500.0000,192.0000,20.7616,17.1069,0.9027,4.4749,46.9711,1.7544
03/12/2015 00:00:00,0.0760,0.5565,20.6048,1.0000,0.0000,7.4590,206.6141,59.6634,2.4959,0.8621,0.7676,500.0000,192.0000,20.1517,16.3979,0.8792,4.9043,45.8105,1.7236
04/12/2015 00:00:00,0.0632,0.5563,20.7478,1.0000,0.0000,7.2449,207.5975,59.1548,2.4574,0.8876,0.7881,500.0000,192.0000,20.5404,17.9618,0.8868,5.3338,46.9230,1.7537
05/12/2015 00:00:00,1.6488,0.5561,20.8909,1.0000,0.0000,7.0307,208.5808,58.6463,3.5571,1.3465,1.0686,500.0000,192.0000,30.8454,42.3066,1.1814,5.7632,70.8163,2.3569
06/12/2015 00:00:00,1.7708,0.5559,21.0339,1.0000,0.0000,6.8165,209.5642,58.1377,3.2088,1.2763,1.0134,500.0000,192.0000,28.9370,38.7156,1.1007,6.1927,66.7739,2.2154
07/12/2015 00:00:00,0.4136,0.5556,21.1769,1.0000,0.0000,6.6023,210.5476,57.6292,2.2095,0.9260,0.7032,500.0000,192.0000,20.7763,20.5852,0.7504,6.6221,48.1921,1.5239
08/12/2015 00:00:00,0.0994,0.5554,21.3200,1.0000,0.0000,6.3882,211.5309,57.1207,2.2070,0.9777,0.8738,500.0000,192.0000,21.7037,23.4555,0.9162,7.0516,50.6108,1.8774
09/12/2015 00:00:00,0.0958,0.5516,21.5863,1.0000,0.0000,6.1740,210.3088,56.6121,2.0763,0.9757,0.8753,500.0000,192.0000,21.4252,23.5285,0.9017,7.4810,50.2324,1.8646
10/12/2015 00:00:00,0.0902,0.5455,21.9189,1.0000,0.0000,5.9598,207.8996,56.1036,1.9307,0.9662,0.8699,500.0000,192.0000,20.9855,23.2213,0.8805,7.9104,49.4738,1.8375
11/12/2015 00:00:00,0.0811,0.5393,22.2516,1.0000,0.0000,5.7456,205.4904,55.5951,1.7631,0.9439,0.8534,500.0000,192.0000,20.2751,22.2682,0.8487,8.3399,48.0692,1.7874
12/12/2015 00:00:00,0.0771,0.5331,22.5842,1.0000,0.0000,5.5314,203.0812,55.0865,1.6339,0.9407,0.8533,500.0000,192.0000,19.9785,22.2901,0.8339,8.7693,47.6396,1.7725
13/12/2015 00:00:00,0.0758,0.5270,22.9169,1.0000,0.0000,5.3173,200.6719,54.5780,1.5215,0.9478,0.8626,500.0000,192.0000,19.8989,22.8318,0.8283,9.1988,47.7298,1.7772
14/12/2015 00:00:00,0.0756,0.5208,23.2495,1.0000,0.0000,5.1031,198.2627,54.0694,1.4138,0.9598,0.8766,500.0000,192.0000,19.9153,23.6108,0.8270,9.6282,48.0574,1.7912
15/12/2015 00:00:00,0.0714,0.5146,23.5822,1.0000,0.0000,5.0691,195.8535,53.5609,1.2796,0.9547,0.8745,500.0000,192.0000,19.5768,23.5367,0.8106,10.0080,47.5318,1.7725
16/12/2015 00:00:00,0.0675,0.5110,23.7470,1.0000,0.0000,5.2024,194.6544,53.8402,1.2106,0.9369,0.8618,500.0000,192.0000,19.4605,22.9084,0.8086,10.3546,47.0771,1.7566
17/12/2015 00:00:00,0.0633,0.5091,23.8198,1.0000,0.0000,5.3357,194.1193,54.5517,1.1744,0.9100,0.8408,500.0000,192.0000,19.4005,21.8363,0.8114,10.7012,46.5215,1.7363
18/12/2015 00:00:00,0.0595,0.5072,23.8926,1.0000,0.0000,5.4690,193.5842,55.2631,1.1383,0.8832,0.8193,500.0000,192.0000,19.3146,20.7238,0.8125,11.0478,45.9255,1.7136
19/12/2015 00:00:00,0.0549,0.5053,23.9653,1.0000,0.0000,5.6023,193.0490,55.9745,1.0944,0.8503,0.7913,500.0000,192.0000,19.0636,19.2430,0.8059,11.3944,44.9611,1.6763
20/12/2015 00:00:00,0.0513,0.5034,24.0381,1.0000,0.0000,5.7356,192.5139,56.6859,1.0563,0.8217,0.7669,500.0000,192.0000,18.8797,17.9447,0.8018,11.7411,44.1792,1.6455
21/12/2015 00:00:00,0.0474,0.5015,24.1109,1.0000,0.0000,5.8689,191.9788,57.3973,1.0140,0.7898,0.7388,500.0000,192.0000,18.5868,16.4148,0.7923,12.0877,43.1658,1.6050
22/12/2015 00:00:00,0.0431,0.4996,24.1837,1.0000,0.0000,6.0022,191.4436,58.1087,0.9665,0.7539,0.7058,500.0000,192.0000,18.1628,14.6066,0.7761,12.4343,41.8741,1.5525
23/12/2015 00:00:00,0.0392,0.4997,24.3711,1.0000,0.0000,6.1355,189.6296,58.8201,0.9198,0.7183,0.6726,500.0000,192.0000,17.7113,12.7624,0.7579,12.7809,40.5463,1.4978
24/12/2015 00:00:00,0.0357,0.5012,24.6237,1.0000,0.0000,6.2688,187.0904,59.5316,0.8755,0.6846,0.6407,500.0000,192.0000,17.2672,10.9605,0.7395,13.1275,39.2609,1.4443
25/12/2015 00:00:00,0.0332,0.5027,24.8762,1.0000,0.0000,6.4021,184.5512,60.2430,0.8408,0.6584,0.6162,500.0000,192.0000,16.9782,9.5333,0.7282,13.4742,38.3501,1.4060
26/12/2015 00:00:00,0.0310,0.5041,25.1287,1.0000,0.0000,6.5354,182.0119,60.9544,0.8076,0.6332,0.5927,500.0000,192.0000,16.6915,8.1296,0.7168,13.8208,37.4629,1.3688
27/12/2015 00:00:00,0.0292,0.5056,25.3812,1.0000,0.0000,6.6687,179.4727,61.6658,0.7793,0.6119,0.5731,500.0000,192.0000,16.4791,6.9088,0.7090,14.1674,36.7585,1.3394
28/12/2015 00:00:00,0.0272,0.5071,25.6337,1.0000,0.0000,6.8020,176.9335,62.3772,0.7475,0.5877,0.5503,500.0000,192.0000,16.1658,5.4785,0.6961,14.5140,35.8447,1.3015
29/12/2015 00:00:00,0.0243,0.5085,25.8862,1.0000,0.0000,6.9353,174.3943,63.0886,0.6969,0.5487,0.5114,500.0000,192.0000,15.4104,3.0898,0.6613,14.8606,33.9724,1.2239
30/12/2015 00:00:00,0.0239,0.5100,26.1388,1.0000,0.0000,7.0343,171.8551,63.8000,0.6871,0.5417,0.5070,500.0000,192.0000,15.5297,2.6445,0.6698,14.6737,34.0436,1.2274
31/12/2015 00:00:00,0.0248,0.5134,26.1512,1.0000,0.0000,7.1011,169.5067,65.4559,0.7498,0.5629,0.5462,495.9052,191.1810,16.1618,3.8623,0.6796,14.1280,35.2989,1.2804
01/01/2016 00:00:00,0.0232,0.5181,26.0278,1.0000,0.0000,7.1678,167.2663,67.6455,0.7943,0.5542,0.5595,489.4960,189.8992,15.7700,3.1463,0.6265,13.5822,34.3499,1.2419
02/01/2016 00:00:00,0.0672,0.5228,25.9045,1.0000,0.0000,7.2345,165.0259,69.8351,0.8184,0.5333,0.4606,483.0868,188.6174,15.0356,1.6887,0.4642,13.0365,32.6592,0.9708
03/01/2016 00:00:00,0.0215,0.5275,25.7811,1.0000,0.0000,7.3012,162.7856,72.0248,0.9063,0.5538,0.6023,476.6775,187.3355,15.4683,2.7660,0.5460,12.4908,33.5034,1.2085
04/01/2016 00:00:00,0.0198,0.5322,25.6577,1.0000,0.0000,7.3679,160.5452,74.2144,0.9372,0.5390,0.6034,470.2683,186.0537,14.9122,1.6999,0.4914,11.9450,32.2042,1.1551
05/01/2016 00:00:00,0.0219,0.5369,25.5343,1.0000,0.0000,7.4347,158.3048,76.4040,1.0803,0.5866,0.6862,463.8591,184.7718,16.0742,4.3381,0.5012,11.3993,34.6093,1.2560
06/01/2016 00:00:00,0.0233,0.5409,25.4662,1.0000,0.0000,7.5014,158.3291,78.5936,1.2083,0.6212,0.7538,457.4498,183.4900,16.8577,6.1459,0.4925,10.8536,36.1840,1.3218
07/01/2016 00:00:00,0.0239,0.5444,25.4291,1.0000,0.0000,7.5681,159.6230,80.7833,1.1844,0.5781,0.6968,451.0406,182.2081,15.5331,3.4300,0.4059,10.3078,33.2350,1.1723
08/01/2016 00:00:00,0.2099,0.5478,25.3920,1.0000,0.0000,7.6348,160.9169,82.9729,1.8472,0.8578,0.8933,444.6314,180.9263,22.8211,19.0971,0.4620,9.7621,48.6691,1.4446
09/01/2016 00:00:00,0.0566,0.5513,25.3548,1.0000,0.0000,7.7016,162.2109,85.1625,1.4661,0.6492,0.8449,438.2222,179.6444,17.0966,6.9995,0.3857,9.2164,36.3383,1.3151
10/01/2016 00:00:00,0.0209,0.5547,25.3177,1.0000,0.0000,7.7683,163.5048,87.3522,1.4340,0.6067,0.7886,431.8129,178.3626,15.8127,4.3876,0.3157,8.6706,33.4934,1.1831
11/01/2016 00:00:00,0.0218,0.5582,25.2806,1.0000,0.0000,7.8350,164.7987,89.5418,1.6589,0.6718,0.9264,425.4037,177.0807,17.3259,7.6953,0.3224,8.1249,36.5680,1.3414
12/01/2016 00:00:00,0.0799,0.5616,25.2435,1.0000,0.0000,7.9017,166.0926,91.7314,1.7812,0.6915,0.9053,418.9945,175.7989,17.6468,8.4692,0.2708,7.5792,37.1088,1.2666
13/01/2016 00:00:00,0.1452,0.5654,25.1708,1.0000,0.0000,7.9684,166.9894,92.0732,2.1898,0.8363,1.0693,423.7456,176.7491,21.3412,16.7242,0.3379,7.0335,45.3383,1.5141
14/01/2016 00:00:00,0.0194,0.5694,25.0778,1.0000,0.0000,8.0000,167.6598,91.3612,1.6718,0.6369,0.8808,434.8618,178.9724,16.3553,6.6631,0.3255,6.9528,35.3702,1.2944
15/01/2016 00:00:00,0.0171,0.5734,24.9849,1.0000,0.0000,8.0000,168.3302,90.6491,1.5404,0.5854,0.7933,445.9781,181.1956,15.1264,4.4855,0.3362,7.2198,33.2855,1.2089
16/01/2016 00:00:00,0.0161,0.5774,24.8919,1.0000,0.0000,8.0000,169.0005,89.9370,1.4718,0.5580,0.7445,457.0943,183.4189,14.5073,3.5755,0.3564,7.4868,32.4684,1.1754
17/01/2016 00:00:00,0.0165,0.5813,24.7990,1.0000,0.0000,8.0000,169.6709,89.2249,1.4323,0.5417,0.7083,468.2106,185.6421,14.1712,3.2592,0.3785,7.7538,32.2451,1.1575
18/01/2016 00:00:00,0.0249,0.5853,24.7060,1.0000,0.0000,8.0000,170.3413,88.5129,1.3833,0.5219,0.6731,479.3268,187.8654,13.7377,2.6885,0.3976,8.0208,31.7673,1.1380
19/01/2016 00:00:00,0.0408,0.5893,24.6131,1.0000,0.0000,8.0000,171.0116,87.8008,1.7036,0.6412,0.8868,490.4431,190.0886,16.9817,10.7213,0.5743,8.2878,39.8930,1.5498
20/01/2016 00:00:00,1.2279,0.5899,24.7274,1.0000,0.0000,8.0000,170.6459,87.0887,2.9714,1.1157,1.3042,501.5594,192.3119,29.7295,41.6597,0.9199,8.5548,70.9244,2.3546
21/01/2016 00:00:00,0.1098,0.5883,24.9561,1.0000,0.0000,8.0000,169.7084,86.3767,2.2166,0.8303,0.9370,512.6756,194.5351,22.2598,24.5528,0.7157,8.8218,53.9104,1.7464
22/01/2016 00:00:00,0.0221,0.5866,25.1849,1.0000,0.0000,8.0000,168.7710,85.6646,1.5923,0.5950,0.7623,523.7919,196.7584,16.0494,9.9960,0.6273,9.0888,39.4465,1.4659
23/01/2016 00:00:00,0.0318,0.5849,25.4136,1.0000,0.0000,8.0000,167.8336,84.9525,1.3639,0.5084,0.4787,534.9081,198.9816,13.7979,4.8616,0.4226,9.3558,34.4050,0.9492
24/01/2016 00:00:00,0.1249,0.5832,25.6423,1.0000,0.0000,8.0000,166.8962,84.2404,1.4256,0.5301,0.5704,546.0244,201.2049,14.4742,6.9679,0.5382,9.6229,36.6042,1.1656
25/01/2016 00:00:00,0.2867,0.5815,25.8711,1.0000,0.0000,8.0000,165.9587,83.5284,1.5325,0.5684,0.5440,557.1407,203.4281,15.6167,10.3135,0.5467,9.8899,40.0427,1.1450
26/01/2016 00:00:00,0.0848,0.5799,26.0998,1.0000,0.0000,7.9615,165.0213,82.8163,1.1498,0.4254,0.2289,568.2569,205.6514,11.7592,0.7399,0.2443,10.5882,30.5620,0.4960
27/01/2016 00:00:00,0.0333,0.5782,26.3285,1.0000,0.0000,7.8901,164.0839,82.1042,1.5148,0.5591,0.6516,579.3732,207.8746,15.5487,11.0349,0.7365,11.5893,40.9500,1.4532
28/01/2016 00:00:00,0.0156,0.5691,25.7147,1.0000,0.0000,7.8186,168.7383,81.1448,1.2609,0.4733,0.5712,579.2019,207.8404,13.3554,4.7400,0.6563,12.5905,34.9204,1.2846
29/01/2016 00:00:00,0.0142,0.5550,24.6348,1.0000,0.0000,7.7472,176.4859,80.0485,1.1767,0.4545,0.5478,572.7841,206.5568,13.0682,3.0109,0.6258,13.5916,33.5520,1.2283
30/01/2016 00:00:00,0.0142,0.5409,23.5549,1.0000,0.0000,7.6758,184.2336,78.9522,1.0707,0.4260,0.5074,566.3663,205.2733,12.4766,0.5608,0.5763,14.5927,31.4627,1.1345
31/01/2016 00:00:00,1.1827,0.5268,22.4751,1.0000,0.0000,7.6043,191.9812,77.8560,2.2113,0.9070,0.8994,559.9485,203.9897,27.0597,35.7759,1.0153,15.5939,67.0385,2.0046
01/02/2016 00:00:00,0.0344,0.5127,21.3952,1.0000,0.0000,7.5329,199.7289,76.7597,0.9148,0.3873,0.4217,553.5307,202.7061,11.7660,0.0000,0.4730,16.5950,28.6444,0.9370
02/02/2016 00:00:00,0.0157,0.4986,20.3153,1.0000,0.0000,7.4615,207.4765,75.6634,1.1011,0.4818,0.5945,547.1129,201.4226,14.8985,3.6663,0.6624,17.5962,35.6503,1.3164
03/02/2016 00:00:00,0.0153,0.4934,20.6053,1.0000,0.0000,7.3900,207.5289,74.5671,1.0575,0.4788,0.5931,540.6951,200.1390,15.0704,3.1084,0.6563,18.5973,35.4531,1.3087
04/02/2016 00:00:00,0.0146,0.4946,21.6864,1.0000,0.0000,7.3186,203.1381,73.4709,1.0074,0.4726,0.5874,534.2773,198.8555,15.1375,2.3124,0.6453,19.5985,35.0178,1.2914
05/02/2016 00:00:00,0.0129,0.4957,22.7674,1.0000,0.0000,7.2471,198.7472,72.3746,0.9189,0.4474,0.5549,527.8595,197.5719,14.5772,0.1011,0.6049,20.5996,33.1672,1.2152
06/02/2016 00:00:00,0.0115,0.4969,23.8485,1.0000,0.0000,7.1757,194.3564,71.2783,0.8341,0.4222,0.5219,521.4417,196.2883,13.9907,0.0000,0.5644,21.6007,31.3159,1.1384
07/02/2016 00:00:00,0.0106,0.4981,24.9295,1.0000,0.0000,7.1043,189.9656,70.1820,0.7682,0.4048,0.4997,515.0239,195.0048,13.6433,0.0000,0.5359,22.6019,30.0485,1.0856
08/02/2016 00:00:00,0.0095,0.4993,26.0105,1.0000,0.0000,7.0328,185.5747,69.0857,0.6931,0.3811,0.4679,508.6061,193.7212,13.0576,0.0000,0.4975,23.6030,28.3027,1.0122
09/02/2016 00:00:00,0.0084,0.5004,27.0916,1.0000,0.0000,7.0000,181.1839,67.9895,0.6153,0.3537,0.4304,502.1883,192.4377,12.3207,0.0000,0.4534,35.4705,26.2873,0.9267
10/02/2016 00:00:00,0.0081,0.5007,26.9915,1.0000,0.0000,7.0000,180.1284,67.1135,0.5925,0.3447,0.4316,496.0805,191.2161,12.2585,0.0000,0.4357,54.4781,25.8953,0.9105
11/02/2016 00:00:00,0.0081,0.5003,26.2809,1.0000,0.0000,7.0000,180.7973,66.3516,0.5884,0.3403,0.4458,490.1332,190.0266,12.3798,0.0000,0.4237,73.4856,25.9737,0.9141
12/02/2016 00:00:00,0.0084,0.4999,25.5703,1.0000,0.0000,7.0000,181.4662,65.5896,0.6034,0.3470,0.4787,484.1858,188.8372,12.9080,0.0000,0.4277,92.4932,26.9039,0.9543
13/02/2016 00:00:00,0.0083,0.4996,24.8596,1.0000,0.0000,7.0000,182.1351,64.8277,0.5997,0.3428,0.4946,478.2384,187.6477,13.0366,0.0000,0.4146,111.5007,26.9990,0.9586
14/02/2016 00:00:00,0.0083,0.4992,24.1490,1.0000,0.0000,7.0000,182.8040,64.0658,0.6000,0.3410,0.5149,472.2911,186.4582,13.2504,0.0000,0.4044,130.5082,27.2728,0.9707
15/02/2016 00:00:00,0.0078,0.4988,23.4384,1.0000,0.0000,7.0000,183.4729,63.3038,0.5737,0.3242,0.5074,466.3437,185.2687,12.8677,0.0000,0.3726,149.5158,26.3267,0.9307
16/02/2016 00:00:00,0.0071,0.4985,22.7277,1.0000,0.0000,7.0000,184.1418,62.5419,0.5334,0.2997,0.4828,460.3963,184.0793,12.1450,0.0000,0.3306,168.5233,24.7043,0.8617
17/02/2016 00:00:00,0.0074,0.4996,22.5925,1.0000,0.0000,7.0000,182.9509,61.7799,0.5489,0.3066,0.5197,454.4490,182.8898,12.6849,0.0000,0.3312,187.5309,25.6575,0.9029
18/02/2016 00:00:00,0.0072,0.5017,22.7653,1.0000,0.0000,7.0000,180.7646,61.0180,0.5390,0.2994,0.5282,448.5016,181.7003,12.6386,0.0000,0.3123,206.5384,25.4245,0.8933
19/02/2016 00:00:00,0.0077,0.5039,22.9381,1.0000,0.0000,7.0000,178.5783,60.2561,0.5672,0.3132,0.5834,442.5542,180.5108,13.4898,0.0000,0.3189,225.5460,26.9930,0.9606
20/02/2016 00:00:00,0.0073,0.5060,23.1108,1.0000,0.0000,7.0000,176.3920,59.4941,0.5443,0.2988,0.5763,436.6069,179.3214,13.1251,0.0000,0.2902,244.5535,26.1283,0.9241
21/02/2016 00:00:00,0.0076,0.5081,23.2836,1.0000,0.0000,7.0000,174.2057,58.7322,0.5601,0.3057,0.6190,430.6595,178.1319,13.6917,0.0000,0.2858,263.5610,27.1201,0.9667
22/02/2016 00:00:00,0.6273,0.5102,23.4563,1.0000,0.0000,7.0000,172.0194,57.9702,1.2490,0.6778,1.3200,424.7121,176.9424,30.9453,17.9419,0.5561,282.5686,60.9978,2.0081
23/02/2016 00:00:00,0.0092,0.5123,23.6291,1.0000,0.0000,6.9640,169.8331,57.2083,0.6277,0.3387,0.7610,418.7648,175.7530,15.7575,0.0000,0.2908,279.6695,30.9136,1.1278
24/02/2016 00:00:00,0.0263,0.5139,23.7484,1.0000,0.0000,6.8975,169.0760,57.3994,0.6810,0.3661,0.8503,423.8464,176.7693,17.0067,0.0000,0.3197,262.7072,33.3526,1.2550
25/02/2016 00:00:00,0.0095,0.5151,23.8387,1.0000,0.0000,6.8310,169.0968,58.1100,0.6595,0.3536,0.7858,434.9395,178.9879,16.2229,0.0000,0.3047,245.7449,31.8802,1.1690
26/02/2016 00:00:00,0.0088,0.5163,23.9290,1.0000,0.0000,6.7644,169.1176,58.8206,0.6480,0.3465,0.7527,446.0327,181.2065,15.6951,0.0000,0.3009,228.7826,30.9076,1.1289
27/02/2016 00:00:00,0.0080,0.5175,24.0192,1.0000,0.0000,6.6979,169.1384,59.5312,0.6260,0.3338,0.7065,457.1258,183.4252,14.9269,0.0000,0.2911,211.8203,29.4583,1.0682
28/02/2016 00:00:00,0.0077,0.5187,24.1095,1.0000,0.0000,6.6313,169.1592,60.2418,0.6264,0.3332,0.6905,468.2189,185.6438,14.7020,0.0000,0.2933,194.8580,29.0789,1.0529
29/02/2016 00:00:00,0.0080,0.5199,24.1997,1.0000,0.0000,6.5648,169.1800,60.9524,0.6510,0.3453,0.7044,479.3121,187.8624,15.0332,0.0000,0.3084,177.8956,29.8021,1.0832
01/03/2016 00:00:00,0.0273,0.5211,24.2900,1.0000,0.0000,6.4982,169.2008,61.6630,0.5624,0.2975,0.5722,490.4052,190.0810,12.7751,0.0000,0.2581,160.9333,25.3853,0.8875
02/03/2016 00:00:00,0.0080,0.5224,24.3802,1.0000,0.0000,6.4317,169.2216,62.3736,0.6807,0.3591,0.7057,501.4983,192.2997,15.2061,0.0000,0.3281,143.9710,30.2894,1.1044
03/03/2016 00:00:00,0.0079,0.5238,24.4705,1.0000,0.0000,6.3652,169.2424,63.0842,0.6873,0.3616,0.6959,512.5915,194.5183,15.0961,0.0000,0.3334,127.0087,30.1458,1.0989
04/03/2016 00:00:00,0.0080,0.5252,24.5608,1.0000,0.0000,6.2986,169.2632,63.7947,0.7054,0.3701,0.6985,523.6846,196.7369,15.2279,0.0000,0.3449,110.0464,30.4878,1.1133
05/03/2016 00:00:00,0.0076,0.5267,24.6510,1.0000,0.0000,6.2321,169.2840,64.5053,0.7015,0.3670,0.6764,534.7778,198.9555,14.8797,0.0000,0.3441,93.0841,29.8705,1.0881
06/03/2016 00:00:00,0.0076,0.5281,24.7413,1.0000,0.0000,6.1655,169.3048,65.2159,0.7141,0.3726,0.6718,545.8709,201.1742,14.8783,0.0000,0.3522,76.1218,29.9501,1.0912
07/03/2016 00:00:00,0.0073,0.5295,24.8315,1.0000,0.0000,6.0990,169.3256,65.9265,0.7142,0.3716,0.6539,556.9640,203.3928,14.6121,0.0000,0.3533,59.1595,29.4984,1.0726
08/03/2016 00:00:00,0.0069,0.5309,24.9218,1.0000,0.0000,6.0324,169.3464,66.6371,0.7097,0.3683,0.6312,568.0572,205.6114,14.2541,0.0000,0.3515,42.1972,28.8607,1.0458
09/03/2016 00:00:00,0.0065,0.5323,25.0120,1.0000,0.0000,5.9211,169.3672,67.3477,0.6947,0.3595,0.5986,579.1503,207.8301,13.6901,0.0000,0.3435,34.7781,27.8036,1.0020
10/03/2016 00:00:00,0.0064,0.5342,25.1275,1.0000,0.0000,5.7673,171.5936,68.2993,0.6866,0.3604,0.5904,575.3293,207.0659,13.6038,0.0000,0.3537,34.3927,27.8408,1.0032
11/03/2016 00:00:00,0.0064,0.5363,25.2583,1.0000,0.0000,5.6134,175.1504,69.3967,0.6715,0.3613,0.5864,562.4799,204.4960,13.5828,0.0000,0.3690,34.0072,28.0895,1.0141
12/03/2016 00:00:00,0.0062,0.5384,25.3890,1.0000,0.0000,5.4595,178.7072,70.4942,0.6399,0.3532,0.5653,549.6306,201.9261,13.2244,0.0000,0.3732,33.6218,27.6360,0.9950
13/03/2016 00:00:00,0.0061,0.5405,25.5197,1.0000,0.0000,5.3056,182.2640,71.5916,0.6188,0.3508,0.5551,536.7812,199.3562,13.0775,0.0000,0.3841,33.2363,27.6174,0.9947
14/03/2016 00:00:00,0.0049,0.5426,25.6504,1.0000,0.0000,5.1517,185.8208,72.6891,0.5170,0.3012,0.4574,523.9319,196.7864,11.1811,0.0000,0.3313,32.8509,23.8627,0.8344
15/03/2016 00:00:00,0.0069,0.5447,25.7812,1.0000,0.0000,4.9979,189.3775,73.7865,0.4402,0.2638,0.3316,511.0826,194.2165,9.7517,0.0000,0.2512,32.4655,21.0335,0.6159
16/03/2016 00:00:00,0.0051,0.5474,25.6819,1.0000,0.0000,4.8440,189.6391,74.8840,0.5043,0.3112,0.4664,498.2332,191.6466,11.4533,0.0000,0.3692,32.0800,24.9674,0.8823
17/03/2016 00:00:00,0.0053,0.5505,25.4584,1.0000,0.0000,4.6901,188.1206,75.9814,0.5053,0.3214,0.4799,485.3839,189.0768,11.7764,0.0000,0.3966,31.6946,25.9467,0.9245
18/03/2016 00:00:00,0.0054,0.5536,25.2348,1.0000,0.0000,4.5362,186.6021,77.0789,0.4904,0.3219,0.4757,472.5345,186.5069,11.7431,0.0000,0.4101,31.3092,26.1516,0.9333
19/03/2016 00:00:00,0.0226,0.5566,25.0113,1.0000,0.0000,4.3823,185.0836,78.1764,0.4570,0.3099,0.3833,459.6852,183.9370,11.2559,0.0000,0.3446,30.9237,25.3373,0.7662
20/03/2016 00:00:00,0.0858,0.5597,24.7878,1.0000,0.0000,4.2285,183.5651,79.2738,0.7215,0.5062,0.6002,446.8358,181.3672,18.3014,9.8414,0.5620,30.5383,41.6434,1.2222
21/03/2016 00:00:00,0.0388,0.5628,24.5643,1.0000,0.0000,4.0746,182.0466,80.3713,0.5426,0.3944,0.6359,433.9865,178.7973,14.1947,1.1151,0.6200,30.1528,32.6504,1.3195
22/03/2016 00:00:00,0.0061,0.5659,24.3407,1.0000,0.0000,4.0369,180.5281,81.4687,0.4614,0.3479,0.4986,421.1372,176.2274,12.4650,0.0000,0.5059,28.9752,28.9851,1.0544
23/03/2016 00:00:00,0.0065,0.5678,24.0905,1.0000,0.0000,4.1085,182.6722,82.3470,0.4699,0.3562,0.5073,424.4176,176.8835,12.8218,0.0000,0.5341,27.2771,29.8623,1.0921
24/03/2016 00:00:00,0.0071,0.5690,23.8260,1.0000,0.0000,4.1801,186.7695,83.1085,0.4953,0.3709,0.5257,436.3041,179.2608,13.4818,0.0000,0.5734,25.5789,31.2947,1.1516
25/03/2016 00:00:00,0.0070,0.5701,23.5615,1.0000,0.0000,4.2517,190.8667,83.8699,0.4983,0.3686,0.5169,448.1906,181.6381,13.5301,0.0000,0.5837,23.8808,31.3032,1.1523
26/03/2016 00:00:00,1.7408,0.5713,23.2970,1.0000,0.0000,4.3233,194.9639,84.6313,1.0784,0.7880,1.0181,460.0771,184.0154,29.2103,35.4114,1.1899,22.1826,67.3601,2.3098
27/03/2016 00:00:00,1.7592,0.5725,23.0325,1.0000,0.0000,4.3948,199.0611,85.3927,1.0443,0.7539,0.8869,471.9636,186.3927,28.2190,32.7035,1.0724,20.4845,64.8638,2.0480
28/03/2016 00:00:00,0.0094,0.5737,22.7680,1.0000,0.0000,4.4664,203.1583,86.1541,0.5688,0.4057,0.5579,483.8501,188.7700,15.3332,2.7601,0.6975,18.7863,35.1320,1.3111
29/03/2016 00:00:00,0.0093,0.5748,22.5035,1.0000,0.0000,4.5380,207.2555,86.9155,0.5681,0.4005,0.5439,495.7365,191.1473,15.2815,2.3191,0.7029,17.0882,34.9025,1.3012
30/03/2016 00:00:00,0.0086,0.5753,22.4224,1.0000,0.0000,4.6096,206.3694,87.6769,0.5554,0.3869,0.5181,507.6230,193.5246,14.9050,1.1407,0.6918,15.3900,33.9358,1.2617
31/03/2016 00:00:00,0.0082,0.5752,22.4467,1.0000,0.0000,4.6812,202.6219,88.4383,0.5479,0.3772,0.4980,519.5095,195.9019,14.6701,0.2907,0.6869,13.6919,33.2974,1.2347
01/04/2016 00:00:00,0.0168,0.5751,22.4710,1.0000,0.0000,4.7528,198.8743,89.1997,0.6007,0.4088,0.5620,531.3960,198.2792,16.0490,3.0969,0.8005,11.9937,36.3152,1.4187
02/04/2016 00:00:00,0.0205,0.5750,22.4952,1.0000,0.0000,4.8244,195.1268,89.9612,0.5800,0.3901,0.5349,543.2825,200.6565,15.4623,1.4513,0.7864,10.2956,34.8812,1.3747
03/04/2016 00:00:00,0.0082,0.5750,22.5195,1.0000,0.0000,4.8960,191.3792,90.7226,0.5559,0.3696,0.4705,555.1690,203.0338,14.7890,0.0000,0.7140,8.5975,33.2618,1.2316
04/04/2016 00:00:00,0.0081,0.5749,22.5438,1.0000,0.0000,4.9676,187.6317,91.4840,0.5583,0.3669,0.4613,567.0555,205.4111,14.8203,0.0000,0.7222,6.8993,33.2328,1.2296
05/04/2016 00:00:00,0.0079,0.5748,22.5680,1.0000,0.0000,5.1171,183.8841,92.2454,0.5576,0.3623,0.4504,578.9419,207.7884,14.7709,0.0000,0.7273,7.0317,33.0241,1.2227
06/04/2016 00:00:00,0.0074,0.5661,22.3725,1.0000,0.0000,5.3312,184.1637,92.3664,0.5531,0.3648,0.4265,579.5793,207.9159,14.3636,0.0000,0.7322,8.4456,32.4722,1.2014
07/04/2016 00:00:00,0.0074,0.5513,22.0483,1.0000,0.0000,5.5452,186.8018,92.1121,0.5587,0.3791,0.4055,573.6257,206.7251,14.0759,0.0000,0.7537,9.8595,32.4429,1.1997
08/04/2016 00:00:00,0.0080,0.5365,21.7241,1.0000,0.0000,5.7593,189.4398,91.8579,0.5785,0.4032,0.3950,567.6722,205.5344,14.1486,0.0000,0.7957,11.2735,33.2471,1.2302
09/04/2016 00:00:00,0.0076,0.5218,21.3999,1.0000,0.0000,5.9733,192.0778,91.6036,0.5777,0.4128,0.3704,561.7186,204.3437,13.7167,0.0000,0.8099,12.6874,32.8616,1.2174
10/04/2016 00:00:00,1.1878,0.5070,21.0756,1.0000,0.0000,6.1874,194.7159,91.3494,1.1581,0.8472,0.5916,555.7650,203.1530,26.7048,32.1949,1.4057,14.1013,65.2272,2.0564
11/04/2016 00:00:00,0.1061,0.4923,20.7514,1.0000,0.0000,6.4014,197.3539,91.0952,0.8289,0.6199,0.3762,549.8115,201.9623,18.5680,13.4467,0.9735,15.5153,46.2391,1.3873
12/04/2016 00:00:00,0.9105,0.4775,20.4272,1.0000,0.0000,6.6155,199.9920,90.8409,1.0020,0.7651,0.4534,543.8579,200.7716,21.8100,22.8224,1.2806,16.9292,55.3750,1.7793
13/04/2016 00:00:00,0.6037,0.4606,20.2935,1.0000,0.0000,6.8296,203.8842,90.5867,0.9622,0.7493,0.4278,537.9043,199.5809,20.3545,20.3785,1.3226,18.3431,52.6912,1.7932
14/04/2016 00:00:00,0.0123,0.4422,20.2663,1.0000,0.0000,7.0436,208.4770,90.3324,0.6611,0.5245,0.2908,531.9508,198.3902,13.5950,3.8099,0.9872,19.7571,35.8828,1.3071
15/04/2016 00:00:00,0.0133,0.4238,20.2390,1.0000,0.0000,7.2577,213.0699,90.0782,0.6846,0.5528,0.2825,525.9972,197.1994,13.6896,5.0086,1.0574,21.1710,36.8417,1.3682
16/04/2016 00:00:00,0.0100,0.4054,20.2118,1.0000,0.0000,7.4717,217.6627,89.8239,0.6663,0.5471,0.2506,520.0437,196.0087,12.9575,3.9638,1.0389,22.5850,35.5570,1.3146
17/04/2016 00:00:00,0.2497,0.3871,20.1845,1.0000,0.0000,7.6858,222.2556,89.5697,0.8287,0.6913,0.2562,514.0901,194.8180,15.6759,12.5101,1.1827,23.9989,43.8635,1.4645
18/04/2016 00:00:00,0.3079,0.3687,20.1572,1.0000,0.0000,7.8998,226.8484,89.3154,0.8913,0.7549,0.2512,508.1365,193.6273,16.4014,15.6857,1.3002,25.4128,46.7992,1.5766
19/04/2016 00:00:00,5.0039,0.3503,20.1300,1.0000,0.0000,7.9620,231.4413,89.0612,1.6211,1.3929,0.3842,502.1830,192.4366,29.0268,53.5877,2.2477,26.0836,84.4614,2.6703
20/04/2016 00:00:00,0.0329,0.3359,20.0858,1.0000,0.0000,7.8905,231.6148,89.6122,0.5754,0.4927,0.1280,500.0000,192.0000,10.0781,0.0000,0.8207,26.2267,29.8207,0.9614
21/04/2016 00:00:00,0.0184,0.3242,20.0317,1.0000,0.0000,7.8189,229.2306,90.6293,0.7454,0.6297,0.1761,500.0000,192.0000,12.8115,8.1021,1.2069,26.3698,38.4877,1.4006
22/04/2016 00:00:00,0.0192,0.3126,19.9777,1.0000,0.0000,7.7474,226.8463,91.6464,0.7586,0.6324,0.1692,500.0000,192.0000,12.7952,8.8870,1.2331,26.5128,39.0276,1.4193
23/04/2016 00:00:00,0.0179,0.3009,19.9237,1.0000,0.0000,7.6759,224.4621,92.6635,0.7504,0.6174,0.1596,500.0000,192.0000,12.4204,8.5715,1.2312,26.6559,38.4671,1.4067
24/04/2016 00:00:00,0.0371,0.2893,19.8696,1.0000,0.0000,7.6044,222.0778,93.6807,0.6675,0.5420,0.1337,500.0000,192.0000,10.8412,4.4437,1.0877,26.7989,34.0943,1.2347
25/04/2016 00:00:00,0.8715,0.2776,19.8156,1.0000,0.0000,7.5329,219.6936,94.6978,1.3035,1.0446,0.2368,500.0000,192.0000,20.7751,36.9421,2.0258,26.9420,66.3478,2.2863
26/04/2016 00:00:00,3.1881,0.2660,19.7616,1.0000,0.0000,7.4614,217.3093,95.7149,1.4744,1.1662,0.2350,500.0000,192.0000,23.0587,45.6258,2.1082,27.0850,74.7864,2.3668
27/04/2016 00:00:00,0.6556,0.2543,19.7075,1.0000,0.0000,7.3899,214.9251,96.7321,1.0192,0.7957,0.1523,500.0000,192.0000,15.6402,22.6027,1.4290,27.2281,51.5184,1.5966
28/04/2016 00:00:00,0.3875,0.2539,19.5148,1.0000,0.0000,7.3184,219.0486,97.7492,1.0099,0.7784,0.1632,500.0000,192.0000,15.2073,22.2072,1.5964,27.3712,50.8779,1.7758
29/04/2016 00:00:00,0.7060,0.2612,19.2435,1.0000,0.0000,7.2469,226.8612,98.7663,1.1614,0.8838,0.1648,500.0000,192.0000,17.1611,29.8934,1.6785,27.5142,58.3191,1.8598
30/04/2016 00:00:00,0.6551,0.2685,18.9722,1.0000,0.0000,7.1754,234.6738,99.7835,1.1359,0.8534,0.1545,500.0000,192.0000,16.4689,28.6719,1.6343,27.6573,56.8526,1.8042
01/05/2016 00:00:00,0.0491,0.2758,18.7008,1.0000,0.0000,7.1039,242.4864,100.8006,0.9477,0.7030,0.1367,500.0000,192.0000,13.4811,19.3424,1.4999,27.8003,47.2782,1.6503
02/05/2016 00:00:00,0.0511,0.2831,18.4295,1.0000,0.0000,7.0324,250.2990,101.8177,0.9689,0.7097,0.1352,500.0000,192.0000,13.5237,20.4943,1.5350,27.9434,48.1850,1.6837
03/05/2016 00:00:00,0.0631,0.2904,18.1581,1.0000,0.0000,6.8828,258.1116,102.8348,0.9809,0.7094,0.1320,500.0000,192.0000,13.4323,21.1815,1.5502,27.7412,48.6273,1.6954
04/05/2016 00:00:00,0.0636,0.2901,17.9429,1.0000,0.0000,6.6687,261.9930,103.0405,0.9915,0.7082,0.1367,496.1991,191.2398,13.5151,21.4731,1.5354,27.3129,48.8498,1.6858
05/05/2016 00:00:00,0.0712,0.2848,17.7594,1.0000,0.0000,6.4546,263.6466,102.7862,1.0246,0.7226,0.1532,490.2435,190.0487,14.0153,22.6658,1.5832,26.8845,50.0731,1.7517
06/05/2016 00:00:00,0.1237,0.2794,17.5759,1.0000,0.0000,6.2405,265.3002,102.5319,0.9677,0.6737,0.1477,484.2879,188.8576,13.2838,19.4697,1.4102,26.4562,46.9077,1.5726
07/05/2016 00:00:00,3.9179,0.2741,17.3924,1.0000,0.0000,6.0264,266.9538,102.2775,1.7401,1.1957,0.2662,478.3323,187.6665,23.9709,56.1859,2.3589,26.0279,83.6545,2.6518
08/05/2016 00:00:00,0.8637,0.2688,17.2089,1.0000,0.0000,5.8123,268.6075,102.0232,1.2249,0.8306,0.2209,472.3766,186.4753,16.9328,30.8960,1.8222,25.5995,58.3952,2.0652
09/05/2016 00:00:00,0.1032,0.2634,17.0254,1.0000,0.0000,5.5982,270.2611,101.7689,1.2127,0.8113,0.2262,466.4210,185.2842,16.8238,29.7990,1.7427,25.1712,57.3289,1.9916
10/05/2016 00:00:00,0.1060,0.2581,16.8419,1.0000,0.0000,5.3841,271.9147,101.5145,1.2516,0.8258,0.2462,460.4654,184.0931,17.4239,31.1017,1.7757,24.7428,58.6622,2.0464
11/05/2016 00:00:00,0.1060,0.2600,16.8664,1.0000,0.0000,5.1700,269.6735,101.2602,1.2710,0.8270,0.2628,454.5097,182.9019,17.7571,31.4704,1.7792,24.3145,59.0615,2.0683
12/05/2016 00:00:00,0.1052,0.2668,17.0049,1.0000,0.0000,4.9559,265.2985,101.0059,1.2965,0.8317,0.2809,448.5541,181.7108,18.1764,32.0980,1.7895,23.8862,59.7197,2.0985
13/05/2016 00:00:00,0.1076,0.2736,17.1433,1.0000,0.0000,4.7418,260.9235,100.7515,1.3117,0.8293,0.2963,442.5985,180.5197,18.4542,32.2352,1.7790,23.4578,59.8875,2.1050
14/05/2016 00:00:00,0.9998,0.2804,17.2817,1.0000,0.0000,4.5277,256.5485,100.4972,1.5032,0.9365,0.3215,436.6428,179.3286,21.2230,40.3371,1.8226,23.0295,68.0200,2.1763
15/05/2016 00:00:00,0.1276,0.2871,17.4201,1.0000,0.0000,4.3136,252.1736,100.2429,1.3349,0.8193,0.3273,430.6872,178.1374,18.9139,32.1489,1.7544,22.6012,59.8625,2.1144
16/05/2016 00:00:00,0.4808,0.2939,17.5586,1.0000,0.0000,4.0995,247.7986,99.9885,1.2590,0.7610,0.3043,424.7316,176.9463,17.9010,28.1990,1.5450,22.1728,55.9432,1.8798
17/05/2016 00:00:00,0.1197,0.3007,17.6970,1.0000,0.0000,4.0383,243.4236,99.7342,1.4490,0.8624,0.3829,418.7760,175.7552,20.6749,36.0166,1.8432,21.3949,63.7915,2.2643
18/05/2016 00:00:00,0.6225,0.3091,17.6477,1.0000,0.0000,4.1097,244.6992,99.8084,1.3556,0.7941,0.3495,428.2068,177.6414,19.5888,33.1017,1.6864,20.3804,61.1380,2.0708
19/05/2016 00:00:00,0.1622,0.3185,17.4955,1.0000,0.0000,4.1812,249.0707,100.0628,1.2986,0.7485,0.3491,446.0755,181.2151,19.0955,32.6029,1.7404,19.3660,61.0272,2.1245
20/05/2016 00:00:00,0.1308,0.3279,17.3434,1.0000,0.0000,4.2526,253.4423,100.3171,1.3482,0.7644,0.3752,463.9442,184.7888,20.1706,37.1129,1.9331,18.3515,65.9252,2.3458
21/05/2016 00:00:00,6.0742,0.3373,17.1912,1.0000,0.0000,4.3241,257.8138,100.5715,1.7935,1.0000,0.4688,481.8128,188.3626,27.2931,61.9216,2.4970,17.3371,91.1219,3.0126
22/05/2016 00:00:00,3.3403,0.3467,17.0390,1.0000,0.0000,4.3955,262.1854,100.8258,1.4898,0.8165,0.3979,499.6815,191.9363,23.0538,48.9505,2.1918,16.3227,78.5389,2.6294
23/05/2016 00:00:00,1.2250,0.3561,16.8869,1.0000,0.0000,4.4670,266.5569,101.0802,1.1942,0.6432,0.3228,517.5502,195.5100,18.7878,35.2710,1.8399,15.3082,65.2473,2.1949
24/05/2016 00:00:00,7.2112,0.3655,16.7347,1.0000,0.0000,4.5384,270.9285,101.3345,1.7198,0.9099,0.4615,535.4188,199.0838,27.5020,66.9101,2.7235,14.2938,97.2744,3.2312
25/05/2016 00:00:00,0.9142,0.3622,16.5892,1.0000,0.0000,4.6099,275.4225,101.5889,1.1979,0.6224,0.3563,553.2875,202.6575,19.4682,39.3190,2.1776,13.2794,70.0713,2.5695
26/05/2016 00:00:00,1.4537,0.3500,16.4475,1.0000,0.0000,4.6813,279.9854,101.8433,1.2287,0.6266,0.3677,571.1562,206.2312,20.2882,43.1094,2.3294,12.2649,74.2497,2.7340
27/05/2016 00:00:00,1.0633,0.3378,16.3058,1.0000,0.0000,4.7528,284.5482,102.0976,1.1333,0.5671,0.3433,589.0248,209.8050,19.0091,39.1578,2.2548,11.2505,70.6861,2.6324
28/05/2016 00:00:00,2.2210,0.3257,16.1641,1.0000,0.0000,4.8242,289.1110,102.3520,1.2031,0.5904,0.3523,606.8935,213.3787,20.4945,45.4647,2.4011,10.2361,77.3811,2.7886
29/05/2016 00:00:00,0.5506,0.3135,16.0224,1.0000,0.0000,4.8957,293.6738,102.6063,1.1149,0.5364,0.3680,624.7622,216.9524,19.2856,41.5839,2.6038,9.2216,73.8883,3.0087
30/05/2016 00:00:00,0.4762,0.3013,15.8806,1.0000,0.0000,4.9671,298.2367,102.8607,1.0750,0.5068,0.3574,642.6308,220.5262,18.8783,40.6563,2.6271,8.2072,73.3487,3.0202
31/05/2016 00:00:00,0.4518,0.2892,15.7389,1.0000,0.0000,5.0385,302.7995,103.1151,1.0255,0.4735,0.3342,660.4995,224.0999,18.2804,38.9075,2.5542,7.8941,71.9879,2.9218
01/06/2016 00:00:00,0.4354,0.2835,15.1965,1.0000,0.0000,5.1099,299.7021,102.8700,1.0052,0.4677,0.3174,662.7695,224.5539,18.0665,38.0230,2.5120,8.0512,70.9884,2.8611
02/06/2016 00:00:00,0.4141,0.2821,14.4426,1.0000,0.0000,5.1813,292.5646,102.3617,1.0005,0.4764,0.3004,656.8183,223.3637,18.0695,37.6681,2.4609,8.2084,70.2535,2.7914
03/06/2016 00:00:00,0.3910,0.2807,13.6888,1.0000,0.0000,5.2527,285.4272,101.8534,0.9960,0.4855,0.2821,650.8671,222.1734,18.0801,37.3247,2.3994,8.3655,69.5301,2.7097
04/06/2016 00:00:00,2.2223,0.2793,12.9349,1.0000,0.0000,5.3241,278.2898,101.3451,1.0623,0.5301,0.2575,644.9159,220.9832,19.3829,41.8752,2.2810,8.5227,73.7006,2.5643
05/06/2016 00:00:00,0.5193,0.2778,12.1811,1.0000,0.0000,5.3955,271.1524,100.8368,0.9871,0.5045,0.2698,638.9647,219.7929,18.1071,36.6004,2.4979,8.6798,68.0457,2.7946
06/06/2016 00:00:00,0.4426,0.2764,11.4273,1.0000,0.0000,5.4670,264.0150,100.3286,1.0210,0.5346,0.2645,633.0135,218.6027,18.8323,38.8486,2.5711,8.8370,69.9139,2.8620
07/06/2016 00:00:00,3.9592,0.2750,10.6734,1.0000,0.0000,5.5384,256.8775,99.8203,1.2235,0.6565,0.2506,627.0623,217.4125,22.6969,52.5170,2.5710,8.9941,83.2023,2.8467
08/06/2016 00:00:00,0.6908,0.2736,9.9196,1.0000,0.0000,5.6098,249.7401,99.3120,1.0551,0.5803,0.2598,621.1111,216.2222,19.6868,40.9209,2.8295,9.1513,71.2262,3.1153
09/06/2016 00:00:00,0.5982,0.2684,10.2323,1.0000,0.0000,5.6812,260.0224,98.8037,1.0636,0.5998,0.2329,615.1599,215.0320,19.9661,41.3318,2.7122,9.3084,71.2571,2.9683
10/06/2016 00:00:00,1.2397,0.2606,11.1388,1.0000,0.0000,5.7526,280.0033,98.2954,1.0777,0.6234,0.1898,609.2087,213.8417,20.3574,42.0830,2.3844,9.4656,71.6282,2.5931
11/06/2016 00:00:00,0.7063,0.2528,12.0453,1.0000,0.0000,5.8240,299.9842,97.7871,1.0481,0.6220,0.1870,603.2575,212.6515,19.9260,39.9152,2.5612,9.6227,69.0805,2.7669
12/06/2016 00:00:00,0.5855,0.2449,12.9518,1.0000,0.0000,5.8954,319.9650,97.2788,1.0591,0.6452,0.1698,597.3063,211.4613,20.2694,40.4096,2.5706,9.7799,69.1949,2.7574
13/06/2016 00:00:00,4.8817,0.2371,13.8583,1.0000,0.0000,5.9668,339.9459,96.7705,1.3717,0.8579,0.1699,591.3551,210.2710,26.4328,60.3887,2.8944,9.9370,88.7939,3.0812
14/06/2016 00:00:00,1.0647,0.2293,14.7648,1.0000,0.0000,5.8471,359.9268,96.2623,1.5353,0.9864,0.1739,585.4039,209.0808,29.7973,70.4011,3.4166,9.5938,98.4263,3.6079
15/06/2016 00:00:00,0.9255,0.2426,15.0306,1.0000,0.0000,5.5611,358.6922,96.0854,1.4412,0.9515,0.1607,587.2113,209.4423,28.5836,64.8704,3.1555,8.9159,92.8814,3.3322
16/06/2016 00:00:00,0.8377,0.2699,14.9549,1.0000,0.0000,5.2751,346.1468,96.0854,1.3516,0.9174,0.1646,593.1584,210.6317,27.6119,60.1166,2.9744,8.2380,88.3085,3.1555
17/06/2016 00:00:00,0.7776,0.2972,14.8792,1.0000,0.0000,4.9891,333.6015,96.0854,1.2700,0.8866,0.1693,599.1055,211.8211,26.7357,55.7843,2.8327,7.5602,84.1572,3.0190
18/06/2016 00:00:00,0.7255,0.3245,14.8035,1.0000,0.0000,4.7031,321.0561,96.0854,1.1913,0.8558,0.1736,605.0525,213.0105,25.8550,51.5465,2.7007,6.8823,80.1003,2.8916
19/06/2016 00:00:00,0.6933,0.3518,14.7277,1.0000,0.0000,4.4172,308.5107,96.0854,1.1450,0.8467,0.1815,610.9996,214.1999,25.6308,49.4168,2.6370,6.2044,78.1516,2.8366
20/06/2016 00:00:00,2.8628,0.3791,14.6520,1.0000,0.0000,4.1312,295.9654,96.0854,1.1592,0.8830,0.1892,616.9467,215.3893,26.7773,51.4414,2.5771,5.5266,80.3571,2.7852
21/06/2016 00:00:00,1.7684,0.4064,14.5763,1.0000,0.0000,3.8452,283.4200,96.0854,1.1889,0.9333,0.2093,622.8937,216.5787,28.3559,54.6518,2.6820,4.8487,83.7484,2.9122
22/06/2016 00:00:00,1.1748,0.4147,14.4197,1.0000,0.0000,3.5592,285.7518,96.0854,1.2054,0.9758,0.2299,628.8408,217.7682,29.7006,57.0539,2.7799,4.1708,86.3315,3.0329
23/06/2016 00:00:00,1.5075,0.4113,14.2201,1.0000,0.0000,3.2732,296.0010,96.0854,1.1160,0.9322,0.2288,634.7879,218.9576,28.4221,51.8478,2.6165,3.4930,81.3064,2.8681
24/06/2016 00:00:00,0.8009,0.4078,14.0204,1.0000,0.0000,2.9872,306.2502,96.0854,1.1214,0.9672,0.2508,640.7350,220.1470,29.5414,53.5283,2.7196,2.8151,83.1678,2.9955
25/06/2016 00:00:00,2.5808,0.4043,13.8208,1.0000,0.0000,2.7013,316.4994,96.0854,1.0848,0.9667,0.2434,646.6820,221.3364,29.5772,52.1255,2.5081,2.1372,81.9460,2.7759
26/06/2016 00:00:00,1.6476,0.4009,13.6212,1.0000,0.0000,2.4153,326.7486,96.0854,1.2261,1.1297,0.2922,652.6291,222.5258,34.6217,64.3953,2.8670,1.4594,94.3967,3.1885
27/06/2016 00:00:00,0.9228,0.3974,13.4215,1.0000,0.0000,2.1293,336.9979,96.0854,1.2876,1.2275,0.3246,658.5762,223.7152,37.6850,70.9296,3.0377,0.7815,101.1120,3.3947
28/06/2016 00:00:00,1.0106,0.3940,13.2219,1.0000,0.0000,2.0000,347.2471,96.0854,1.1374,1.1230,0.3035,664.5232,224.9046,34.5323,60.8115,2.7140,0.6378,91.1749,3.0479
29/06/2016 00:00:00,3.3971,0.3923,13.2177,1.0000,0.0000,2.0000,337.7238,95.9228,1.4016,1.1376,0.3024,662.8589,224.5718,33.5442,57.2744,2.5486,0.8735,87.7628,2.8812
30/06/2016 00:00:00,1.2002,0.3919,13.3236,1.0000,0.0000,2.0000,317.0751,95.6686,2.6524,1.6950,0.4069,656.9053,223.3811,46.8621,91.3767,3.2027,1.1092,121.9587,3.6504
01/07/2016 00:00:00,1.0331,0.3914,13.4294,1.0000,0.0000,2.0000,296.4264,95.4143,3.0585,1.6393,0.4004,650.9517,222.1903,42.5970,79.5788,2.9393,1.3449,110.2544,3.3798
02/07/2016 00:00:00,0.9384,0.3910,13.5352,1.0000,0.0000,2.0000,275.7777,95.1601,3.3679,1.5745,0.3948,644.9982,220.9996,38.5340,68.4077,2.6982,1.5806,99.1769,3.1324
03/07/2016 00:00:00,0.8860,0.3906,13.6411,1.0000,0.0000,2.0000,255.1290,94.9058,3.7350,1.5638,0.3995,639.0446,219.8089,36.1172,61.5540,2.5379,1.8163,92.4167,2.9773
04/07/2016 00:00:00,0.8877,0.3901,13.7469,1.0000,0.0000,2.0000,234.4803,94.6516,4.1703,1.5936,0.4160,633.0911,218.6182,34.7942,57.5412,2.4515,2.0520,88.4975,2.9091
05/07/2016 00:00:00,0.9149,0.3897,13.8527,1.0000,0.0000,2.0000,213.8316,94.3973,4.4578,1.5769,0.4240,627.1375,217.4275,32.5984,51.3485,2.3124,2.2877,82.3984,2.7788
06/07/2016 00:00:00,0.7791,0.3765,13.7892,1.0000,0.0000,2.0000,215.1758,94.1431,4.9083,1.6249,0.4411,621.1839,216.2368,31.8496,48.8463,2.2198,2.5233,79.9897,2.7050
07/07/2016 00:00:00,0.7661,0.3549,13.6336,1.0000,0.0000,2.0000,228.4686,93.8888,5.4166,1.6927,0.4688,615.2304,215.0461,31.5004,47.3508,2.1702,2.7590,78.5878,2.6859
08/07/2016 00:00:00,5.5108,0.3332,13.4780,1.0000,0.0000,2.0000,241.7615,93.6346,7.4388,2.2096,0.5827,609.2768,213.8554,39.0880,65.5174,2.4728,2.9947,96.8480,3.1137
09/07/2016 00:00:00,6.7618,0.3116,13.3224,1.0000,0.0000,2.0000,255.0543,93.3804,11.2643,3.1988,0.7939,603.3232,212.6646,53.8470,101.0428,3.0753,3.2304,132.4670,3.9486
10/07/2016 00:00:00,11.9045,0.2899,13.1668,1.0000,0.0000,2.0000,268.3472,93.1261,14.7808,4.0319,0.9712,597.3697,211.4739,64.6509,126.3545,3.4165,3.4661,157.8723,4.4848
11/07/2016 00:00:00,5.6616,0.2683,13.0112,1.0000,0.0000,2.0000,281.6400,92.8719,44.9131,11.8158,2.2092,591.4161,210.2832,180.6368,406.1146,7.0170,3.7018,437.7259,9.4471
12/07/2016 00:00:00,3.1699,0.2467,12.8557,1.0000,0.0000,2.0730,294.9328,92.6176,27.7204,7.0575,1.5110,585.4626,209.0925,102.9527,215.7929,4.3031,3.9960,247.4978,5.9652
13/07/2016 00:00:00,2.3988,0.2394,12.7696,1.0000,0.0000,2.2162,297.3016,93.5025,20.7445,7.7923,1.2397,590.9503,210.1901,73.7094,145.9387,3.2464,4.3320,179.3604,4.6101
14/07/2016 00:00:00,1.9841,0.2418,12.7224,1.0000,0.0000,2.3595,293.5871,95.0217,16.6555,9.1732,1.0882,602.8080,212.5616,57.7717,107.6326,2.6732,4.6680,143.6748,3.8702
15/07/2016 00:00:00,1.6857,0.2442,12.6751,1.0000,0.0000,2.5027,289.8726,96.5408,13.9426,9.8632,0.9850,614.6657,214.9331,47.3070,81.3619,2.2770,5.0041,120.0246,3.3605
16/07/2016 00:00:00,2.1439,0.2466,12.6279,1.0000,0.0000,2.6459,286.1581,98.0599,11.5505,9.7992,0.9228,626.5234,217.3047,38.4043,57.9638,2.0128,5.3401,99.2470,3.0279
17/07/2016 00:00:00,9.2547,0.2490,12.5806,1.0000,0.0000,2.7891,282.4436,99.5791,12.5061,12.2045,1.0947,638.3811,219.6762,40.8113,63.3725,2.2588,5.6761,107.2763,3.4629
18/07/2016 00:00:00,6.0663,0.2514,12.5333,1.0000,0.0000,2.9324,278.7291,101.0982,17.8506,19.4890,1.3781,650.2388,222.0478,57.2528,106.3613,2.6960,6.0121,152.8856,4.2119
19/07/2016 00:00:00,3.2256,0.2538,12.4861,1.0000,0.0000,3.0756,275.0146,102.6173,20.7588,24.8606,1.5100,662.0965,224.4193,65.5199,128.3996,2.8066,6.3481,177.5445,4.4676
20/07/2016 00:00:00,2.5787,0.2677,12.6425,1.0000,0.0000,3.2188,271.6226,104.1365,16.7576,21.6939,1.3126,673.9542,226.7908,52.1063,91.3733,2.3222,6.6841,143.1387,3.7661
21/07/2016 00:00:00,7.5438,0.2888,12.9041,1.0000,0.0000,3.3620,268.3971,105.6556,13.2257,18.3013,1.1589,685.8119,229.1624,40.5542,58.4494,1.9548,7.0201,112.8354,3.2296
22/07/2016 00:00:00,5.5595,0.3100,13.1657,1.0000,0.0000,3.5053,265.1716,107.1748,18.9305,27.7541,1.5367,697.6696,231.5339,57.2943,104.3228,2.4756,7.3562,161.3293,4.1660
23/07/2016 00:00:00,3.1497,0.3311,13.4273,1.0000,0.0000,3.6485,261.9461,108.6939,21.2574,32.7860,1.6904,709.5273,233.9055,63.5543,121.3484,2.6044,7.6922,180.9754,4.4639
24/07/2016 00:00:00,2.6941,0.3522,13.6888,1.0000,0.0000,3.7917,258.7206,110.2130,16.5323,26.6684,1.4183,721.3850,236.2770,48.8624,78.3678,2.0925,8.0282,140.6153,3.6526
25/07/2016 00:00:00,2.2211,0.3733,13.9504,1.0000,0.0000,3.9350,255.4951,111.7322,14.5380,24.4093,1.3187,733.2428,238.6486,42.5056,58.6759,1.8656,8.3642,123.5440,3.3162
26/07/2016 00:00:00,1.9894,0.3945,14.2120,1.0000,0.0000,4.0391,252.2696,113.2513,13.1013,22.8025,1.2511,745.1005,241.0201,37.9157,43.7541,1.6991,8.2405,111.2427,3.0753
27/07/2016 00:00:00,1.8038,0.4020,14.1761,1.0000,0.0000,4.1107,255.5918,113.8790,11.6162,20.9763,1.1617,760.4886,244.0977,34.7871,33.9813,1.6124,7.8050,101.9474,2.8903
28/07/2016 00:00:00,1.6889,0.4018,13.9310,1.0000,0.0000,4.1823,263.5204,113.8790,10.4008,19.5858,1.0865,778.3625,247.6725,33.3473,29.9867,1.6108,7.3695,96.9212,2.8060
29/07/2016 00:00:00,1.5874,0.4016,13.6859,1.0000,0.0000,4.2539,271.4490,113.8790,9.3400,18.4122,1.0179,796.2365,251.2473,32.2003,26.9127,1.6136,6.9339,92.8156,2.7333
30/07/2016 00:00:00,1.5128,0.4014,13.4408,1.0000,0.0000,4.3255,279.3777,113.8790,7.6895,15.9403,0.8740,814.1105,254.8221,28.6486,17.0257,1.4833,6.4984,81.8970,2.4448
31/07/2016 00:00:00,3.4792,0.4012,13.1957,1.0000,0.0000,4.3971,287.3063,113.8790,7.8003,17.0932,0.9401,831.9845,258.3969,31.5870,25.7125,1.7103,6.0629,89.5523,2.7445
01/08/2016 00:00:00,2.4484,0.4009,12.9505,1.0000,0.0000,4.4687,295.2349,113.8790,7.6303,17.7858,0.9056,849.8585,261.9717,33.8123,32.2631,1.7691,5.6274,95.0712,2.7652
02/08/2016 00:00:00,1.6302,0.4007,12.7054,1.0000,0.0000,4.5402,303.1635,113.8790,8.0163,20.0249,0.9642,867.7325,265.5465,39.1866,47.4980,2.0261,5.1919,109.2746,3.0868
03/08/2016 00:00:00,1.4722,0.3858,12.6370,1.0000,0.0000,4.6118,305.9505,113.8790,6.4569,17.4438,0.8431,885.6065,269.1213,35.1590,36.4908,1.9098,4.7563,97.2358,2.8372
04/08/2016 00:00:00,2.6403,0.3632,12.6812,1.0000,0.0000,4.6834,305.4602,113.8790,5.4719,16.1697,0.7726,903.4805,272.6961,33.5896,32.4171,1.8910,4.3208,92.1305,2.7409
05/08/2016 00:00:00,2.3671,0.3406,12.7254,1.0000,0.0000,4.7550,304.9698,113.8790,5.4608,17.9077,0.8020,921.3545,276.2709,38.3656,45.6819,2.1273,3.8853,104.3637,3.0095
06/08/2016 00:00:00,1.6583,0.3179,12.7697,1.0000,0.0000,4.8266,304.4795,113.8790,5.2629,19.5198,0.8194,939.2284,279.8457,43.1605,58.7900,2.3625,3.4498,116.4403,3.2638
07/08/2016 00:00:00,4.1501,0.2953,12.8139,1.0000,0.0000,4.8982,303.9892,113.8790,3.6412,15.6758,0.6746,957.1024,283.4205,35.7995,39.1676,2.1224,3.0143,95.7862,2.8645
08/08/2016 00:00:00,6.2855,0.2726,12.8581,1.0000,0.0000,4.9698,303.4988,113.8790,3.4733,18.0197,0.7177,974.9764,286.9953,42.5379,57.2918,2.4745,2.5787,112.8789,3.2639
09/08/2016 00:00:00,5.0466,0.2500,12.9023,1.0000,0.0000,5.0000,303.0085,113.8790,3.5316,23.4157,0.7925,992.8504,290.5701,57.1852,95.9424,3.0095,2.4337,150.4979,3.8812
10/08/2016 00:00:00,4.6508,0.2579,13.0566,1.0000,0.0000,5.0000,299.4571,112.8101,3.0937,22.5839,0.7394,1000.0000,292.0000,55.4896,91.4890,2.9091,2.4908,145.7300,3.7224
11/08/2016 00:00:00,3.2174,0.2827,13.2841,1.0000,0.0000,5.0000,293.8681,111.0286,3.5137,24.5743,0.7766,1000.0000,292.0000,59.6084,102.4597,3.0303,2.5479,156.8641,3.8845
12/08/2016 00:00:00,4.2142,0.3076,13.5116,1.0000,0.0000,5.0000,288.2791,109.2472,2.8914,19.4241,0.6607,1000.0000,292.0000,46.5181,68.0970,2.5561,2.6050,122.6648,3.2829
13/08/2016 00:00:00,2.5216,0.3324,13.7391,1.0000,0.0000,5.0000,282.6902,107.4657,3.4332,22.2043,0.7178,1000.0000,292.0000,52.5065,84.0071,2.7534,2.6621,138.7384,3.5430
14/08/2016 00:00:00,2.1569,0.3572,13.9666,1.0000,0.0000,5.0000,277.1012,105.6842,3.0717,19.1664,0.6420,1000.0000,292.0000,44.7560,63.6065,2.4411,2.7192,118.5013,3.1473
15/08/2016 00:00:00,1.9158,0.3821,14.1940,1.0000,0.0000,5.0000,271.5122,103.9027,2.8782,17.3590,0.5987,1000.0000,292.0000,40.0318,51.1525,2.2560,2.7763,106.2107,2.9146
16/08/2016 00:00:00,2.7255,0.4069,14.4215,1.0000,0.0000,5.0000,265.9232,102.1212,2.7186,15.8766,0.5765,1000.0000,292.0000,36.1615,40.9186,2.1526,2.8334,96.1403,2.7868
17/08/2016 00:00:00,2.2047,0.4047,14.4322,1.0000,0.0000,5.0000,267.6004,100.3398,2.9688,16.8146,0.5917,1000.0000,292.0000,37.8286,45.3954,2.1886,2.8905,100.7806,2.8395
18/08/2016 00:00:00,8.1589,0.3885,14.3050,1.0000,0.0000,5.0000,273.9005,98.5583,3.4059,18.7350,0.6701,1000.0000,292.0000,41.6359,55.6056,2.4548,2.9476,111.1542,3.1918
19/08/2016 00:00:00,3.6294,0.3724,14.1777,1.0000,0.0000,5.0000,280.2006,96.7768,5.5167,29.5133,0.8777,1000.0000,292.0000,64.7959,117.6321,3.1841,3.0048,173.3441,4.1496
20/08/2016 00:00:00,5.6593,0.3563,14.0505,1.0000,0.0000,5.0000,286.5007,94.9953,4.1867,21.8103,0.7174,1000.0000,292.0000,47.3086,70.9508,2.5769,3.0619,126.8263,3.3661
21/08/2016 00:00:00,3.7159,0.3401,13.9232,1.0000,0.0000,5.0000,292.8009,93.2138,5.6341,28.6132,0.8737,1000.0000,292.0000,61.3238,108.7048,3.1062,3.1190,164.7438,4.0672
22/08/2016 00:00:00,4.9842,0.3240,13.7960,1.0000,0.0000,5.0000,299.1010,91.4324,4.6432,23.0133,0.7415,1000.0000,292.0000,48.7368,75.0027,2.6089,3.1761,131.2052,3.4245
23/08/2016 00:00:00,2.8750,0.3079,13.6687,1.0000,0.0000,4.9607,305.4011,89.6509,6.1087,29.5782,0.8888,1000.0000,292.0000,61.9010,110.6312,3.0942,3.1875,166.9971,4.0719
24/08/2016 00:00:00,2.3693,0.3008,13.7051,1.0000,0.0000,4.8893,304.3863,88.1845,4.9439,23.4760,0.7507,996.3308,291.2662,49.1356,76.4311,2.5815,3.1660,132.7528,3.4072
25/08/2016 00:00:00,2.0543,0.2984,13.8429,1.0000,0.0000,4.8179,298.8354,86.9141,4.2652,19.9021,0.6762,990.3808,290.0762,41.9726,57.3720,2.2960,3.1446,113.5203,3.0398
26/08/2016 00:00:00,1.7960,0.2961,13.9808,1.0000,0.0000,4.7465,293.2846,85.6436,3.7177,17.0461,0.6142,984.4308,288.8862,36.2260,42.1072,2.0603,3.1231,98.0820,2.7359
27/08/2016 00:00:00,12.5347,0.2938,14.1186,1.0000,0.0000,4.6751,287.7338,84.3731,4.4507,20.0523,0.7649,978.4808,287.6962,42.9462,60.5991,2.5354,3.1016,116.4006,3.3767
28/08/2016 00:00:00,8.2321,0.2914,14.2564,1.0000,0.0000,4.6037,282.1829,83.1026,6.5598,29.0409,0.8921,972.5307,286.5061,62.6859,114.4558,2.9235,3.0802,170.0839,3.9048
29/08/2016 00:00:00,5.0651,0.2891,14.3943,1.0000,0.0000,4.5323,276.6321,81.8322,6.2077,27.0038,0.8489,966.5807,285.3161,58.7519,104.1256,2.7510,3.0587,159.5802,3.6848
30/08/2016 00:00:00,3.5443,0.2868,14.5321,1.0000,0.0000,4.4609,271.0813,80.5617,5.3140,22.7131,0.7618,960.6307,284.1261,49.8135,80.1654,2.4424,3.0372,135.4466,3.2804
31/08/2016 00:00:00,4.4001,0.3000,14.7465,1.0000,0.0000,4.3895,269.8164,79.2912,4.6528,19.5402,0.7219,954.6807,282.9361,43.2029,62.4901,2.2902,3.0158,117.5979,3.0843
01/09/2016 00:00:00,3.1914,0.3227,15.0163,1.0000,0.0000,4.3181,271.6550,78.0208,4.8530,20.0247,0.7381,948.7307,281.7461,44.6376,66.6993,2.3180,2.9943,121.6338,3.1299
02/09/2016 00:00:00,2.4197,0.3454,15.2860,1.0000,0.0000,4.2468,273.4936,76.7503,4.4949,18.2225,0.6953,942.7806,280.5561,40.9575,56.9647,2.1622,2.9728,111.7257,2.9271
03/09/2016 00:00:00,2.1890,0.3680,15.5558,1.0000,0.0000,4.1754,275.3322,75.4798,4.2034,16.7416,0.6692,936.8306,279.3661,37.9451,49.0324,2.0612,2.9513,103.6200,2.7973
04/09/2016 00:00:00,1.9522,0.3907,15.8256,1.0000,0.0000,4.1040,277.1709,74.2094,3.8413,15.0307,0.6293,930.8806,278.1761,34.3567,39.5079,1.9204,2.9299,93.9221,2.6127
05/09/2016 00:00:00,1.7891,0.4134,16.0954,1.0000,0.0000,4.0326,279.0095,72.9389,3.6165,13.9017,0.6080,924.9306,276.9861,32.0489,33.4672,1.8387,2.9084,87.7080,2.5075
06/09/2016 00:00:00,1.6566,0.4360,16.3652,1.0000,0.0000,4.2329,280.8481,71.6684,3.4350,12.9708,0.5912,918.9806,275.7961,30.1627,28.5682,1.7721,2.8305,82.6356,2.4224
07/09/2016 00:00:00,4.2985,0.4381,16.3878,1.0000,0.0000,4.6613,282.3409,71.0190,3.9154,14.2752,0.6772,920.3062,276.0612,34.6321,39.9537,1.9749,2.7164,93.6231,2.7198
08/09/2016 00:00:00,5.3651,0.4294,16.2535,1.0000,0.0000,5.0897,283.6139,70.7646,4.3478,15.1001,0.7580,926.2618,277.2524,39.1427,50.3232,2.1227,2.6022,103.4514,2.9565
09/09/2016 00:00:00,2.7860,0.4208,16.1191,1.0000,0.0000,5.5181,284.8869,70.5103,5.1498,16.9793,0.8264,932.2175,278.4435,47.1912,69.3326,2.2183,2.4880,121.9197,3.1273
10/09/2016 00:00:00,2.8347,0.4121,15.9848,1.0000,0.0000,5.9465,286.1599,70.2560,4.6451,14.4825,0.8016,938.1731,279.6346,43.3265,57.3591,2.0587,2.3739,109.4051,2.9405
11/09/2016 00:00:00,2.1633,0.4035,15.8504,1.0000,0.0000,6.3750,287.4329,70.0016,4.7085,13.8204,0.8345,944.1287,280.8257,44.7029,58.8095,2.0461,2.2597,110.3143,2.9640
12/09/2016 00:00:00,1.9080,0.3948,15.7161,1.0000,0.0000,6.8034,288.7059,69.7473,4.1943,11.5312,0.7926,950.0844,282.0169,40.5344,46.7756,1.8515,2.1455,97.7394,2.7234
13/09/2016 00:00:00,1.6964,0.3862,15.5817,1.0000,0.0000,7.2318,289.9789,69.4930,3.7548,9.6109,0.7568,956.0400,283.2080,36.9364,36.5902,1.6799,2.0313,87.0128,2.5124
14/09/2016 00:00:00,1.5269,0.3776,15.4473,1.0000,0.0000,7.6602,291.2519,69.2386,3.4247,8.1044,0.7348,961.9956,284.3991,34.2936,29.0329,1.5457,1.9172,78.9144,2.3539
15/09/2016 00:00:00,1.4143,0.3689,15.3130,1.0000,0.0000,8.0886,292.5249,68.9843,3.2412,7.0320,0.7374,967.9513,285.5903,33.0396,24.9135,1.4655,1.8030,74.2540,2.2766
16/09/2016 00:00:00,2.1897,0.3603,15.1786,1.0000,0.0000,8.5170,293.7979,68.7300,3.3756,6.6457,0.7771,973.9069,286.7814,35.0278,28.0717,1.4541,1.6888,76.8710,2.3089
17/09/2016 00:00:00,1.3287,0.3516,15.0443,1.0000,0.0000,8.9454,295.0709,68.4756,3.2709,5.7700,0.8005,979.8625,287.9725,34.5531,25.7740,1.4049,1.5746,74.0322,2.2854
18/09/2016 00:00:00,1.2625,0.3430,14.9099,1.0000,0.0000,9.3738,296.3439,68.2213,3.1782,4.9428,0.8235,985.8182,289.1636,34.1805,23.7674,1.3497,1.4605,71.4845,2.2555
19/09/2016 00:00:00,4.8798,0.3344,14.7756,1.0000,0.0000,9.8022,297.6169,67.9670,4.0113,5.3840,1.0647,991.7738,290.3548,43.9209,42.4672,1.6215,1.3463,89.6431,2.7927
20/09/2016 00:00:00,2.0017,0.3257,14.6412,1.0000,0.0000,9.8070,298.8899,67.7126,5.0220,5.6490,1.2218,997.7294,291.5459,55.9843,64.8538,1.7188,1.3255,111.4887,3.0628
21/09/2016 00:00:00,1.7708,0.3224,14.6287,1.0000,0.0000,9.4483,296.5463,69.0313,4.3871,5.2983,1.1614,1007.3664,293.4733,49.6245,51.6624,1.5287,1.3683,98.7665,2.8062
22/09/2016 00:00:00,1.5630,0.3218,14.6912,1.0000,0.0000,9.0896,291.9762,71.3191,3.7661,5.5764,1.0908,1019.2718,295.8544,43.1368,38.8715,1.3614,1.4112,87.0676,2.5612
23/09/2016 00:00:00,3.3508,0.3212,14.7537,1.0000,0.0000,8.7309,287.4062,73.6070,3.7179,6.5350,1.1634,1031.1771,298.2354,43.1225,38.9511,1.3807,1.4540,88.2391,2.6604
24/09/2016 00:00:00,1.8980,0.3207,14.8162,1.0000,0.0000,8.3723,282.8361,75.8949,4.0816,8.3220,1.2821,1043.0825,300.6165,47.9399,49.0377,1.4505,1.4969,99.4176,2.8608
25/09/2016 00:00:00,6.2356,0.3201,14.8787,1.0000,0.0000,8.0136,278.2660,78.1827,4.1436,9.6310,1.4196,1054.9878,302.9976,49.2852,52.0800,1.5346,1.5397,103.5517,3.0962
26/09/2016 00:00:00,2.6266,0.3195,14.9412,1.0000,0.0000,7.6549,273.6959,80.4706,6.6650,17.4228,2.0133,1066.8932,305.3786,80.2833,118.2850,2.0838,1.5825,170.8487,4.2985
27/09/2016 00:00:00,3.5884,0.3190,15.0037,1.0000,0.0000,7.2963,269.1259,82.7584,4.5857,13.3364,1.5410,1078.7986,307.7597,55.9409,66.8859,1.5300,1.6254,120.5414,3.2251
28/09/2016 00:00:00,4.0419,0.3184,15.0662,1.0000,0.0000,6.9376,264.5558,85.0463,4.4374,14.2307,1.5652,1090.7039,310.1408,54.8235,64.8370,1.4935,1.6682,119.5844,3.2153
29/09/2016 00:00:00,2.4199,0.3280,15.1776,1.0000,0.0000,6.5789,265.0035,87.3342,4.9408,17.3441,1.7113,1102.6093,312.5219,61.8254,80.6379,1.5718,1.7111,136.4772,3.4542
30/09/2016 00:00:00,2.0416,0.3428,15.3193,1.0000,0.0000,6.2202,268.5457,89.6220,3.9610,15.1251,1.5067,1114.5146,314.9029,50.2016,55.1891,1.3340,1.7539,112.1203,2.9913
01/10/2016 00:00:00,3.3998,0.3576,15.4610,1.0000,0.0000,5.8616,272.0879,91.9099,3.3898,14.0048,1.4236,1126.4200,317.2840,43.5153,40.2817,1.2168,1.7968,98.3048,2.7828
02/10/2016 00:00:00,3.2099,0.3725,15.6027,1.0000,0.0000,5.5029,275.6301,94.1977,3.3361,14.8442,1.4614,1138.3253,319.6651,43.3806,39.9886,1.2073,1.8396,99.1036,2.8149
03/10/2016 00:00:00,2.4092,0.3873,15.7444,1.0000,0.0000,5.1442,279.1723,96.4856,3.5448,16.9181,1.5732,1150.2307,322.0461,46.6919,47.6374,1.2578,1.8825,107.8443,2.9883
04/10/2016 00:00:00,2.3738,0.4021,15.8861,1.0000,0.0000,4.9150,282.7145,98.7735,3.3093,16.8805,1.5269,1162.1360,324.4272,44.1566,41.7910,1.1827,1.8873,103.0897,2.8623
05/10/2016 00:00:00,1.7264,0.3993,16.0876,1.0000,0.0000,4.7727,281.2458,98.2340,3.0318,15.7330,1.4644,1155.6598,323.1320,41.6539,36.7027,1.1630,1.8659,97.3289,2.7738
06/10/2016 00:00:00,1.5379,0.3872,16.3258,1.0000,0.0000,4.6305,276.6986,95.9575,2.5673,13.1509,1.3002,1137.8908,319.5782,36.7642,26.5814,1.0982,1.8445,85.4510,2.5285
07/10/2016 00:00:00,3.0341,0.3752,16.5640,1.0000,0.0000,4.4882,272.1514,93.6811,2.5369,12.8050,1.3465,1120.1218,316.0244,37.9789,30.6811,1.2134,1.8231,87.7941,2.6946
08/10/2016 00:00:00,3.8454,0.3631,16.8023,1.0000,0.0000,4.3460,267.6042,91.4046,2.8659,14.2238,1.4768,1102.3527,312.4706,45.0064,48.0979,1.4247,1.8016,103.4543,3.0491
09/10/2016 00:00:00,5.0281,0.3510,17.0405,1.0000,0.0000,4.2038,263.0570,89.1282,3.0658,14.9218,1.4903,1084.5837,308.9167,50.6988,62.2618,1.5454,1.7802,115.8616,3.1846
10/10/2016 00:00:00,2.6314,0.3390,17.2788,1.0000,0.0000,4.0615,258.5098,86.8517,3.6649,17.4352,1.6420,1066.8147,305.3629,64.1038,93.7715,1.8385,1.7588,145.6147,3.6447
11/10/2016 00:00:00,2.0995,0.3269,17.5170,1.0000,0.0000,3.9193,253.9625,84.5753,2.6950,12.4787,1.2945,1049.0457,301.8091,50.1160,63.0451,1.5731,1.7374,113.1317,2.9970
12/10/2016 00:00:00,1.7235,0.3315,17.6998,1.0000,0.0000,3.7771,251.1620,82.2988,2.0269,9.0836,1.0410,1031.2767,298.2553,40.3124,42.0840,1.3815,1.7160,90.4140,2.5266
13/10/2016 00:00:00,1.4606,0.3449,17.8471,1.0000,0.0000,3.6348,249.4798,80.0223,1.5861,6.8279,0.8668,1013.5077,294.7015,33.9770,29.1217,1.2650,1.6945,75.6952,2.2185
14/10/2016 00:00:00,1.5707,0.3583,17.9945,1.0000,0.0000,3.4926,247.7976,77.7459,1.3763,5.6319,0.8025,995.7387,291.1477,32.0278,26.0409,1.2991,1.6731,70.8577,2.1818
15/10/2016 00:00:00,3.3936,0.3717,18.1418,1.0000,0.0000,3.3504,246.1154,75.4694,1.4482,5.5474,0.8724,977.9697,287.5939,36.9940,38.1952,1.5831,1.6517,81.2554,2.5428
16/10/2016 00:00:00,2.2795,0.3851,18.2891,1.0000,0.0000,3.2081,244.4332,73.1930,1.5106,5.2887,0.8450,960.2007,284.0401,42.9086,52.2379,1.7410,1.6303,93.5416,2.6706
17/10/2016 00:00:00,1.4833,0.3985,18.4364,1.0000,0.0000,3.0659,242.7510,70.9165,1.2900,3.9653,0.7525,942.4317,280.4863,41.4315,50.0719,1.7895,1.6088,89.6190,2.6172
18/10/2016 00:00:00,1.3417,0.4120,18.5838,1.0000,0.0000,2.9616,241.0688,68.6401,1.0041,2.5077,0.6197,924.6627,276.9325,37.2803,42.1968,1.7386,1.6126,79.9872,2.4202
19/10/2016 00:00:00,1.1971,0.4230,18.6849,1.0000,0.0000,2.8899,241.6017,66.9161,0.8976,1.7675,0.5466,910.1138,274.0228,33.1699,33.9798,1.6139,1.6341,70.7776,2.2151
20/10/2016 00:00:00,1.3758,0.4327,18.7483,1.0000,0.0000,2.8183,243.9440,65.6441,0.9723,1.6265,0.5572,898.1996,271.6399,31.4855,30.5369,1.5534,1.6555,66.9670,2.1664
21/10/2016 00:00:00,1.0254,0.4424,18.8118,1.0000,0.0000,2.7467,246.2863,64.3721,1.0204,1.4661,0.5448,886.2854,269.2571,29.3277,26.1086,1.4360,1.6770,62.1711,2.0353
22/10/2016 00:00:00,0.9469,0.4521,18.8752,1.0000,0.0000,2.6751,248.6286,63.1001,1.0863,1.3517,0.5469,874.3712,266.8742,27.9975,23.4542,1.3647,1.6985,59.1491,1.9663
23/10/2016 00:00:00,0.8182,0.4618,18.9386,1.0000,0.0000,2.6035,250.9709,61.8281,1.1247,1.2194,0.5313,862.4570,264.4914,26.2096,19.8507,1.2570,1.7199,55.1780,1.8414
24/10/2016 00:00:00,0.7642,0.4716,19.0020,1.0000,0.0000,2.5318,253.3132,60.5562,1.2363,1.1733,0.5521,850.5428,262.1086,26.2340,20.0708,1.2396,1.7414,55.0304,1.8469
25/10/2016 00:00:00,0.7284,0.4813,19.0654,1.0000,0.0000,2.4602,255.6554,59.2842,1.3613,1.1345,0.5774,838.6285,259.7257,26.4576,20.7015,1.2317,1.7628,55.2935,1.8669
26/10/2016 00:00:00,0.7216,0.4871,19.1630,1.0000,0.0000,2.3886,253.7926,58.0122,1.4923,1.0944,0.6009,826.7143,257.3429,26.7016,21.3659,1.2189,1.7843,55.5902,1.8800
27/10/2016 00:00:00,0.6916,0.4910,19.2821,1.0000,0.0000,2.3170,249.2721,56.7402,1.6436,1.0617,0.6349,814.8001,254.9600,27.1919,22.5313,1.2256,1.8058,56.3880,1.9240
28/10/2016 00:00:00,0.6453,0.4950,19.4013,1.0000,0.0000,2.2454,244.7516,55.4682,1.7737,1.0091,0.6555,802.8859,252.5772,27.2369,22.7627,1.2053,1.8272,56.2518,1.9263
29/10/2016 00:00:00,1.0580,0.4989,19.5204,1.0000,0.0000,2.1737,240.2311,54.1963,2.1755,1.0888,0.7671,790.9717,250.1943,31.1110,30.8625,1.3444,1.8487,63.9840,2.1882
30/10/2016 00:00:00,0.9766,0.5028,19.6395,1.0000,0.0000,2.1021,235.7106,52.9243,2.2276,0.9787,0.7681,779.0575,247.8115,29.7556,28.1781,1.2838,1.8701,60.9319,2.1286
31/10/2016 00:00:00,0.6452,0.5067,19.7586,1.0000,0.0000,2.0305,231.1901,51.6523,2.2256,0.8554,0.7126,767.1432,245.4286,27.8404,24.3695,1.1367,1.8916,56.7556,1.9206
01/11/2016 00:00:00,0.5640,0.5106,19.8778,1.0000,0.0000,2.2456,226.6696,50.3803,2.3994,0.8029,0.7568,755.2290,243.0458,28.1752,25.1549,1.1524,2.1215,57.1734,1.9849
02/11/2016 00:00:00,0.5185,0.5160,20.0985,1.0000,0.0000,2.6732,225.0869,50.3911,2.4096,0.7737,0.7765,743.3376,240.6675,28.2049,25.1526,1.1320,2.4855,57.0122,1.9861
03/11/2016 00:00:00,0.4732,0.5224,20.3987,1.0000,0.0000,3.1008,225.7980,51.4052,2.2910,0.7652,0.7872,731.4641,238.2928,28.0204,24.5945,1.1020,2.8496,56.4584,1.9678
04/11/2016 00:00:00,2.0377,0.5288,20.6988,1.0000,0.0000,3.5284,226.5092,52.4193,2.9678,1.0328,1.1196,719.5905,235.9181,37.9896,44.4339,1.5078,3.2137,76.3022,2.7394
05/11/2016 00:00:00,0.4945,0.5351,20.9989,1.0000,0.0000,3.9560,227.2204,53.4334,2.2148,0.8046,0.9010,707.7170,233.5434,29.7272,27.6454,1.1690,3.5778,59.5181,2.1601
06/11/2016 00:00:00,0.4274,0.5415,21.2990,1.0000,0.0000,4.3835,227.9316,54.4475,2.0394,0.7749,0.8600,695.8434,231.1687,28.7594,25.5217,1.0766,3.9418,57.3987,2.0226
07/11/2016 00:00:00,0.4126,0.5479,21.5991,1.0000,0.0000,4.8111,228.6428,55.4616,1.9430,0.7740,0.8757,683.9699,228.7940,28.8504,25.5179,1.0592,4.3059,57.3993,2.0225
08/11/2016 00:00:00,0.3877,0.5543,21.8993,1.0000,0.0000,5.2387,229.3540,56.4758,1.8291,0.7656,0.8809,672.0963,226.4193,28.6661,24.9683,1.0308,4.6700,56.8540,1.9997
09/11/2016 00:00:00,0.3674,0.5584,22.1567,1.0000,0.0000,5.6663,227.6268,57.4899,1.7231,0.7600,0.8896,660.2228,224.0446,28.5808,24.6180,1.0082,5.0340,56.5081,1.9868
10/11/2016 00:00:00,0.3657,0.5611,22.3765,1.0000,0.0000,6.0939,223.7465,58.5040,1.6439,0.7662,0.9132,648.3492,221.6698,28.9426,25.1513,1.0034,5.3981,57.0457,2.0079
11/11/2016 00:00:00,0.8797,0.5637,22.5963,1.0000,0.0000,6.5215,219.8662,59.5181,1.7641,0.8719,1.0127,636.4757,219.2951,33.0801,33.0999,1.0798,5.7622,64.9988,2.1937
12/11/2016 00:00:00,0.3779,0.5664,22.8161,1.0000,0.0000,6.9491,215.9859,60.5322,1.4957,0.7869,0.9760,624.6022,216.9204,29.9834,26.8293,1.0110,6.1262,58.7325,2.0847
13/11/2016 00:00:00,0.3557,0.5690,23.0359,1.0000,0.0000,7.3767,212.1055,61.5463,1.3829,0.7777,0.9777,612.7286,214.5457,29.7623,26.2127,0.9847,6.4903,58.1203,2.0603
14/11/2016 00:00:00,0.3302,0.5717,23.2557,1.0000,0.0000,7.8043,208.2252,62.5604,1.2683,0.7662,0.9749,600.8551,212.1710,29.4508,25.4241,0.9555,6.8544,57.3360,2.0280
15/11/2016 00:00:00,0.2875,0.5743,23.4755,1.0000,0.0000,7.8061,204.3449,63.5745,1.1311,0.7381,0.9479,588.9815,209.7963,28.4963,23.3924,0.9048,6.8799,55.3087,1.9476
16/11/2016 00:00:00,0.2717,0.5591,23.3917,1.0000,0.0000,7.4487,203.2532,63.6565,1.0973,0.7356,0.9278,586.4589,209.2918,28.3678,23.0778,0.9137,6.6797,54.9020,1.9342
17/11/2016 00:00:00,2.5627,0.5304,23.0327,1.0000,0.0000,7.0912,204.6892,62.8928,1.5786,1.0343,1.1524,592.4201,210.4840,39.6555,44.8944,1.2310,6.4795,76.5390,2.4987
18/11/2016 00:00:00,0.3600,0.5017,22.6737,1.0000,0.0000,6.7337,206.1251,62.1291,1.2893,0.8261,0.9637,598.3814,211.6763,31.4852,29.1365,1.1146,6.2794,60.6015,2.1747
19/11/2016 00:00:00,0.3256,0.4730,22.3147,1.0000,0.0000,6.3763,207.5610,61.3654,1.2874,0.8071,0.8931,604.3426,212.8685,30.5733,27.3955,1.1165,6.0792,58.6810,2.0989
20/11/2016 00:00:00,0.2842,0.4443,21.9558,1.0000,0.0000,6.0188,208.9969,60.6016,1.2728,0.7810,0.8177,610.3039,214.0608,29.4059,25.1729,1.1036,5.8790,56.2788,2.0031
21/11/2016 00:00:00,0.2701,0.4156,21.5968,1.0000,0.0000,5.6614,210.4329,59.8379,1.2991,0.7805,0.7751,616.2651,215.2530,29.2096,24.8143,1.1281,5.6788,55.7407,1.9807
22/11/2016 00:00:00,0.2615,0.3868,21.2378,1.0000,0.0000,5.3039,211.8688,59.0742,1.3353,0.7858,0.7401,622.2264,216.4453,29.2288,24.8655,1.1608,5.4786,55.6123,1.9750
23/11/2016 00:00:00,0.2414,0.3864,21.4525,1.0000,0.0000,4.9464,211.9758,58.3105,1.3490,0.7780,0.6930,628.1876,217.6375,28.7588,23.9862,1.1704,5.2785,54.5534,1.9327
24/11/2016 00:00:00,0.2120,0.4048,22.1171,1.0000,0.0000,4.5890,211.0404,57.5468,1.3398,0.7575,0.6366,634.1489,218.8298,27.8241,22.2311,1.1575,5.0783,52.6188,1.8578
25/11/2016 00:00:00,0.1911,0.4231,22.7818,1.0000,0.0000,4.2315,210.1050,56.7830,1.3405,0.7432,0.5908,640.1101,220.0220,27.1287,20.9356,1.1562,4.8781,51.1437,1.8061
26/11/2016 00:00:00,0.1719,0.4414,23.4464,1.0000,0.0000,3.8740,209.1696,56.0193,1.3379,0.7276,0.5464,646.0714,221.2143,26.3906,19.5659,1.1508,4.6779,49.5944,1.7519
27/11/2016 00:00:00,0.1537,0.4597,24.1111,1.0000,0.0000,3.5166,208.2342,55.2556,1.3338,0.7118,0.5044,652.0326,222.4065,25.6524,18.2025,1.1435,4.4777,48.0515,1.6983
28/11/2016 00:00:00,0.1478,0.4780,24.7757,1.0000,0.0000,3.1591,207.2988,54.4919,1.3723,0.7189,0.4809,657.9939,223.5988,25.7403,18.3882,1.1744,4.2776,48.0576,1.7034
29/11/2016 00:00:00,0.1418,0.4964,25.4404,1.0000,0.0000,3.0000,206.3634,53.7282,1.4095,0.7250,0.4571,663.9551,224.7910,25.7922,18.5035,1.2028,4.5847,47.9934,1.7056
30/11/2016 00:00:00,0.1389,0.5086,25.4743,1.0000,0.0000,3.0000,206.1819,52.9652,1.4505,0.7328,0.4815,663.4231,224.6846,25.9507,18.9891,1.1943,5.2128,48.3552,1.7239
01/12/2016 00:00:00,0.1353,0.5165,24.9811,1.0000,0.0000,3.0000,206.6306,52.2030,1.4770,0.7331,0.5393,657.4731,223.4946,25.8895,19.2129,1.1398,5.8409,48.5019,1.7330
02/12/2016 00:00:00,0.1342,0.5244,24.4879,1.0000,0.0000,3.0000,207.0794,51.4407,1.5151,0.7390,0.6012,651.5230,222.3046,26.0249,19.8077,1.0948,6.4690,49.0194,1.7561
03/12/2016 00:00:00,0.1332,0.5323,23.9946,1.0000,0.0000,3.0000,207.5281,50.6784,1.5537,0.7450,0.6633,645.5730,221.1146,26.1586,20.4040,1.0498,7.0971,49.5386,1.7795
04/12/2016 00:00:00,0.2331,0.5402,23.5014,1.0000,0.0000,3.0000,207.9768,49.9161,1.5276,0.7202,0.6920,639.6230,219.9246,25.2159,18.9557,0.9582,7.7252,48.0131,1.7193
05/12/2016 00:00:00,0.1329,0.5481,23.0082,1.0000,0.0000,3.0000,208.4255,49.1538,1.6328,0.7571,0.7875,633.6730,218.7346,26.4316,21.6221,0.9587,8.3533,50.6023,1.8249
06/12/2016 00:00:00,0.1259,0.5560,22.5149,1.0000,0.0000,3.0000,208.8742,48.3916,1.6390,0.7476,0.8321,627.7230,217.5446,26.0264,21.1955,0.8940,8.9814,50.0986,1.8093
07/12/2016 00:00:00,0.1808,0.5627,22.5143,1.0000,0.0000,3.0000,208.0320,47.6293,1.5679,0.7037,0.8173,621.7729,216.3546,24.4271,18.4517,0.7770,9.6095,47.2776,1.6760
08/12/2016 00:00:00,0.1154,0.5687,22.8696,1.0000,0.0000,3.0000,206.2566,46.8670,1.6689,0.7372,0.9269,615.8229,215.1646,25.5147,20.9049,0.7810,10.2377,49.6536,1.8006
09/12/2016 00:00:00,0.1219,0.5747,23.2250,1.0000,0.0000,3.0000,204.4811,46.1047,1.6240,0.7062,0.9151,609.8729,213.9746,24.3692,19.0136,0.6840,10.8658,47.6851,1.6906
10/12/2016 00:00:00,0.1030,0.5807,23.5804,1.0000,0.0000,3.0000,202.7057,45.3424,1.6765,0.7178,1.0019,603.9229,212.7846,24.6974,19.9994,0.6641,11.4939,48.5937,1.7662
11/12/2016 00:00:00,0.0964,0.5867,23.9357,1.0000,0.0000,3.0000,200.9303,44.5802,1.6761,0.7067,1.0343,597.9729,211.5946,24.2441,19.4483,0.6075,12.1220,47.9655,1.7452
12/12/2016 00:00:00,1.4194,0.5927,24.2911,1.0000,0.0000,3.0000,199.1549,43.8179,2.2724,0.9438,1.3177,592.0228,210.4046,32.2809,35.7794,0.6843,12.7501,64.2195,2.1338
13/12/2016 00:00:00,0.6075,0.5988,24.6465,1.0000,0.0000,3.0000,197.3795,43.0556,1.9316,0.7904,0.9893,586.0728,209.2146,26.9533,25.5556,0.4530,12.8139,53.9184,1.5412
14/12/2016 00:00:00,0.1212,0.6008,24.6558,1.0000,0.0000,3.0000,196.4646,42.4337,1.7574,0.7086,1.1098,583.3333,208.6667,24.2587,20.1041,0.5012,12.5048,48.5676,1.7220
15/12/2016 00:00:00,0.1157,0.6001,24.3701,1.0000,0.0000,3.0000,196.2834,41.9316,1.7596,0.6992,1.0779,583.3333,208.6667,24.1729,19.5257,0.5283,12.1957,48.2416,1.7139
16/12/2016 00:00:00,0.1076,0.5994,24.0844,1.0000,0.0000,3.0000,196.1021,41.4294,1.7486,0.6850,1.0400,583.3333,208.6667,23.9096,18.5980,0.5514,11.8866,47.5662,1.6954
17/12/2016 00:00:00,0.0985,0.5986,23.7988,1.0000,0.0000,3.0000,195.9208,40.9273,1.7280,0.6674,0.9972,583.3333,208.6667,23.5199,17.4252,0.5704,11.5774,46.6459,1.6673
18/12/2016 00:00:00,0.0930,0.5979,23.5131,1.0000,0.0000,3.0000,195.7396,40.4252,1.7214,0.6556,0.9622,583.3333,208.6667,23.3253,16.6457,0.5925,11.2683,46.1188,1.6509
19/12/2016 00:00:00,0.0896,0.5971,23.2274,1.0000,0.0000,3.0000,195.5583,39.9231,1.7357,0.6519,0.9415,583.3333,208.6667,23.4157,16.4327,0.6227,10.9592,46.1582,1.6583
20/12/2016 00:00:00,0.0850,0.5964,22.9417,1.0000,0.0000,3.0000,195.3770,39.4210,1.7371,0.6436,0.9131,583.3333,208.6667,23.3351,15.8847,0.6477,10.6501,45.8625,1.6521
21/12/2016 00:00:00,0.0785,0.5965,23.0015,1.0000,0.0000,3.0000,195.9265,38.9188,1.7195,0.6285,0.8748,583.3333,208.6667,23.0013,14.8439,0.6644,10.3410,45.0742,1.6267
22/12/2016 00:00:00,0.0790,0.5971,23.2522,1.0000,0.0000,3.0000,196.8801,38.4167,1.6757,0.6044,0.8256,583.3333,208.6667,22.3224,13.1346,0.6705,10.0319,43.6172,1.5787
23/12/2016 00:00:00,0.0687,0.5977,23.5030,1.0000,0.0000,3.0000,197.8337,37.9146,1.6935,0.6028,0.8045,583.3333,208.6667,22.4697,13.0449,0.6979,9.7228,43.7799,1.5829
24/12/2016 00:00:00,0.0650,0.5983,23.7537,1.0000,0.0000,3.0000,198.7872,37.4125,1.6874,0.5928,0.7737,583.3333,208.6667,22.2998,12.3393,0.7162,9.4137,43.3268,1.5672
25/12/2016 00:00:00,0.0619,0.5990,24.0045,1.0000,0.0000,3.0000,199.7408,36.9104,1.6846,0.5842,0.7450,583.3333,208.6667,22.1762,11.7272,0.7352,9.1046,42.9671,1.5548
26/12/2016 00:00:00,0.0594,0.5996,24.2552,1.0000,0.0000,3.0000,200.6944,36.4082,1.6860,0.5773,0.7189,583.3333,208.6667,22.1113,11.2317,0.7559,8.7955,42.7240,1.5467
27/12/2016 00:00:00,0.2876,0.6002,24.5060,1.0000,0.0000,3.0000,201.6480,35.9061,1.9513,0.6598,0.7954,583.3333,208.6667,25.4951,17.3844,0.8907,8.4863,49.1291,1.7656
28/12/2016 00:00:00,0.0920,0.6008,24.7567,1.0000,0.0000,3.0000,202.6015,35.4040,1.5382,0.5136,0.5196,583.3333,208.6667,20.0239,6.4860,0.6194,8.1772,38.4831,1.1910
29/12/2016 00:00:00,0.0587,0.6015,25.0075,1.0000,0.0000,3.0000,203.5551,34.9019,1.7717,0.5843,0.6775,583.3333,208.6667,22.9818,11.8021,0.8594,7.8681,44.0516,1.6047
30/12/2016 00:00:00,0.0589,0.6021,25.2582,1.0000,0.0000,3.0000,204.5087,34.3997,1.8040,0.5877,0.6643,583.3333,208.6667,23.3180,12.0779,0.8965,7.5590,44.5797,1.6272
31/12/2016 00:00:00,0.0596,0.6027,25.5089,1.0000,0.0000,3.0000,205.4623,33.8976,1.8420,0.5929,0.6527,583.3333,208.6667,23.7276,12.4922,0.9373,7.2499,45.2465,1.6553
01/01/2017 00:00:00,0.0543,0.6033,25.7597,1.0000,0.0000,3.0000,206.4159,33.3955,1.7984,0.5720,0.6103,583.3333,208.6667,23.0877,10.9081,0.9325,6.9408,43.9147,1.6038
02/01/2017 00:00:00,0.0496,0.6040,26.0104,1.0000,0.0000,3.0000,207.3694,32.8934,1.7555,0.5517,0.5696,583.3333,208.6667,22.4619,9.3584,0.9263,6.6317,42.6174,1.5529
03/01/2017 00:00:00,0.0462,0.6046,26.2612,1.0000,0.0000,3.0000,208.3230,32.3913,1.7239,0.5354,0.5346,583.3333,208.6667,21.9858,8.0996,0.9255,6.3226,41.6110,1.5135
04/01/2017 00:00:00,0.0427,0.6052,26.5119,1.0000,0.0000,3.0869,209.2766,31.8891,1.6837,0.5169,0.4980,583.3333,208.6667,21.4038,6.6469,0.9184,6.2302,40.4107,1.4662
05/01/2017 00:00:00,0.0398,0.6076,26.4486,1.0000,0.0000,3.2537,205.5234,31.8090,1.6581,0.5032,0.5266,583.3333,208.6667,20.9713,5.4491,0.8475,6.2802,39.4044,1.4268
06/01/2017 00:00:00,0.0393,0.6109,26.1474,1.0000,0.0000,3.4206,198.2060,32.0488,1.6543,0.4963,0.6039,583.3333,208.6667,20.7868,4.6999,0.7368,6.3302,38.8003,1.4011
07/01/2017 00:00:00,0.0396,0.6142,25.8462,1.0000,0.0000,3.5874,190.8886,32.2886,1.7343,0.5145,0.7198,583.3333,208.6667,21.6516,5.9031,0.6679,6.3802,40.1486,1.4597
08/01/2017 00:00:00,0.0396,0.6174,25.5450,1.0000,0.0000,3.7543,183.5713,32.5284,1.7762,0.5210,0.8212,583.3333,208.6667,22.0344,6.1992,0.5755,6.4301,40.5899,1.4788
09/01/2017 00:00:00,0.0389,0.6207,25.2438,1.0000,0.0000,3.9211,176.2539,32.7682,1.8006,0.5223,0.9148,583.3333,208.6667,22.1967,6.0846,0.4750,6.4801,40.6205,1.4813
10/01/2017 00:00:00,0.0359,0.6240,24.9426,1.0000,0.0000,3.9623,168.9365,33.0080,1.7684,0.5074,0.9740,583.3333,208.6667,21.6657,4.7078,0.3611,6.8229,39.3888,1.4325
11/01/2017 00:00:00,0.0342,0.6259,24.6876,1.0000,0.0000,3.8908,166.8714,33.1122,1.7328,0.4918,0.9545,579.5654,207.9131,20.9194,3.6150,0.3267,7.3587,38.1712,1.3766
12/01/2017 00:00:00,0.0543,0.6271,24.4593,1.0000,0.0000,3.8194,167.8533,33.1376,1.5417,0.4328,0.7981,573.6095,206.7219,18.2496,0.0000,0.2978,7.8945,33.6234,1.1756
13/01/2017 00:00:00,0.0337,0.6284,24.2311,1.0000,0.0000,3.7479,168.8352,33.1630,1.7839,0.4955,0.9329,567.6535,205.5307,20.7047,4.5281,0.3769,8.4303,38.5214,1.4031
14/01/2017 00:00:00,0.0319,0.6296,24.0029,1.0000,0.0000,3.6764,169.8171,33.1885,1.8021,0.4952,0.9137,561.6976,204.3395,20.5088,4.8237,0.3973,8.9660,38.5355,1.4024
15/01/2017 00:00:00,0.0289,0.6308,23.7747,1.0000,0.0000,3.6049,170.7990,33.2139,1.7452,0.4746,0.8551,555.7417,203.1483,19.4734,3.5266,0.3982,9.5018,36.9570,1.3389
16/01/2017 00:00:00,0.0284,0.6321,23.5464,1.0000,0.0000,3.5334,171.7809,33.2393,1.7631,0.4744,0.8398,549.7858,201.9572,19.2888,3.8287,0.4170,10.0376,36.9775,1.3408
17/01/2017 00:00:00,0.0287,0.6333,23.3182,1.0000,0.0000,3.4619,172.7627,33.2648,1.8082,0.4816,0.8393,543.8298,200.7660,19.3966,4.6976,0.4427,10.5733,37.5649,1.3659
18/01/2017 00:00:00,0.0276,0.6354,23.1686,1.0000,0.0000,3.3904,174.5075,33.2902,1.8053,0.4759,0.8141,537.8739,199.5748,18.9864,4.5651,0.4545,11.1091,37.1510,1.3500
19/01/2017 00:00:00,0.0276,0.6384,23.0651,1.0000,0.0000,3.3190,176.6982,33.3157,1.8407,0.4803,0.8089,531.9180,198.3836,18.9795,5.2215,0.4766,11.6449,37.5259,1.3664
20/01/2017 00:00:00,0.0272,0.6414,22.9615,1.0000,0.0000,3.2475,178.8889,33.3411,1.8613,0.4808,0.7966,525.9620,197.1924,18.8154,5.5720,0.4939,12.1806,37.5949,1.3702
21/01/2017 00:00:00,0.0268,0.6444,22.8579,1.0000,0.0000,3.1760,181.0796,33.3665,1.8817,0.4812,0.7846,520.0061,196.0012,18.6478,5.9169,0.5106,12.7164,37.6583,1.3737
22/01/2017 00:00:00,0.0264,0.6474,22.7543,1.0000,0.0000,3.1045,183.2703,33.3920,1.9011,0.4813,0.7724,514.0502,194.8100,18.4687,6.2399,0.5266,13.2522,37.6999,1.3763
23/01/2017 00:00:00,0.0263,0.6504,22.6507,1.0000,0.0000,3.0330,185.4610,33.4174,1.9287,0.4835,0.7644,508.0943,193.6189,18.3680,6.7257,0.5447,13.7879,37.9042,1.3855
24/01/2017 00:00:00,0.0262,0.6533,22.5472,1.0000,0.0000,3.1923,187.6517,33.4428,1.9571,0.4859,0.7568,502.1383,192.4277,18.2698,7.2215,0.5626,13.7502,38.1185,1.3951
25/01/2017 00:00:00,0.0246,0.6523,22.4397,1.0000,0.0000,3.5495,188.8653,34.2007,1.8852,0.4762,0.7316,500.0000,192.0000,17.8075,6.6295,0.5578,13.3368,37.2975,1.3626
26/01/2017 00:00:00,0.0214,0.6478,22.3301,1.0000,0.0000,3.9068,189.5324,35.3688,1.7178,0.4486,0.6775,500.0000,192.0000,16.7306,4.5668,0.5251,12.9234,35.0354,1.2704
27/01/2017 00:00:00,0.0193,0.6433,22.2206,1.0000,0.0000,4.2641,190.1996,36.5370,1.5863,0.4289,0.6372,500.0000,192.0000,15.9498,3.1249,0.5023,12.5099,33.3939,1.2031
28/01/2017 00:00:00,0.0187,0.6389,22.1110,1.0000,0.0000,4.6213,190.8667,37.7051,1.4012,0.3926,0.5366,500.0000,192.0000,14.5620,0.4129,0.4303,12.0965,30.4824,1.0205
29/01/2017 00:00:00,0.0977,0.6344,22.0014,1.0000,0.0000,4.9786,191.5338,38.8732,1.6071,0.4675,0.6024,500.0000,192.0000,17.2889,6.3133,0.4916,11.6831,36.1833,1.1543
30/01/2017 00:00:00,0.2724,0.6300,21.8918,1.0000,0.0000,5.3359,192.2009,40.0414,1.8850,0.5700,0.5511,500.0000,192.0000,21.0224,14.3179,0.4579,11.2697,43.9884,1.0641
31/01/2017 00:00:00,1.9819,0.6255,21.7822,1.0000,0.0000,5.6931,192.8680,41.2095,3.0192,0.9507,1.1487,500.0000,192.0000,34.9635,43.6742,0.9720,10.8563,73.1452,2.2356
01/02/2017 00:00:00,0.1812,0.6057,22.0893,1.0000,0.0000,6.0504,192.1903,42.3776,1.4689,0.4825,0.5225,500.0000,192.0000,17.6941,7.7380,0.4505,10.4428,37.0095,1.0253
02/02/2017 00:00:00,0.0301,0.5740,22.6574,1.0000,0.0000,6.4077,190.6698,43.5458,1.4705,0.5049,0.7122,500.0000,192.0000,18.4624,9.5368,0.6259,10.0294,38.6088,1.4094
03/02/2017 00:00:00,0.0297,0.5422,23.2255,1.0000,0.0000,6.7649,189.1493,44.7139,1.4133,0.5083,0.7094,500.0000,192.0000,18.5325,9.8750,0.6358,9.6160,38.7474,1.4161
04/02/2017 00:00:00,0.0276,0.5105,23.7936,1.0000,0.0000,7.1222,187.6288,45.8820,1.3136,0.4960,0.6823,500.0000,192.0000,18.0341,9.0247,0.6238,9.2026,37.6977,1.3744
05/02/2017 00:00:00,0.0259,0.4787,24.3618,1.0000,0.0000,7.4795,186.1083,47.0502,1.2242,0.4866,0.6597,500.0000,192.0000,17.6404,8.3937,0.6157,8.7891,36.8671,1.3414
06/02/2017 00:00:00,0.0247,0.4470,24.9299,1.0000,0.0000,7.8367,184.5878,48.2183,1.1439,0.4801,0.6416,500.0000,192.0000,17.3517,7.9823,0.6115,8.3757,36.2562,1.3172
07/02/2017 00:00:00,0.0252,0.4152,25.4980,1.0000,0.0000,9.3258,183.0673,49.3864,1.0477,0.4657,0.6004,500.0000,192.0000,16.7833,6.9868,0.5847,7.9254,35.0612,1.2451
08/02/2017 00:00:00,0.0238,0.3930,25.6284,1.0000,0.0000,11.7673,184.4329,57.1611,1.2051,3.4800,0.6021,559.7756,203.9551,15.4605,0.0000,0.6219,7.4477,35.6588,1.2843
09/02/2017 00:00:00,0.1483,0.3776,25.4983,1.0000,0.0000,14.2087,187.5162,68.8644,1.4527,6.9628,0.5781,655.0988,223.0198,14.6154,0.0000,0.6486,6.9701,37.7594,1.2845
10/02/2017 00:00:00,14.1472,0.3621,25.3682,1.0000,0.0000,16.6501,190.5995,80.5678,4.5590,26.3993,1.4515,750.4220,242.0844,39.2626,45.2156,1.7730,6.4925,109.9203,3.3696
11/02/2017 00:00:00,4.1066,0.3466,25.2381,1.0000,0.0000,19.0916,193.6828,92.2712,3.7484,24.0054,1.1589,845.7452,261.1490,28.9404,7.3586,1.5459,6.0148,86.0349,2.8206
12/02/2017 00:00:00,0.2380,0.3311,25.1079,1.0000,0.0000,21.5330,196.7661,103.9746,3.8002,25.9163,1.1704,941.0684,280.2137,27.0460,0.0000,1.7109,5.5372,84.2426,2.9984
13/02/2017 00:00:00,0.1876,0.3156,24.9778,1.0000,0.0000,23.9744,199.8495,115.6780,3.2176,22.9087,0.9121,1036.3916,299.2783,21.4970,0.0000,1.4671,5.0596,69.5052,2.4705
14/02/2017 00:00:00,0.1814,0.3001,24.8477,1.0000,0.0000,26.4158,202.9328,127.3814,2.9395,21.5956,0.7702,1131.7148,318.3430,18.6702,0.0000,1.3697,4.5819,62.2392,2.2170
15/02/2017 00:00:00,0.1432,0.3059,24.7601,1.0000,0.0000,28.8573,203.5521,128.7679,2.9009,20.2873,0.6928,1159.1090,323.8218,18.3499,0.0000,1.4073,4.1043,60.0973,2.1694
16/02/2017 00:00:00,0.1290,0.3283,24.6971,1.0000,0.0000,29.6786,202.7467,124.1815,2.8234,17.8587,0.5942,1147.1758,321.4352,18.1968,0.0000,1.4034,3.9229,57.0435,2.0570
17/02/2017 00:00:00,0.1146,0.3507,24.6341,1.0000,0.0000,29.0745,201.9412,119.5950,2.7268,15.4251,0.5016,1135.2426,319.0485,17.8992,0.0000,1.3815,3.9630,53.6912,1.9333
18/02/2017 00:00:00,0.1009,0.3731,24.5711,1.0000,0.0000,28.4704,201.1357,115.0086,2.6412,13.1759,0.4209,1123.3095,316.6619,17.6524,0.0000,1.3586,4.0031,50.6504,1.8216
19/02/2017 00:00:00,0.0877,0.3955,24.5081,1.0000,0.0000,27.8663,200.3302,110.4222,2.5536,11.0325,0.3484,1111.3763,314.2753,17.3717,0.0000,1.3275,4.0432,47.6604,1.7108
20/02/2017 00:00:00,0.0792,0.4179,24.4450,1.0000,0.0000,27.2622,199.5247,105.8358,2.5204,9.2049,0.2907,1099.4431,311.8886,17.4469,0.0000,1.3207,4.0833,45.7483,1.6404
21/02/2017 00:00:00,0.2093,0.4403,24.3820,1.0000,0.0000,25.7896,198.7192,101.2494,2.5861,7.7165,0.2356,1087.5099,309.5020,18.2099,0.0000,1.2948,5.9292,45.6126,1.5539
22/02/2017 00:00:00,0.0726,0.4542,24.4989,1.0000,0.0000,23.6510,201.5626,102.6088,2.4806,6.6946,0.2516,1114.1878,314.8376,18.2952,0.0000,1.3310,9.0649,44.7693,1.6077
23/02/2017 00:00:00,0.0721,0.4625,24.7125,1.0000,0.0000,21.5124,206.3683,107.1698,2.3745,6.2093,0.2881,1161.6561,324.3312,18.6487,0.0000,1.3071,12.2006,45.1483,1.6241
24/02/2017 00:00:00,0.0675,0.4707,24.9261,1.0000,0.0000,19.3738,211.1741,111.7308,2.1812,5.5062,0.3125,1209.1245,333.8249,18.2592,0.0000,1.2320,15.3364,43.7516,1.5758
25/02/2017 00:00:00,0.0608,0.4789,25.1397,1.0000,0.0000,17.2351,215.9799,116.2918,2.0177,4.8949,0.3374,1256.5928,343.3186,18.0228,0.0000,1.1674,18.4721,42.7581,1.5385
26/02/2017 00:00:00,0.0553,0.4872,25.3533,1.0000,0.0000,15.0965,220.7857,120.8529,1.8486,4.2869,0.3581,1304.0612,352.8122,17.6426,0.0000,1.0967,21.6078,41.4570,1.4906
27/02/2017 00:00:00,0.0542,0.4954,25.5668,1.0000,0.0000,12.9579,225.5914,125.4139,1.7506,3.8548,0.3916,1351.5295,362.3059,17.8767,0.0000,1.0687,24.7435,41.6202,1.4995
28/02/2017 00:00:00,0.0530,0.5036,25.7804,1.0000,0.0000,12.0000,230.3972,129.9749,1.6540,3.4295,0.4256,1398.9979,371.7996,18.1019,0.0000,1.0403,27.8680,41.7699,1.5085
01/03/2017 00:00:00,0.0510,0.5035,25.9844,1.0000,0.0000,12.0000,227.5537,132.2313,1.5613,3.0529,0.4381,1416.6667,375.3333,18.2295,0.0000,1.0234,30.9848,41.6117,1.5054
02/03/2017 00:00:00,1.2957,0.4974,26.1827,1.0000,0.0000,12.0000,220.1687,133.1212,2.1261,3.9026,0.5896,1416.6667,375.3333,26.4928,0.0000,1.3662,34.1017,59.7350,2.0148
03/03/2017 00:00:00,0.0701,0.4912,26.3810,1.0000,0.0000,12.0000,212.7837,134.0111,1.3680,2.3210,0.4264,1416.6667,375.3333,18.2917,0.0000,0.9809,37.2186,40.7266,1.4499
04/03/2017 00:00:00,0.0507,0.4851,26.5794,1.0000,0.0000,12.0000,205.3988,134.9010,1.3280,2.0367,0.4518,1416.6667,375.3333,19.1771,0.0000,1.0327,40.3355,42.1492,1.5297
05/03/2017 00:00:00,0.0489,0.4790,26.7777,1.0000,0.0000,12.0000,198.0138,135.7909,1.2293,1.6467,0.4509,1416.6667,375.3333,19.3147,0.0000,1.0248,43.4524,41.8917,1.5208
06/03/2017 00:00:00,0.0476,0.4729,26.9760,1.0000,0.0000,12.0000,190.6288,136.6808,1.1354,1.2543,0.4535,1416.6667,375.3333,19.5867,0.0000,1.0253,46.5693,41.9068,1.5241
07/03/2017 00:00:00,0.0447,0.4668,27.1743,1.0000,0.0000,12.0000,183.2439,137.5707,1.0223,0.8329,0.4486,1416.6667,375.3333,19.5787,0.0000,1.0095,49.6861,41.3073,1.5029
08/03/2017 00:00:00,0.0435,0.4606,27.3726,1.0000,0.0000,11.4557,175.8589,138.4606,0.9203,0.4120,0.4498,1416.6667,375.3333,19.8395,0.0000,1.0080,48.2904,41.2598,1.5028
09/03/2017 00:00:00,0.0425,0.4566,26.8524,1.0000,0.0000,10.4574,175.3607,136.5436,1.3172,0.2985,0.4997,1381.5973,368.3195,19.6946,0.0000,0.9558,43.6064,41.2797,1.5055
10/03/2017 00:00:00,0.0418,0.4541,25.9099,1.0000,0.0000,9.4590,178.9106,132.9770,2.0405,0.3760,0.5697,1325.9193,357.1839,19.3126,0.0000,0.8850,38.9224,41.3898,1.5117
11/03/2017 00:00:00,0.0406,0.4517,24.9674,1.0000,0.0000,8.4606,182.4604,129.4105,2.7873,0.4552,0.6267,1270.2413,346.0483,18.7974,0.0000,0.8187,34.2384,41.2603,1.5081
12/03/2017 00:00:00,0.0377,0.4492,24.0249,1.0000,0.0000,7.4622,186.0103,125.8439,3.5029,0.5282,0.6627,1214.5633,334.9127,17.9297,0.0000,0.7464,29.5544,40.3825,1.4754
13/03/2017 00:00:00,1.6970,0.4467,23.0824,1.0000,0.0000,6.4638,189.5601,122.2773,8.4802,1.2080,1.2691,1158.8853,323.7771,34.2425,9.9619,1.2555,24.8704,79.3009,2.6515
14/03/2017 00:00:00,0.3568,0.4443,22.1399,1.0000,0.0000,6.4587,193.1100,118.7108,6.1890,0.8449,0.8662,1103.2073,312.6415,20.2228,0.0000,0.7634,22.2276,48.2695,1.7161
15/03/2017 00:00:00,0.4799,0.4412,21.6446,1.0000,0.0000,7.3153,193.1393,115.1488,6.8123,0.9252,0.8887,1083.3333,308.6667,21.4193,0.0000,0.7753,20.9418,51.2883,1.7529
16/03/2017 00:00:00,0.0477,0.4378,21.3970,1.0000,0.0000,8.1719,191.2194,111.5894,5.8351,0.8027,0.8442,1083.3333,308.6667,19.3319,0.0000,0.7706,19.6559,45.7007,1.6992
17/03/2017 00:00:00,0.0487,0.4343,21.1494,1.0000,0.0000,9.0286,189.2995,108.0300,5.6573,0.7890,0.8350,1083.3333,308.6667,19.7931,0.0000,0.7992,18.3701,46.1950,1.7177
18/03/2017 00:00:00,0.1837,0.4308,20.9018,1.0000,0.0000,9.8852,187.3796,104.4705,5.3128,0.7522,0.7338,1083.3333,308.6667,19.6768,0.0000,0.7381,17.0842,45.3381,1.5453
19/03/2017 00:00:00,0.0550,0.4273,20.6542,1.0000,0.0000,10.7418,185.4597,100.9111,5.3021,0.7631,0.8121,1083.3333,308.6667,20.8442,0.0000,0.8609,15.7984,47.4150,1.7543
20/03/2017 00:00:00,0.0522,0.4239,20.4066,1.0000,0.0000,11.5985,183.5399,97.3517,5.0867,0.7454,0.8015,1083.3333,308.6667,21.2904,0.0000,0.8978,14.5126,47.8116,1.7794
21/03/2017 00:00:00,0.0489,0.4204,20.1590,1.0000,0.0000,11.6583,181.6200,93.7923,4.7561,0.7110,0.7677,1083.3333,308.6667,21.2652,0.0000,0.9119,13.4378,47.1444,1.7564
22/03/2017 00:00:00,0.5112,0.4198,20.0936,1.0000,0.0000,11.0152,181.4552,91.2160,4.3821,0.6697,0.5439,1067.9879,305.5976,20.6010,0.0000,0.6438,12.5030,45.3271,1.2421
23/03/2017 00:00:00,0.2003,0.4216,20.1288,1.0000,0.0000,10.3720,182.2583,89.1823,4.4243,0.6930,0.7274,1044.1760,300.8352,21.7172,0.0000,0.8260,11.5681,47.5505,1.6261
24/03/2017 00:00:00,0.0653,0.4233,20.1639,1.0000,0.0000,9.7289,183.0615,87.1485,3.9995,0.6440,0.7306,1020.3641,296.0728,20.5881,0.0000,0.7930,10.6333,44.8465,1.5967
25/03/2017 00:00:00,0.0523,0.4251,20.1990,1.0000,0.0000,9.0858,183.8647,85.1148,4.1386,0.6875,0.8516,996.5522,291.3104,22.4560,0.0000,0.8797,9.6985,48.6489,1.8165
26/03/2017 00:00:00,0.2716,0.4268,20.2341,1.0000,0.0000,8.4426,184.6679,83.0810,3.5508,0.6112,0.7183,972.7404,286.5481,20.4329,0.0000,0.7028,8.7636,44.0102,1.4930
27/03/2017 00:00:00,0.0494,0.4285,20.2693,1.0000,0.0000,7.7995,185.4710,81.0473,3.6563,0.6557,0.8899,948.9285,281.7857,22.4775,0.0000,0.8200,7.8288,48.1167,1.7989
28/03/2017 00:00:00,0.0500,0.4303,20.3044,1.0000,0.0000,7.1563,186.2742,79.0135,3.4356,0.6463,0.9236,925.1166,277.0233,22.7672,0.0000,0.7959,6.8940,48.4179,1.8119
29/03/2017 00:00:00,0.0520,0.4323,20.4097,1.0000,0.0000,6.5132,186.2188,76.9798,3.1754,0.6321,0.9530,901.3047,272.2609,22.9385,0.0000,0.7618,5.9591,48.4417,1.8101
30/03/2017 00:00:00,0.0472,0.4346,20.5544,1.0000,0.0000,5.8700,185.6827,74.9460,2.8645,0.6104,0.9809,877.4928,267.4986,22.8825,0.6032,0.7201,5.0243,47.9627,1.7991
31/03/2017 00:00:00,0.0464,0.4368,20.6991,1.0000,0.0000,5.2269,185.1466,72.9122,2.5592,0.5929,1.0191,853.6809,262.7362,23.0369,2.6086,0.6783,4.0895,47.8999,1.7993
01/04/2017 00:00:00,0.0418,0.4391,20.8438,1.0000,0.0000,4.5837,184.6106,70.8785,2.1759,0.5602,1.0363,829.8690,257.9738,22.6498,3.4669,0.6152,3.1546,46.6899,1.7551
02/04/2017 00:00:00,0.0397,0.4413,20.9884,1.0000,0.0000,3.9406,184.0745,68.8447,1.8057,0.5341,1.0709,806.0571,253.2114,22.5688,4.9368,0.5548,2.2198,46.0916,1.7328
03/04/2017 00:00:00,0.0381,0.4436,21.1331,1.0000,0.0000,3.2975,183.5384,66.8110,1.4186,0.5086,1.1159,782.2453,248.4491,22.5825,6.5710,0.4893,1.2850,45.6575,1.7168
04/04/2017 00:00:00,0.0369,0.4458,21.2778,1.0000,0.0000,3.0000,183.0023,64.7772,1.0067,0.4831,1.1734,758.4334,243.6867,22.6906,8.3593,0.4161,1.0138,45.3776,1.7068
05/04/2017 00:00:00,0.0370,0.4486,21.1842,1.0000,0.0000,3.0000,184.6588,63.9039,0.9724,0.4898,1.2119,746.4155,241.2831,22.8511,9.3211,0.3811,1.2073,45.5392,1.7143
06/04/2017 00:00:00,0.0382,0.4517,20.9599,1.0000,0.0000,3.0000,187.5168,63.6668,1.1641,0.5157,1.2367,740.8654,240.1731,23.0391,9.8442,0.3714,1.4007,45.9577,1.7318
07/04/2017 00:00:00,0.0374,0.4548,20.7357,1.0000,0.0000,3.0000,190.3748,63.4298,1.3464,0.5359,1.2462,735.3152,239.0630,22.9442,9.8041,0.3570,1.5942,45.8129,1.7279
08/04/2017 00:00:00,0.0379,0.4580,20.5115,1.0000,0.0000,3.0000,193.2327,63.1928,1.5450,0.5613,1.2673,729.7650,237.9530,23.0513,10.1684,0.3460,1.7877,46.0726,1.7400
09/04/2017 00:00:00,0.0392,0.4611,20.2873,1.0000,0.0000,3.0000,196.0907,62.9558,1.7571,0.5898,1.2941,724.2149,236.8430,23.2531,10.7237,0.3363,1.9811,46.5232,1.7598
10/04/2017 00:00:00,0.0386,0.4642,20.0631,1.0000,0.0000,3.0000,198.9487,62.7188,1.9534,0.6118,1.3051,718.6647,235.7329,23.1715,10.7133,0.3224,2.1746,46.4081,1.7580
11/04/2017 00:00:00,0.0373,0.4674,19.8389,1.0000,0.0000,3.0000,201.8067,62.4818,2.1434,0.6314,1.3103,713.1146,234.6229,22.9845,10.4925,0.3073,2.3681,46.0826,1.7486
12/04/2017 00:00:00,0.0376,0.4705,19.7907,1.0000,0.0000,3.0000,201.6252,62.2447,2.3624,0.6588,1.3310,707.5644,233.5129,23.0654,10.8097,0.2958,2.5615,46.2952,1.7599
13/04/2017 00:00:00,0.0392,0.4737,19.8381,1.0000,0.0000,3.0000,199.7931,62.0077,2.6097,0.6927,1.3638,702.0142,232.4028,23.3401,11.5178,0.2867,2.7550,46.8986,1.7869
14/04/2017 00:00:00,0.0386,0.4769,19.8855,1.0000,0.0000,3.0000,197.9610,61.7707,2.8262,0.7174,1.3756,696.4641,231.2928,23.2725,11.5400,0.2731,2.9485,46.8162,1.7863
15/04/2017 00:00:00,0.0401,0.4801,19.9329,1.0000,0.0000,3.0000,196.1289,61.5337,3.0842,0.7517,1.4043,690.9139,230.1828,23.4888,12.1351,0.2628,3.1419,47.3066,1.8075
16/04/2017 00:00:00,0.0403,0.4833,19.9803,1.0000,0.0000,3.0000,194.2968,61.2967,3.3323,0.7824,1.4253,685.3638,229.0728,23.5623,12.4444,0.2508,3.3354,47.5113,1.8186
17/04/2017 00:00:00,0.0401,0.4864,20.0277,1.0000,0.0000,3.0000,192.4647,61.0597,3.5763,0.8114,1.4418,679.8136,227.9627,23.5584,12.5994,0.2379,3.5289,47.5616,1.8238
18/04/2017 00:00:00,0.0414,0.4896,20.0751,1.0000,0.0000,3.0000,190.6326,60.8226,3.8592,0.8483,1.4700,674.2634,226.8527,23.7548,13.1609,0.2268,3.7223,48.0185,1.8438
19/04/2017 00:00:00,0.0436,0.4928,20.1225,1.0000,0.0000,3.0837,188.8005,60.5856,4.1300,0.8815,1.4869,668.7133,225.7427,23.8183,13.4559,0.2138,3.7265,48.2087,1.8495
20/04/2017 00:00:00,0.0436,0.4959,20.1394,1.0000,0.0000,3.2373,186.2615,60.4982,4.2580,0.9264,1.5258,662.6239,224.5248,24.1483,14.5567,0.2082,3.6037,48.9676,1.8866
21/04/2017 00:00:00,0.0439,0.4990,20.1384,1.0000,0.0000,3.3909,183.3097,60.4982,4.2260,0.9634,1.5431,656.2194,223.2439,24.2275,15.3071,0.2018,3.4809,49.2373,1.8992
22/04/2017 00:00:00,0.0468,0.5021,20.1374,1.0000,0.0000,3.5444,180.3578,60.4982,4.1660,0.9952,1.5557,649.8150,221.9630,24.1533,15.7488,0.1944,3.3580,49.1984,1.9056
23/04/2017 00:00:00,0.0446,0.5052,20.1364,1.0000,0.0000,3.6980,177.4060,60.4982,4.1647,1.0428,1.5822,643.4105,220.6821,24.4295,16.9085,0.1882,3.2352,49.8774,1.9286
24/04/2017 00:00:00,0.0454,0.5083,20.1354,1.0000,0.0000,3.8516,174.4541,60.4982,4.1586,1.0916,1.6127,637.0061,219.4012,24.6930,18.0480,0.1820,3.1124,50.5363,1.9560
25/04/2017 00:00:00,0.0436,0.5113,20.1344,1.0000,0.0000,4.0052,171.5023,60.4982,4.0555,1.1164,1.6058,630.6017,218.1203,24.3879,18.0273,0.1713,2.9896,50.0350,1.9377
26/04/2017 00:00:00,0.0470,0.5144,20.1334,1.0000,0.0000,4.1587,168.5504,60.4982,4.0747,1.1767,1.6467,624.1972,216.8394,24.8299,19.5436,0.1651,2.8668,51.0706,1.9764
27/04/2017 00:00:00,0.0481,0.5178,19.9944,1.0000,0.0000,4.3123,172.0441,60.4982,4.0563,1.2293,1.6762,617.7928,215.5586,25.0615,20.6347,0.1571,2.7440,51.6811,2.0010
28/04/2017 00:00:00,0.0487,0.5215,19.7793,1.0000,0.0000,4.4659,179.0984,60.4982,4.0272,1.2814,1.7030,611.3883,214.2777,25.2432,21.6292,0.1483,2.6212,52.1949,2.0216
29/04/2017 00:00:00,0.0481,0.5252,19.5642,1.0000,0.0000,4.6195,186.1526,60.4982,3.9707,1.3273,1.7199,604.9839,212.9968,25.2678,22.3042,0.1380,2.4983,52.3893,2.0299
30/04/2017 00:00:00,0.0500,0.5288,19.3491,1.0000,0.0000,4.7730,193.2069,60.4982,3.9549,1.3896,1.7547,598.5795,211.7159,25.5683,23.5577,0.1285,2.3755,53.1622,2.0587
01/05/2017 00:00:00,0.0504,0.5325,19.1340,1.0000,0.0000,4.9266,200.2612,60.4982,3.9152,1.4470,1.7819,592.1750,210.4350,25.7355,24.5415,0.1176,2.2527,53.6654,2.0778
02/05/2017 00:00:00,0.0504,0.5361,18.9189,1.0000,0.0000,5.1501,207.3155,60.4982,3.8662,1.5042,1.8071,585.7706,209.1541,25.8597,25.4426,0.1060,2.1469,54.0858,2.0938
03/05/2017 00:00:00,0.0513,0.5366,19.0130,1.0000,0.0000,5.4374,213.9950,60.9714,3.7690,1.5440,1.8167,579.6396,207.9279,26.3057,25.9370,0.1174,2.0539,54.6879,2.1158
04/05/2017 00:00:00,0.0749,0.5342,19.2970,1.0000,0.0000,5.7247,220.4443,61.7354,3.2045,1.3830,1.3010,573.6765,206.7353,23.7041,19.5068,0.1026,1.9609,48.7267,1.5338
05/05/2017 00:00:00,1.8233,0.5318,19.5811,1.0000,0.0000,6.0121,226.8935,62.4993,4.1408,1.8846,1.8540,567.7135,205.5427,32.4878,36.3702,0.1729,1.8679,66.0592,2.2123
06/05/2017 00:00:00,0.0626,0.5295,19.8651,1.0000,0.0000,6.2994,233.3428,63.2633,3.3794,1.6237,1.7981,561.7505,204.3501,28.1459,26.4733,0.1937,1.7749,56.6314,2.1716
07/05/2017 00:00:00,0.4625,0.5271,20.1492,1.0000,0.0000,6.5868,239.7921,64.0272,4.8153,2.4452,2.4014,555.7875,203.1575,42.6148,54.2480,0.2936,1.6819,84.8751,2.9352
08/05/2017 00:00:00,0.1091,0.5247,20.4332,1.0000,0.0000,6.8741,246.2413,64.7912,3.3203,1.7844,1.8910,549.8244,201.9649,31.2578,30.5494,0.2589,1.5889,61.6456,2.3391
09/05/2017 00:00:00,0.3189,0.5224,20.7173,1.0000,0.0000,7.1614,252.6906,65.5551,2.4941,1.4206,1.3629,543.8614,200.7723,25.0097,17.2899,0.2067,1.4959,48.8552,1.7060
10/05/2017 00:00:00,0.0775,0.5300,20.5373,1.0000,0.0000,7.4488,251.3879,66.3191,3.0363,1.8360,1.8876,537.8984,199.5797,32.4763,30.8232,0.3144,1.4029,62.8575,2.3908
11/05/2017 00:00:00,0.0757,0.5444,20.0984,1.0000,0.0000,7.7361,245.7607,67.0830,2.8243,1.8162,1.8418,531.9353,198.3871,32.2751,29.4080,0.3343,1.3099,61.9114,2.3603
12/05/2017 00:00:00,0.0772,0.5589,19.6595,1.0000,0.0000,8.0234,240.1336,67.8470,2.7089,1.8564,1.8521,525.9723,197.1945,33.1357,30.0403,0.3641,1.2169,63.0128,2.4014
13/05/2017 00:00:00,0.0801,0.5733,19.2206,1.0000,0.0000,8.3108,234.5064,68.6109,2.5825,1.8901,1.8530,520.0093,196.0019,33.8836,30.4532,0.3923,1.1239,63.8947,2.4306
14/05/2017 00:00:00,0.1029,0.5878,18.7817,1.0000,0.0000,8.5981,228.8792,69.3749,2.2021,1.7257,1.4950,514.0462,194.8092,31.0646,24.1914,0.3394,1.0309,58.1020,1.9839
15/05/2017 00:00:00,1.1229,0.6022,18.3429,1.0000,0.0000,8.8855,223.2521,70.1388,2.2993,1.9347,1.5319,508.0832,193.6166,34.9675,30.5050,0.3713,0.9379,64.8846,2.0565
16/05/2017 00:00:00,1.1656,0.6166,17.9040,1.0000,0.0000,9.0000,217.6249,70.9028,2.1870,1.9822,1.6710,502.1202,192.4240,35.9654,31.3747,0.4309,0.9000,66.2234,2.2690
17/05/2017 00:00:00,0.1089,0.5935,17.6013,1.0000,0.0000,9.0000,218.7021,70.6831,2.2785,2.1190,1.8506,500.0000,192.0000,37.6747,35.3116,0.5721,0.9000,69.9680,2.6077
18/05/2017 00:00:00,0.1065,0.5446,17.3737,1.0000,0.0000,9.0000,223.4758,69.9207,2.1359,1.9819,1.5569,500.0000,192.0000,34.0653,30.3012,0.6003,0.9000,64.4006,2.3129
19/05/2017 00:00:00,1.2675,0.4958,17.1462,1.0000,0.0000,9.0000,228.2495,69.1583,2.2220,2.0572,1.3024,500.0000,192.0000,34.1771,32.2561,0.6114,0.9000,65.7984,2.0440
20/05/2017 00:00:00,0.9978,0.4469,16.9186,1.0000,0.0000,9.0000,233.0232,68.3959,1.9983,1.8461,1.0849,500.0000,192.0000,29.6371,25.1444,0.6098,0.9000,58.1297,1.8031
21/05/2017 00:00:00,3.2753,0.3980,16.6910,1.0000,0.0000,9.0000,237.7969,67.6335,2.6416,2.4352,1.4277,500.0000,192.0000,37.7696,43.0770,0.9491,0.9000,75.5051,2.5196
22/05/2017 00:00:00,2.5478,0.3492,16.4635,1.0000,0.0000,9.0000,242.5706,66.8711,3.3885,3.1175,1.6657,500.0000,192.0000,46.6971,63.3194,1.2983,0.9000,95.1905,3.1305
23/05/2017 00:00:00,0.9058,0.3003,16.2359,1.0000,0.0000,9.0000,247.3442,66.1087,2.3247,2.1345,1.1226,500.0000,192.0000,30.8700,32.8832,1.0194,0.9000,64.1971,2.2543
24/05/2017 00:00:00,0.2621,0.2880,16.1688,1.0000,0.0000,9.0000,247.1192,65.3463,2.3960,2.1957,1.0842,500.0000,192.0000,30.6501,34.3011,1.1421,0.9000,65.0580,2.3347
25/05/2017 00:00:00,0.1864,0.3008,16.1920,1.0000,0.0000,9.0000,244.0831,64.5839,2.6497,2.4237,1.1031,500.0000,192.0000,32.6423,40.5567,1.3448,0.9000,70.7564,2.5582
26/05/2017 00:00:00,0.5543,0.3135,16.2151,1.0000,0.0000,9.0000,241.0470,63.8215,2.3700,2.1638,0.8841,500.0000,192.0000,28.1067,32.6083,1.2464,0.9000,62.2510,2.2190
27/05/2017 00:00:00,0.1782,0.3263,16.2383,1.0000,0.0000,9.0000,238.0109,63.0591,2.8694,2.6151,0.9995,500.0000,192.0000,32.7477,45.0654,1.6305,0.9000,74.1509,2.7299
28/05/2017 00:00:00,0.1800,0.3391,16.2614,1.0000,0.0000,9.0000,234.9748,62.2967,2.9025,2.6407,0.9068,500.0000,192.0000,31.8648,45.2803,1.7157,0.9000,73.8088,2.7132
29/05/2017 00:00:00,0.1813,0.3519,16.2845,1.0000,0.0000,9.0000,231.9387,61.5343,2.9502,2.6796,0.8218,500.0000,192.0000,31.1420,45.8660,1.8106,0.9000,73.8374,2.7146
30/05/2017 00:00:00,0.1800,0.3646,16.3077,1.0000,0.0000,9.0000,228.9026,60.7719,2.9989,2.7193,0.7464,500.0000,192.0000,30.4233,46.4708,1.9267,0.9772,73.8851,2.7477
31/05/2017 00:00:00,0.1812,0.3746,16.3305,1.0000,0.0000,9.0000,227.2368,60.1723,3.0542,2.7718,0.7422,492.3671,190.4734,30.3232,46.7737,1.9911,1.1057,73.7885,2.8075
01/06/2017 00:00:00,0.1823,0.3827,16.3531,1.0000,0.0000,9.0000,226.3385,59.6637,3.1116,2.8303,0.7748,480.4588,188.0918,30.5441,46.8136,2.0119,1.2343,73.5170,2.8641
02/06/2017 00:00:00,0.1852,0.3908,16.3757,1.0000,0.0000,9.0000,225.4402,59.1552,3.1831,2.9018,0.8174,468.5505,185.7101,30.8867,47.1090,2.0518,1.3628,73.5011,2.9510
03/06/2017 00:00:00,0.1912,0.3989,16.3984,1.0000,0.0000,9.0000,224.5419,58.6466,3.2505,2.9699,0.8630,456.6422,183.3284,31.1729,47.2290,2.0905,1.4913,73.3098,3.0398
04/06/2017 00:00:00,0.2108,0.4070,16.4210,1.0000,0.0000,9.0000,223.6437,58.1381,3.3052,3.0267,0.8968,444.7339,180.9468,31.3216,46.9884,2.0932,1.6198,72.7579,3.0796
05/06/2017 00:00:00,0.2039,0.4151,16.4436,1.0000,0.0000,9.0000,222.7454,57.6296,3.4201,3.1390,0.9547,432.8256,178.5651,32.0194,47.9723,2.1432,1.7484,73.4304,3.1934
06/06/2017 00:00:00,0.2000,0.4232,16.4662,1.0000,0.0000,9.0000,221.8471,57.1210,3.5311,3.2482,0.9919,420.9173,176.1835,32.6535,48.7423,2.1375,1.8769,73.8892,3.2286
07/06/2017 00:00:00,0.1911,0.4313,16.4888,1.0000,0.0000,9.0000,220.9488,56.6125,3.6396,3.3556,1.0009,409.0090,173.8018,33.2370,49.3304,2.0660,2.0054,74.1659,3.1671
08/06/2017 00:00:00,0.1953,0.4463,16.3275,1.0000,0.0000,9.0000,222.2586,56.1039,3.7345,3.4510,1.0473,397.1007,171.4201,33.6717,49.5225,2.0657,2.1339,74.0467,3.2178
09/06/2017 00:00:00,0.1869,0.4661,16.0624,1.0000,0.0000,9.0000,224.8131,55.5954,3.8541,3.5696,1.0619,385.1924,169.0385,34.3015,50.0750,1.9963,2.2625,74.2879,3.1644
10/06/2017 00:00:00,0.1789,0.4859,15.7973,1.0000,0.0000,9.0000,227.3676,55.0869,3.9772,3.6920,1.0808,373.2840,166.6568,34.9318,50.5500,1.9308,2.3910,74.4516,3.1196
11/06/2017 00:00:00,0.1778,0.5057,15.5322,1.0000,0.0000,9.0000,229.9221,54.5783,4.0977,3.8126,1.1223,361.3757,164.2751,35.5096,50.8329,1.8992,2.5195,74.4232,3.1338
12/06/2017 00:00:00,0.1749,0.5255,15.2671,1.0000,0.0000,9.0000,232.4767,54.0698,4.2339,3.9484,1.1579,349.4674,161.8935,36.1899,51.2446,1.8492,2.6481,74.5236,3.1228
13/06/2017 00:00:00,0.2090,0.5453,15.0020,1.0000,0.0000,8.8393,235.0312,53.5612,4.0064,3.7448,1.0057,337.5591,159.5118,33.7707,45.2969,1.5096,2.6681,68.2645,2.6159
14/06/2017 00:00:00,2.1989,0.5380,15.0074,1.0000,0.0000,8.5537,239.1075,52.8890,4.3690,4.0932,0.8939,333.3333,158.6667,36.2426,51.5159,1.3649,2.6146,74.1395,2.3481
15/06/2017 00:00:00,0.2123,0.5125,15.1615,1.0000,0.0000,8.2680,244.0205,52.1267,4.1122,3.8615,1.1935,333.3333,158.6667,33.5255,48.3562,1.9385,2.5611,70.6176,3.2513
16/06/2017 00:00:00,0.2152,0.4870,15.3156,1.0000,0.0000,7.9823,248.9335,51.3643,4.2080,3.9606,1.1997,333.3333,158.6667,33.7034,51.2233,2.0712,2.5075,73.1226,3.3909
17/06/2017 00:00:00,0.2194,0.4615,15.4696,1.0000,0.0000,7.6967,253.8465,50.6020,4.1812,3.9445,1.1489,333.3333,158.6667,32.8867,51.9781,2.1070,2.4540,73.5153,3.3707
18/06/2017 00:00:00,0.2177,0.4361,15.6237,1.0000,0.0000,7.4110,258.7595,49.8397,4.1518,3.9259,1.1026,333.3333,158.6667,32.0546,52.6791,2.1470,2.4005,73.8542,3.3599
19/06/2017 00:00:00,0.2166,0.4106,15.7778,1.0000,0.0000,7.1254,263.6724,49.0774,4.1144,3.8996,1.0467,333.3333,158.6667,31.1680,53.2287,2.1633,2.3470,74.0416,3.3147
20/06/2017 00:00:00,0.2178,0.3851,15.9318,1.0000,0.0000,6.8397,268.5854,48.3151,4.0723,3.8688,1.0013,333.3333,158.6667,30.2549,53.6820,2.1959,2.2934,74.1329,3.2973
21/06/2017 00:00:00,0.5837,0.3643,15.9457,1.0000,0.0000,6.5541,266.2642,47.5528,3.0332,2.8883,0.6063,333.3333,158.6667,22.0894,35.7613,1.4106,2.2399,55.8500,2.0775
22/06/2017 00:00:00,8.4383,0.3465,15.8834,1.0000,0.0000,6.2684,260.0215,46.7904,5.4612,5.2127,0.9487,333.3333,158.6667,38.9672,81.9793,2.3418,2.1864,101.7059,3.3854
23/06/2017 00:00:00,1.2500,0.3288,15.8212,1.0000,0.0000,5.9827,253.7787,46.0281,3.4212,3.2731,0.8374,333.3333,158.6667,23.9042,45.0710,2.1931,2.1329,64.4355,3.1143
24/06/2017 00:00:00,0.3963,0.3111,15.7590,1.0000,0.0000,5.6971,247.5360,45.2658,4.1036,3.9353,0.9317,333.3333,158.6667,28.0618,59.1566,2.5889,2.0793,78.1589,3.6138
25/06/2017 00:00:00,0.3723,0.2934,15.6968,1.0000,0.0000,5.4114,241.2932,44.5035,3.9638,3.8102,0.8358,333.3333,158.6667,26.5132,57.7007,2.4650,2.0258,76.3409,3.3844
26/06/2017 00:00:00,0.4050,0.2757,15.6346,1.0000,0.0000,5.1258,235.0505,43.7412,3.9131,3.7704,0.7551,333.3333,158.6667,25.5864,57.9242,2.3645,1.9723,76.2023,3.1950
27/06/2017 00:00:00,0.3407,0.2580,15.5724,1.0000,0.0000,4.8801,228.8077,42.9788,3.7497,3.6216,0.7018,333.3333,158.6667,23.9525,55.9123,2.3344,1.9188,73.8283,3.1063
28/06/2017 00:00:00,0.3377,0.2483,15.1848,1.0000,0.0000,4.6660,231.1620,43.8443,3.7250,4.3033,0.7041,344.7703,160.9541,23.3972,54.3365,2.2714,1.8652,72.8280,3.0459
29/06/2017 00:00:00,0.3214,0.2443,14.6144,1.0000,0.0000,4.4519,238.3447,45.6241,3.7562,5.3846,0.7338,362.6327,164.5265,23.3044,52.6515,2.1682,1.8117,72.2454,2.9754
30/06/2017 00:00:00,0.5357,0.2402,14.0441,1.0000,0.0000,4.2377,245.5275,47.4040,4.1347,7.0024,0.7743,380.4952,168.0990,25.3550,57.6000,2.0777,1.7582,78.2963,2.9294
01/07/2017 00:00:00,2.4377,0.2361,13.4738,1.0000,0.0000,4.0236,252.7102,49.1839,4.8584,9.4116,0.8257,398.3576,171.6715,29.4651,68.8490,1.9912,1.7047,90.6477,2.8994
02/07/2017 00:00:00,5.0910,0.2321,12.9034,1.0000,0.0000,3.8095,259.8930,50.9638,4.9926,10.8133,0.9701,416.2201,175.2440,29.9630,68.9462,2.0762,1.6511,91.8472,3.1433
03/07/2017 00:00:00,0.7929,0.2280,12.3331,1.0000,0.0000,3.5953,267.0757,52.7437,4.3579,10.3762,1.1819,434.0826,178.8165,25.8949,55.0978,2.2086,1.5976,79.1012,3.5087
04/07/2017 00:00:00,1.6893,0.2239,11.7628,1.0000,0.0000,3.3812,274.2585,54.5236,4.2781,11.0532,1.0733,451.9450,182.3890,25.1807,51.5561,1.7142,1.5441,76.6618,2.8949
05/07/2017 00:00:00,2.0871,0.2283,11.6572,1.0000,0.0000,3.1670,276.9887,56.3035,4.1969,11.6464,1.1164,469.8075,185.9615,24.4809,48.0823,1.4799,1.4906,74.2904,2.7080
06/07/2017 00:00:00,3.2253,0.2386,11.8180,1.0000,0.0000,2.9529,277.1675,58.0834,4.6959,13.8803,1.3547,487.6699,189.5340,27.1565,54.8425,1.4280,1.4370,82.1530,2.9182
07/07/2017 00:00:00,4.5303,0.2488,11.9788,1.0000,0.0000,2.7388,277.3463,59.8633,5.2217,16.3285,1.6505,505.5324,193.1065,29.9495,61.9164,1.2916,1.3835,90.3292,3.1072
08/07/2017 00:00:00,1.2948,0.2590,12.1396,1.0000,0.0000,2.5246,277.5251,61.6431,4.8180,15.8484,2.0496,523.3949,196.6790,27.4175,52.9365,1.0475,1.3300,82.4517,3.3021
09/07/2017 00:00:00,0.9860,0.2693,12.3003,1.0000,0.0000,2.3105,277.7039,63.4230,4.5634,15.7146,2.2189,541.2573,200.2515,25.7741,46.6737,0.5315,1.2765,77.2913,2.9723
10/07/2017 00:00:00,0.8791,0.2795,12.4611,1.0000,0.0000,2.0964,277.8827,65.2029,4.3915,15.7665,2.6184,559.1198,203.8240,24.6252,41.9250,0.0000,1.2229,73.6450,2.7966
11/07/2017 00:00:00,0.9233,0.2897,12.6219,1.0000,0.0000,2.1179,278.0615,66.9828,4.3194,16.1103,2.6712,576.9822,207.3964,24.0540,38.9245,0.0000,1.2491,71.7469,2.6712
12/07/2017 00:00:00,2.1208,0.2952,12.8313,1.0000,0.0000,2.3323,278.6990,67.9433,4.3865,16.8120,2.5107,587.1689,209.4338,25.0877,42.0929,0.0000,1.3350,75.5242,2.5107
13/07/2017 00:00:00,2.6467,0.2975,13.0674,1.0000,0.0000,2.5467,279.5891,68.4516,4.1652,16.3322,1.8289,593.1207,210.6241,24.9206,42.3864,0.5573,1.4210,76.1544,2.5691
14/07/2017 00:00:00,1.0001,0.2997,13.3035,1.0000,0.0000,2.7611,280.4792,68.9599,3.6337,14.5845,1.4670,599.0725,211.8145,22.7440,36.3882,1.0756,1.5069,70.4929,2.6894
15/07/2017 00:00:00,0.9309,0.3020,13.5397,1.0000,0.0000,2.9754,281.3694,69.4683,3.2663,13.4267,1.0833,605.0243,213.0049,21.3898,32.7459,1.2585,1.5928,67.1873,2.4501
16/07/2017 00:00:00,3.0409,0.3043,13.7758,1.0000,0.0000,3.1898,282.2595,69.9766,3.7465,15.7822,1.0084,610.9761,214.1952,25.6727,46.8877,1.6036,1.6788,81.6658,2.7128
17/07/2017 00:00:00,1.0159,0.3065,14.0119,1.0000,0.0000,3.4042,283.1496,70.4849,3.0338,13.1048,0.8476,616.9279,215.3856,21.7578,34.9320,1.7111,1.7647,70.0468,2.6434
18/07/2017 00:00:00,0.9809,0.3088,14.2481,1.0000,0.0000,3.6186,284.0398,70.9933,2.7376,12.1332,0.6698,622.8797,216.5759,20.5526,31.4719,1.6393,1.8506,66.9234,2.3761
19/07/2017 00:00:00,4.3027,0.3046,14.4265,1.0000,0.0000,3.8330,280.9698,71.5016,3.3972,15.4598,0.7062,628.8315,217.7663,26.7071,52.1204,2.0308,1.9366,87.9086,2.8076
20/07/2017 00:00:00,4.5087,0.2959,14.5701,1.0000,0.0000,4.0473,275.5074,72.0100,2.9969,14.0132,0.6265,634.7833,218.9567,24.6791,45.9484,2.0702,2.0225,82.0733,2.7594
21/07/2017 00:00:00,2.6997,0.2872,14.7136,1.0000,0.0000,4.2617,270.0450,72.5183,2.6346,12.6677,0.5623,640.7350,220.1470,22.7351,39.8917,2.0990,2.1084,76.3533,2.7175
22/07/2017 00:00:00,3.7392,0.2785,14.8572,1.0000,0.0000,4.4761,264.5826,73.0266,2.7528,13.6212,0.5250,646.6868,221.3374,24.9043,47.6258,2.1847,2.1944,84.4241,2.7622
23/07/2017 00:00:00,2.8349,0.2697,15.0007,1.0000,0.0000,4.6905,259.1202,73.5350,2.7711,14.1227,0.5275,652.6386,222.5277,26.2959,52.8063,2.4214,2.2803,89.9413,3.0017
24/07/2017 00:00:00,4.7005,0.2610,15.1443,1.0000,0.0000,4.9049,253.6578,74.0433,2.5823,13.5671,0.5061,658.5904,223.7181,25.7174,51.2455,2.5397,2.3662,88.7172,3.0964
25/07/2017 00:00:00,2.5312,0.2523,15.2879,1.0000,0.0000,4.9603,248.1954,74.5516,2.6236,14.2240,0.4771,664.5422,224.9084,27.4406,57.6304,2.5987,2.4693,95.4387,3.1235
26/07/2017 00:00:00,2.5983,0.2470,14.9621,1.0000,0.0000,4.8889,247.9115,76.3674,2.6189,14.2479,0.5123,681.9745,228.3949,26.8649,53.0429,2.5614,2.5835,92.4279,3.1249
27/07/2017 00:00:00,3.6364,0.2440,14.3768,1.0000,0.0000,4.8175,250.4920,78.9088,2.9443,15.8472,0.6557,705.7793,233.1559,28.6830,55.0520,2.7737,2.6977,96.7019,3.4949
28/07/2017 00:00:00,5.5039,0.2410,13.7915,1.0000,0.0000,4.7461,253.0726,81.4503,3.1261,16.6736,0.6660,729.5841,237.9168,29.0990,52.3294,2.4030,2.8119,96.2441,3.1357
29/07/2017 00:00:00,4.6858,0.2380,13.2062,1.0000,0.0000,4.6747,255.6531,83.9917,3.6761,19.4540,0.8055,753.3889,242.6778,32.8599,60.5527,2.4925,2.9260,106.7322,3.3785
30/07/2017 00:00:00,4.3706,0.2350,12.6209,1.0000,0.0000,4.6033,258.2337,86.5331,4.2794,22.4939,0.9360,777.1937,247.4387,36.8903,69.3401,2.4934,3.0402,117.7846,3.5230
31/07/2017 00:00:00,3.7587,0.2320,12.0356,1.0000,0.0000,4.5319,260.8142,89.0746,4.9249,25.7334,1.0039,800.9985,252.1997,41.0887,78.3610,2.3064,3.1544,129.0702,3.4107
01/08/2017 00:00:00,7.3140,0.2290,11.4503,1.0000,0.0000,4.4605,263.3948,91.6160,4.3971,22.8548,1.0611,824.8033,256.9607,35.6129,57.1770,2.1027,3.2686,110.1511,3.2698
02/08/2017 00:00:00,3.7254,0.2423,11.5598,1.0000,0.0000,4.3891,265.7632,94.1574,8.5099,44.0252,1.7762,848.6081,261.7216,67.0852,149.2222,3.0319,3.3828,204.4612,4.9858
03/08/2017 00:00:00,3.0631,0.2681,12.0949,1.0000,0.0000,4.3177,268.0017,96.6989,6.3587,32.7589,1.4963,872.4129,266.4826,48.9027,89.4634,2.1931,3.4970,146.9673,3.8390
04/08/2017 00:00:00,3.4201,0.2938,12.6300,1.0000,0.0000,4.2463,270.2402,99.2403,5.1472,26.4174,1.3783,896.2177,271.2435,38.6956,54.9760,1.7257,3.6111,114.7447,3.2419
05/08/2017 00:00:00,2.3640,0.3196,13.1651,1.0000,0.0000,4.1749,272.4787,101.7818,5.7815,29.5715,1.5993,920.0225,276.0045,42.5622,62.5726,1.6979,3.7253,124.6062,3.4572
06/08/2017 00:00:00,1.9875,0.3453,13.7002,1.0000,0.0000,4.1035,274.7172,104.3232,5.1834,26.4295,1.5644,943.8273,280.7655,37.4252,43.9360,1.3936,3.8395,108.2344,3.1145
07/08/2017 00:00:00,2.2358,0.3710,14.2353,1.0000,0.0000,4.0321,276.9557,106.8646,5.4375,27.6466,1.9668,967.6321,285.5264,38.5590,43.6520,1.4491,3.9537,110.2153,3.6126
08/08/2017 00:00:00,4.3356,0.3968,14.7704,1.0000,0.0000,4.2357,279.1942,109.4061,5.4522,27.6489,1.9000,991.4369,290.2874,38.0200,38.6335,1.1345,3.9362,107.4616,3.2246
09/08/2017 00:00:00,11.0512,0.3933,14.9183,1.0000,0.0000,4.6642,280.2854,109.9948,5.7231,29.1941,2.0386,1005.7156,293.1431,40.0924,43.1133,1.1597,3.8289,112.7267,3.4022
10/08/2017 00:00:00,7.8963,0.3700,14.8483,1.0000,0.0000,5.0927,280.7312,109.4866,10.7029,55.1840,2.9233,1014.6424,294.9285,76.2076,144.2631,1.7509,3.7216,213.8306,4.9665
11/08/2017 00:00:00,4.6529,0.3466,14.7784,1.0000,0.0000,5.5212,281.1771,108.9783,9.7590,50.8678,2.6542,1023.5692,296.7138,70.6392,128.2790,1.6710,3.6143,197.8006,4.5906
12/08/2017 00:00:00,8.4412,0.3232,14.7085,1.0000,0.0000,5.9497,281.6229,108.4700,6.1841,32.5931,2.0065,1032.4960,298.4992,45.5141,57.7107,1.3261,3.5070,127.1865,3.5332
13/08/2017 00:00:00,6.6980,0.2998,14.6386,1.0000,0.0000,6.3782,282.0688,107.9617,8.4668,45.1289,2.3397,1041.4228,300.2846,63.3713,107.2977,1.6211,3.3997,176.7276,4.1948
14/08/2017 00:00:00,8.5921,0.2764,14.5687,1.0000,0.0000,6.8067,282.5146,107.4534,6.5132,35.1160,1.9613,1050.3496,302.0699,49.5863,68.6203,1.4230,3.2924,138.0042,3.5804
15/08/2017 00:00:00,7.6843,0.2531,14.4988,1.0000,0.0000,7.2352,282.9605,106.9451,6.5866,35.9276,1.8803,1059.2764,303.8553,51.0157,72.3578,1.4270,3.1851,141.6958,3.4953
16/08/2017 00:00:00,5.9423,0.2536,14.5526,1.0000,0.0000,7.6637,279.6554,106.4368,6.4159,35.4141,1.7934,1068.2032,305.6406,50.5675,70.8761,1.4222,3.0778,140.1682,3.3950
17/08/2017 00:00:00,4.0670,0.2710,14.6788,1.0000,0.0000,8.0922,274.1573,105.9285,6.0975,34.0653,1.7397,1077.1300,307.4260,48.9133,66.0649,1.4404,2.9705,135.3111,3.3540
18/08/2017 00:00:00,3.1012,0.2885,14.8049,1.0000,0.0000,8.5208,268.6592,105.4203,5.4380,30.7563,1.6068,1086.0568,309.2114,44.4089,53.4046,1.3877,2.8632,122.6049,3.1552
19/08/2017 00:00:00,3.8986,0.3059,14.9311,1.0000,0.0000,8.9493,263.1610,104.9120,4.6337,26.5374,1.4319,1094.9836,310.9967,38.5313,37.0116,1.2888,2.7559,106.1660,2.8638
20/08/2017 00:00:00,2.9106,0.3234,15.0573,1.0000,0.0000,9.3778,257.6629,104.4037,5.3781,31.1955,1.5884,1103.9104,312.7821,45.5480,56.1416,1.4890,2.6487,125.2501,3.2362
21/08/2017 00:00:00,2.6630,0.3408,15.1834,1.0000,0.0000,9.8063,252.1648,103.8954,4.8636,28.5802,1.4889,1112.8372,314.5674,41.9628,46.1004,1.4526,2.5414,115.1630,3.0904
22/08/2017 00:00:00,2.6992,0.3583,15.3096,1.0000,0.0000,9.8826,246.6667,103.3871,4.4997,26.7940,1.4167,1121.7640,316.3528,39.5604,39.3390,1.4376,2.4255,108.3556,2.9960
23/08/2017 00:00:00,2.0746,0.3726,15.5322,1.0000,0.0000,9.6683,245.9177,102.8788,4.2252,25.5013,1.3172,1130.6908,318.1382,37.8625,34.5304,1.3894,2.3043,103.5011,2.8384
24/08/2017 00:00:00,1.8750,0.3848,15.8092,1.0000,0.0000,9.4540,247.8399,102.3705,3.7683,23.0585,1.2223,1139.6176,319.9235,34.4272,25.0011,1.3395,2.1831,93.9260,2.6841
25/08/2017 00:00:00,1.6906,0.3971,16.0861,1.0000,0.0000,9.2398,249.7620,101.8622,3.3541,20.8142,1.1272,1148.5444,321.7089,31.2503,16.2134,1.2826,2.0619,85.0923,2.5225
26/08/2017 00:00:00,1.5440,0.4093,16.3630,1.0000,0.0000,9.0255,251.6842,101.3540,3.0395,19.1337,1.0526,1157.4712,323.4942,28.8881,9.6740,1.2431,1.9407,78.5070,2.4010
27/08/2017 00:00:00,1.4311,0.4215,16.6400,1.0000,0.0000,8.8112,253.6063,100.8457,2.8137,17.9729,0.9993,1166.3980,325.2796,27.2876,5.2266,1.2243,1.8194,74.0137,2.3236
28/08/2017 00:00:00,1.2987,0.4338,16.9169,1.0000,0.0000,8.5969,255.5285,100.3374,2.5703,16.6649,0.9344,1175.3248,327.0650,25.4436,0.1373,1.1871,1.6982,68.8785,2.2149
29/08/2017 00:00:00,1.2461,0.4460,17.1938,1.0000,0.0000,8.3827,257.4506,99.8291,2.4656,16.2315,0.9091,1184.2516,328.8503,24.9208,0.0000,1.1972,1.5770,67.3334,2.1972
30/08/2017 00:00:00,2.5002,0.4494,17.0799,1.0000,0.0000,8.1684,262.0580,99.3208,2.7704,18.5240,1.0244,1193.1784,330.6357,28.6000,8.4764,1.3978,1.4558,77.1257,2.5246
31/08/2017 00:00:00,2.1424,0.4470,16.7547,1.0000,0.0000,7.9541,268.1167,98.8125,2.7898,18.9529,1.0418,1202.1052,332.4210,29.4265,10.5991,1.4726,1.3346,79.2025,2.6186
01/09/2017 00:00:00,3.2855,0.4446,16.4296,1.0000,0.0000,7.7398,274.1754,98.3042,3.0088,20.7761,1.0822,1211.0320,334.2064,32.4383,18.5847,1.5841,1.2134,87.1422,2.7746
02/09/2017 00:00:00,2.4332,0.4422,16.1044,1.0000,0.0000,7.5256,280.2341,97.7959,3.1191,21.8992,1.0837,1219.9588,335.9918,34.3839,23.6815,1.6423,1.0922,92.1931,2.8344
03/09/2017 00:00:00,1.5929,0.4399,15.7792,1.0000,0.0000,7.3113,286.2928,97.2877,3.2217,23.0078,1.1033,1228.8856,337.7771,36.3274,28.7539,1.7305,0.9710,97.2196,2.9441
04/09/2017 00:00:00,1.5843,0.4375,15.4540,1.0000,0.0000,7.0970,292.3515,96.7794,2.7718,20.1427,0.9462,1237.8124,339.5625,31.9824,17.0101,1.5357,0.8497,85.4299,2.5766
05/09/2017 00:00:00,1.3373,0.4351,15.1289,1.0000,0.0000,6.9218,298.4102,96.2711,2.5456,18.8314,0.9178,1246.7392,341.3478,30.0686,11.7924,1.5411,0.7958,80.1663,2.5507
06/09/2017 00:00:00,1.2405,0.4387,15.2787,1.0000,0.0000,6.7789,300.5399,92.7614,2.3599,17.4353,0.8778,1234.8861,338.9772,28.3788,7.2479,1.4687,0.7886,74.8193,2.4343
07/09/2017 00:00:00,1.1741,0.4465,15.7022,1.0000,0.0000,6.6359,300.4058,87.5245,2.2138,16.1429,0.8496,1211.0742,334.2148,27.0208,3.7052,1.3838,0.7815,70.0388,2.3183
08/09/2017 00:00:00,1.0947,0.4543,16.1257,1.0000,0.0000,6.4930,300.2716,82.2876,2.1614,15.5438,0.8567,1187.2623,329.4525,26.7901,3.1366,1.3555,0.7744,68.2324,2.2979
09/09/2017 00:00:00,1.0462,0.4621,16.5492,1.0000,0.0000,6.3501,300.1375,77.0507,2.1167,14.9990,0.8635,1163.4504,324.6901,26.6544,2.8076,1.3238,0.7672,66.6656,2.2736
10/09/2017 00:00:00,1.0248,0.4699,16.9727,1.0000,0.0000,6.2072,300.0034,71.8137,2.0875,14.5616,0.8718,1139.6385,319.9277,26.7206,2.9673,1.2913,0.7601,65.5875,2.2503
11/09/2017 00:00:00,1.4745,0.4777,17.3961,1.0000,0.0000,6.0643,299.8693,66.5768,2.1984,15.0798,0.9191,1115.8266,315.1653,28.6195,7.5126,1.3108,0.7529,68.8949,2.3219
12/09/2017 00:00:00,1.5763,0.4855,17.8196,1.0000,0.0000,5.9213,299.7351,61.3399,2.3002,15.4973,0.9316,1092.0148,310.4029,30.4724,11.7466,1.2743,0.7458,71.8910,2.2991
13/09/2017 00:00:00,1.0510,0.4885,18.0813,1.0000,0.0000,5.7784,295.4027,56.1030,2.2205,14.6751,0.9833,1068.2029,305.6406,29.9534,10.2973,1.2842,0.7386,69.2039,2.3658
14/09/2017 00:00:00,0.9378,0.4884,18.2540,1.0000,0.0000,5.6355,288.7592,50.8661,2.1046,13.6237,0.9651,1044.3910,300.8782,28.9259,7.7255,1.1969,0.7315,65.3943,2.2585
15/09/2017 00:00:00,0.8967,0.4882,18.4266,1.0000,0.0000,5.4926,282.1157,45.6291,2.0770,13.1476,0.9879,1020.5791,296.1158,29.1051,7.9000,1.1558,0.7243,64.3310,2.2426
16/09/2017 00:00:00,0.8509,0.4881,18.5993,1.0000,0.0000,5.3497,275.4722,40.3922,2.0547,12.6954,1.0113,996.7672,291.3534,29.3772,8.2323,1.1074,0.7172,63.4255,2.2199
17/09/2017 00:00:00,0.9292,0.4879,18.7719,1.0000,0.0000,5.2067,268.8286,35.1553,2.0736,12.4798,1.0633,972.9553,286.5911,30.2726,9.8245,1.0790,0.7101,63.7798,2.2486
18/09/2017 00:00:00,0.7984,0.4878,18.9446,1.0000,0.0000,5.0638,262.1851,29.9184,2.0649,12.0760,1.1018,949.1434,281.8287,30.8060,10.5520,1.0232,0.7029,63.2695,2.2352
19/09/2017 00:00:00,0.7841,0.4877,19.1172,1.0000,0.0000,5.0394,255.5416,24.6815,2.0628,11.6909,1.1374,925.3315,277.0663,31.4769,11.4697,0.9509,0.6915,62.9494,2.2020
20/09/2017 00:00:00,2.3140,0.4697,18.8696,1.0000,0.0000,5.1107,257.3034,23.6823,2.2662,12.4068,1.2182,916.6667,275.3333,35.4652,20.0802,1.0582,0.6773,70.3869,2.3982
21/09/2017 00:00:00,2.0230,0.4392,18.3818,1.0000,0.0000,5.1820,263.8706,25.1073,2.1942,11.5613,1.1333,916.6667,275.3333,35.2898,21.1300,1.1141,0.6630,70.3007,2.3608
22/09/2017 00:00:00,3.0167,0.4087,17.8939,1.0000,0.0000,5.2532,270.4378,26.5324,2.1610,10.9108,0.9405,916.6667,275.3333,35.7578,23.4665,1.0413,0.6487,71.5012,2.0758
23/09/2017 00:00:00,3.0164,0.3782,17.4061,1.0000,0.0000,5.3245,277.0050,27.9574,2.1985,10.5818,0.9609,916.6667,275.3333,37.4724,28.3155,1.1938,0.6344,75.2141,2.2508
24/09/2017 00:00:00,3.4296,0.3478,16.9182,1.0000,0.0000,5.3958,283.5722,29.3825,2.3910,10.9022,1.0271,916.6667,275.3333,42.0319,38.9263,1.4281,0.6202,84.6890,2.5579
25/09/2017 00:00:00,7.0626,0.3173,16.4304,1.0000,0.0000,5.4670,290.1394,30.8075,2.7046,11.5930,1.1194,916.6667,275.3333,49.1025,54.6903,1.7382,0.6059,99.3170,2.9695
26/09/2017 00:00:00,5.7103,0.2868,15.9425,1.0000,0.0000,5.5383,296.7066,32.2325,5.1322,20.4833,1.7161,916.6667,275.3333,96.3736,152.1967,2.9725,0.5916,195.6874,4.8602
27/09/2017 00:00:00,3.0297,0.2563,15.4547,1.0000,0.0000,5.6095,303.2738,33.6576,4.3719,16.0490,1.3940,916.6667,275.3333,85.0501,131.0171,2.6917,0.5773,173.3718,4.2251
28/09/2017 00:00:00,2.7266,0.2581,15.6202,1.0000,0.0000,5.6808,304.8882,35.0826,3.1934,10.6102,1.0829,916.6667,275.3333,64.4707,90.7219,2.3311,0.5630,131.9407,3.5223
29/09/2017 00:00:00,3.1639,0.2821,16.1500,1.0000,0.0000,5.7521,303.7405,36.5077,2.6710,7.8581,0.9494,916.6667,275.3333,56.0673,75.1172,2.2800,0.5488,115.2000,3.3242
30/09/2017 00:00:00,1.9336,0.3061,16.6799,1.0000,0.0000,5.8233,302.5928,37.9327,2.8749,7.2584,0.9354,916.6667,275.3333,62.8769,90.7637,2.5096,0.5345,129.7105,3.5386
01/10/2017 00:00:00,1.6064,0.3301,17.2097,1.0000,0.0000,5.8946,301.4452,39.3578,2.1799,4.5019,0.7202,916.6667,275.3333,49.7897,65.3175,2.1631,0.5202,103.1283,2.9554
02/10/2017 00:00:00,1.4114,0.3542,17.7396,1.0000,0.0000,5.9659,300.2975,40.7828,1.7765,2.7651,0.5899,916.6667,275.3333,42.4810,51.6743,1.9892,0.5059,88.3492,2.6381
03/10/2017 00:00:00,1.2612,0.3782,18.2694,1.0000,0.0000,5.9626,299.1498,42.2078,1.4800,1.4659,0.4881,916.6667,275.3333,37.1594,42.0609,1.8552,0.5063,77.5997,2.3921
04/10/2017 00:00:00,1.1402,0.3937,18.4037,1.0000,0.0000,5.8908,295.1401,42.8701,1.2974,1.0147,0.4743,905.0393,273.0079,33.4146,34.5129,1.6906,0.5170,69.6436,2.2124
05/10/2017 00:00:00,1.0217,0.4037,18.3265,1.0000,0.0000,5.8189,289.6006,43.1242,1.1910,0.9396,0.5047,887.1893,269.4379,31.0462,29.2579,1.5503,0.5277,64.3699,2.1054
06/10/2017 00:00:00,0.9485,0.4138,18.2493,1.0000,0.0000,5.7471,284.0611,43.3783,1.1306,0.8998,0.5405,869.3392,265.8678,29.8354,26.4420,1.4527,0.5384,61.5353,2.0472
07/10/2017 00:00:00,1.4690,0.4239,18.1721,1.0000,0.0000,5.6752,278.5215,43.6324,1.2092,0.9710,0.6261,851.4892,262.2978,32.3062,31.2059,1.4896,0.5491,66.2805,2.1783
08/10/2017 00:00:00,1.1769,0.4340,18.0949,1.0000,0.0000,5.6034,272.9820,43.8865,1.2075,0.9784,0.7077,833.6391,258.7278,32.6656,31.6070,1.5050,0.5598,66.6629,2.2835
09/10/2017 00:00:00,0.9516,0.4440,18.0177,1.0000,0.0000,5.5316,267.4425,44.1406,1.1244,0.9195,0.6973,815.7890,255.1578,30.8056,27.4952,1.3356,0.5706,62.5323,2.1026
10/10/2017 00:00:00,0.9711,0.4541,17.9405,1.0000,0.0000,5.4597,261.9030,44.3947,1.0811,0.8925,0.7015,797.9390,251.5878,30.0024,25.5574,1.2182,0.5813,60.5759,1.9898
11/10/2017 00:00:00,1.2471,0.4609,18.0762,1.0000,0.0000,5.3879,256.1664,44.6488,1.1002,0.9169,0.7772,780.0889,248.0178,30.9313,27.1156,1.2303,0.5920,62.1154,2.0853
12/10/2017 00:00:00,0.8256,0.4657,18.3233,1.0000,0.0000,5.3161,250.3267,44.9029,1.0540,0.8869,0.8232,762.2389,244.4478,30.0255,24.9890,1.1935,0.6027,59.9701,2.0990
13/10/2017 00:00:00,0.7674,0.4706,18.5703,1.0000,0.0000,5.2442,244.4871,45.1570,1.0373,0.8816,0.8528,744.3888,240.8778,29.9491,24.5296,1.1369,0.6134,59.4920,2.0750
14/10/2017 00:00:00,0.9499,0.4754,18.8174,1.0000,0.0000,5.1724,238.6474,45.4111,1.0944,0.9395,0.9655,726.5387,237.3077,32.0279,28.3299,1.1876,0.6242,63.2736,2.2497
15/10/2017 00:00:00,0.6674,0.4802,19.0645,1.0000,0.0000,5.1006,232.8077,45.6652,1.0107,0.8765,0.9077,708.6887,233.7377,29.9861,23.9889,1.0332,0.6349,58.9139,2.0317
16/10/2017 00:00:00,2.0092,0.4850,19.3115,1.0000,0.0000,5.0287,226.9680,45.9193,1.2460,1.0918,1.1431,690.8386,230.1677,37.4845,38.3326,1.2074,0.6456,73.2388,2.4648
17/10/2017 00:00:00,2.9412,0.4898,19.5586,1.0000,0.0000,5.0000,221.1284,46.1734,1.3297,1.1775,1.2289,672.9886,226.5977,40.5737,43.9463,1.2072,0.6563,78.8339,2.5590
18/10/2017 00:00:00,2.2559,0.4830,19.7964,1.0000,0.0000,5.0000,218.9758,46.5917,1.2743,1.1198,1.1403,662.8224,224.5645,38.2954,39.7193,1.1100,0.6670,74.2455,2.3643
19/10/2017 00:00:00,1.1261,0.4686,20.0292,1.0000,0.0000,5.0000,218.8417,47.1001,1.4038,1.2120,1.2062,656.8700,223.3740,40.8781,45.2514,1.2046,0.6777,79.2282,2.5315
20/10/2017 00:00:00,0.9596,0.4542,20.2620,1.0000,0.0000,5.0000,218.7075,47.6085,1.2519,1.0622,1.0522,650.9177,222.1835,35.3220,35.0103,1.0791,0.6885,68.4379,2.2365
21/10/2017 00:00:00,0.7953,0.4398,20.4948,1.0000,0.0000,5.0000,218.5734,48.1168,1.1088,0.9246,0.9039,644.9653,220.9931,30.3067,25.8228,0.9530,0.6992,58.7010,1.9472
22/10/2017 00:00:00,0.8467,0.4254,20.7276,1.0000,0.0000,5.0000,218.4392,48.6252,1.1201,0.9182,0.8691,639.0129,219.8026,29.6564,25.0929,0.9430,0.7099,57.4218,1.8990
23/10/2017 00:00:00,0.6777,0.4110,20.9604,1.0000,0.0000,5.0000,218.3051,49.1336,1.1085,0.8934,0.8335,633.0605,218.6121,28.4223,23.2330,0.9318,0.7206,55.0126,1.8486
24/10/2017 00:00:00,0.6307,0.3966,21.1932,1.0000,0.0000,5.0000,218.1710,49.6420,1.1546,0.9151,0.8340,627.1081,217.4216,28.6674,24.2362,0.9620,0.7313,55.4665,1.8793
25/10/2017 00:00:00,0.7504,0.3950,21.2126,1.0000,0.0000,5.0000,221.8754,50.1504,1.2384,0.9653,0.8627,621.1558,216.2312,29.7657,26.8884,1.0280,0.7420,57.5694,1.9770
26/10/2017 00:00:00,0.9329,0.4014,21.1208,1.0000,0.0000,5.0000,227.5802,50.6588,1.3328,1.0219,0.8655,615.2034,215.0407,31.0076,29.8156,1.0672,0.7528,59.9473,2.0193
27/10/2017 00:00:00,1.4689,0.4078,21.0289,1.0000,0.0000,5.0000,233.2849,51.1672,1.5424,1.1635,0.9509,609.2510,213.8502,34.7234,37.5208,1.2151,0.7635,67.1032,2.2611
28/10/2017 00:00:00,1.0357,0.4143,20.9371,1.0000,0.0000,5.0000,238.9897,51.6756,1.4134,1.0490,0.8260,603.2986,212.6597,30.7808,30.4252,1.0958,0.7742,59.4582,2.0044
29/10/2017 00:00:00,0.8995,0.4207,20.8452,1.0000,0.0000,5.0000,244.6945,52.1840,1.4412,1.0527,0.8080,597.3462,211.4692,30.3548,30.1250,1.1149,0.7849,58.6087,2.0037
30/10/2017 00:00:00,0.5995,0.4271,20.7534,1.0000,0.0000,5.0000,250.3992,52.6923,1.4489,1.0416,0.7796,591.3938,210.2788,29.5043,29.0051,1.1214,0.7956,56.9395,1.9790
31/10/2017 00:00:00,0.5654,0.4335,20.6615,1.0000,0.0000,5.0389,256.1040,53.2007,1.4514,1.0271,0.7077,585.4415,209.0883,28.5667,27.7178,1.0635,1.1761,55.1028,1.8420
01/11/2017 00:00:00,0.4744,0.4396,20.7370,1.0000,0.0000,5.1104,253.5413,53.3808,1.4345,1.0228,0.7652,587.1747,209.4349,28.7396,27.6153,1.0694,1.8110,55.1460,1.9111
02/11/2017 00:00:00,0.4153,0.4453,20.9043,1.0000,0.0000,5.1819,246.4429,53.3808,1.3658,0.9941,0.8145,593.1227,210.6245,28.6605,26.5191,1.0035,2.4460,54.5767,1.8994
03/11/2017 00:00:00,0.3758,0.4511,21.0716,1.0000,0.0000,5.2534,239.3444,53.3808,1.3044,0.9699,0.8599,599.0706,211.8141,28.6740,25.6180,0.9446,3.0809,54.2024,1.8905
04/11/2017 00:00:00,0.3534,0.4568,21.2389,1.0000,0.0000,5.3248,232.2459,53.3808,1.2593,0.9571,0.9122,605.0186,213.0037,29.0050,25.3291,0.9018,3.7158,54.4403,1.9052
05/11/2017 00:00:00,0.3208,0.4626,21.4062,1.0000,0.0000,5.3963,225.1475,53.3808,1.1973,0.9307,0.9438,610.9665,214.1933,28.9009,24.2361,0.8460,4.3507,53.8741,1.8842
06/11/2017 00:00:00,0.2837,0.4683,21.5735,1.0000,0.0000,5.4678,218.0490,53.3808,1.1225,0.8931,0.9566,616.9145,215.3829,28.4053,22.4357,0.7825,4.9857,52.6005,1.8348
07/11/2017 00:00:00,0.2555,0.4741,21.7408,1.0000,0.0000,5.5393,210.9506,53.3808,1.0510,0.8566,0.9665,622.8625,216.5725,27.8933,20.6304,0.7254,5.6206,51.3220,1.7886
08/11/2017 00:00:00,0.2575,0.4808,21.9461,1.0000,0.0000,5.6108,208.2647,53.3808,0.9605,0.8025,0.9269,628.8104,217.7621,26.7461,17.6884,0.6414,6.2555,48.9068,1.6610
09/11/2017 00:00:00,0.2442,0.4883,22.1724,1.0000,0.0000,5.6823,207.9973,53.3808,0.9470,0.8118,1.0030,634.7584,218.9517,27.6790,18.5642,0.6424,6.8904,50.3094,1.7457
10/11/2017 00:00:00,0.2194,0.4957,22.3986,1.0000,0.0000,5.7537,207.7298,53.3808,0.9104,0.8014,1.0395,640.7063,220.1413,27.9464,18.2285,0.6184,7.5254,50.5006,1.7619
11/11/2017 00:00:00,0.2043,0.5032,22.6248,1.0000,0.0000,5.8252,207.4624,53.3808,0.8669,0.7843,1.0660,646.6543,221.3309,27.9665,17.4537,0.5908,8.1603,50.2526,1.7634
12/11/2017 00:00:00,0.1843,0.5106,22.8511,1.0000,0.0000,5.8967,207.1949,53.3808,0.8048,0.7491,1.0580,652.6022,222.5204,27.3009,15.4631,0.5479,8.7952,48.7889,1.7118
13/11/2017 00:00:00,0.2831,0.5181,23.0773,1.0000,0.0000,5.9682,206.9275,53.3808,0.7602,0.7288,1.0724,658.5502,223.7100,27.1399,14.3917,0.5202,9.4302,48.2442,1.6998
14/11/2017 00:00:00,0.1670,0.5255,23.3035,1.0000,0.0000,5.9604,206.6600,53.3808,0.7302,0.7218,1.0995,664.4981,224.8996,27.4589,14.1810,0.5006,9.4203,48.5603,1.7101
15/11/2017 00:00:00,0.1583,0.5322,23.3825,1.0000,0.0000,5.8891,204.3205,53.0575,0.7720,0.7176,1.0946,659.0958,223.8192,27.1565,14.0716,0.4996,8.9339,48.2862,1.7037
16/11/2017 00:00:00,0.1470,0.5382,23.3771,1.0000,0.0000,5.8178,200.7922,52.5487,0.8523,0.7133,1.0675,647.1810,221.4362,26.4404,13.9132,0.5061,8.4475,47.5660,1.6803
17/11/2017 00:00:00,0.1484,0.5442,23.3717,1.0000,0.0000,5.7465,197.2639,52.0398,0.9559,0.7275,1.0701,635.2662,219.0532,26.4024,14.9823,0.5264,7.9611,48.0735,1.7035
18/11/2017 00:00:00,0.5529,0.5502,23.3663,1.0000,0.0000,5.6752,193.7356,51.5310,1.3260,0.9253,1.2630,623.3514,216.6703,32.8630,28.0554,0.6439,7.4747,60.5848,2.0332
19/11/2017 00:00:00,0.1659,0.5563,23.3608,1.0000,0.0000,5.6039,190.2073,51.0222,1.2357,0.7961,1.1295,611.4366,214.2873,27.6578,19.6787,0.5961,6.9882,51.6464,1.8386
20/11/2017 00:00:00,0.1580,0.5623,23.3554,1.0000,0.0000,5.5326,186.6790,50.5134,1.3489,0.8070,1.1307,599.5218,211.9044,27.4132,20.4651,0.6171,6.5018,51.8712,1.8609
21/11/2017 00:00:00,0.1548,0.5683,23.3500,1.0000,0.0000,5.4613,183.1507,50.0046,1.4658,0.8186,1.1265,587.6069,209.5214,27.1740,21.2813,0.6353,6.0154,52.1257,1.8745
22/11/2017 00:00:00,0.1423,0.5715,23.4208,1.0000,0.0000,5.3900,182.1319,49.4958,1.5471,0.8101,1.0932,575.6921,207.1384,26.2630,20.8115,0.6364,5.5290,51.0942,1.8390
23/11/2017 00:00:00,0.1367,0.5727,23.5348,1.0000,0.0000,5.3187,182.5342,48.9869,1.6541,0.8153,1.0797,563.7773,204.7555,25.7993,21.2089,0.6484,5.0426,50.9299,1.8360
24/11/2017 00:00:00,0.1266,0.5739,23.6488,1.0000,0.0000,5.2474,182.9365,48.4781,1.7377,0.8090,1.0505,551.8625,202.3725,24.9744,20.8922,0.6502,4.5562,50.0515,1.8057
25/11/2017 00:00:00,0.1221,0.5750,23.7628,1.0000,0.0000,5.1760,183.3388,47.9693,1.8476,0.8149,1.0383,539.9477,199.9895,24.5265,21.3309,0.6618,4.0698,49.9284,1.8039
26/11/2017 00:00:00,0.1143,0.5762,23.8768,1.0000,0.0000,5.1047,183.7411,47.4605,1.9390,0.8125,1.0156,528.0329,197.6066,23.8256,21.2578,0.6662,3.5833,49.2936,1.7833
27/11/2017 00:00:00,0.1104,0.5774,23.9908,1.0000,0.0000,5.0334,184.1434,46.9517,2.0551,0.8202,1.0064,516.1181,195.2236,23.4157,21.7922,0.6790,3.0969,49.2663,1.7860
28/11/2017 00:00:00,0.1116,0.5786,24.1048,1.0000,0.0000,5.1900,184.5457,46.4428,2.2098,0.8419,1.0148,504.2033,192.8407,23.3834,23.1512,0.7036,3.0275,50.0636,1.8199
29/11/2017 00:00:00,0.1130,0.5792,24.0668,1.0000,0.0000,5.5477,184.6009,45.5890,2.2095,0.8507,1.0026,496.1484,191.2297,23.4593,23.6296,0.7315,3.2417,50.3505,1.8344
30/11/2017 00:00:00,0.1073,0.5794,23.9459,1.0000,0.0000,5.9055,184.4672,44.5470,2.1160,0.8497,0.9748,490.1975,190.0395,23.5336,23.4810,0.7579,3.4559,50.2121,1.8301
01/12/2017 00:00:00,0.1050,0.5796,23.8251,1.0000,0.0000,6.2632,184.3334,43.5051,2.0326,0.8529,0.9530,484.2466,188.8493,23.7239,23.5789,0.7891,3.6701,50.3202,1.8374
02/12/2017 00:00:00,0.1012,0.5798,23.7043,1.0000,0.0000,6.6209,184.1997,42.4632,1.6635,0.7309,0.7798,478.2957,187.6591,20.4162,16.2989,0.6874,3.8843,43.0504,1.5452
03/12/2017 00:00:00,0.0950,0.5801,23.5834,1.0000,0.0000,6.9786,184.0659,41.4212,1.6112,0.7429,0.6783,472.3448,186.4690,20.8403,16.9256,0.6362,4.0985,43.6873,1.3823
04/12/2017 00:00:00,1.1904,0.5803,23.4626,1.0000,0.0000,7.3363,183.9322,40.3793,2.2258,1.0796,0.9449,466.3939,185.2788,30.4135,36.6115,0.9432,4.3128,63.3834,1.9826
05/12/2017 00:00:00,0.1917,0.5805,23.3418,1.0000,0.0000,7.6940,183.7984,39.3374,1.5201,0.7777,0.6553,460.4430,184.0886,22.0020,18.8043,0.6960,4.5270,45.5864,1.4169
06/12/2017 00:00:00,0.0970,0.5799,23.6245,1.0000,0.0000,8.0517,185.2603,38.2954,1.4637,0.7922,0.7392,454.4921,182.8984,22.5074,19.5704,0.8355,4.7412,46.3627,1.6486
07/12/2017 00:00:00,0.0889,0.5788,24.1365,1.0000,0.0000,8.4094,187.6283,37.2535,1.3749,0.7900,0.7192,448.5412,181.7082,22.5378,19.3541,0.8651,4.9554,46.1566,1.6561
08/12/2017 00:00:00,0.0843,0.5777,24.6485,1.0000,0.0000,8.7671,189.9963,36.2115,1.2816,0.7847,0.6906,442.5903,180.5181,22.4794,18.9582,0.8845,5.1696,45.7709,1.6442
09/12/2017 00:00:00,0.0753,0.5766,25.1605,1.0000,0.0000,9.1249,192.3643,35.1696,1.1589,0.7593,0.6431,436.6394,179.3279,21.8443,17.3986,0.8773,5.3838,44.2215,1.5847
10/12/2017 00:00:00,0.1266,0.5755,25.6725,1.0000,0.0000,9.4826,194.7323,34.1277,1.1192,0.7887,0.6607,430.6885,178.1377,22.7826,19.0228,0.9606,5.5980,45.8559,1.6874
11/12/2017 00:00:00,0.0731,0.5744,26.1845,1.0000,0.0000,9.8403,197.1003,33.0857,1.0139,0.7728,0.6099,424.7376,176.9475,22.4164,18.0167,0.9458,5.8122,44.8600,1.6166
12/12/2017 00:00:00,0.0714,0.5733,26.6965,1.0000,0.0000,9.8743,199.4683,32.0438,0.9371,0.7778,0.5911,418.7867,175.7573,22.6532,18.2211,0.9785,5.8114,45.0746,1.6287
13/12/2017 00:00:00,0.0670,0.5661,26.2998,1.0000,0.0000,9.6473,200.7144,32.5158,0.9134,0.7734,0.5883,419.1043,175.8209,22.3940,17.5295,0.9588,5.6614,44.4574,1.6059
14/12/2017 00:00:00,0.0657,0.5548,25.3998,1.0000,0.0000,9.4202,201.3390,33.8256,0.9454,0.7860,0.6136,422.8908,176.5782,22.5096,17.6324,0.9422,5.5114,44.6703,1.6172
15/12/2017 00:00:00,0.0642,0.5435,24.4998,1.0000,0.0000,9.1932,201.9636,35.1354,0.9752,0.7968,0.6373,426.6774,177.3355,22.5698,17.6253,0.9228,5.3614,44.7732,1.6238
16/12/2017 00:00:00,0.0621,0.5322,23.5998,1.0000,0.0000,8.9661,202.5882,36.4452,1.0005,0.8038,0.6575,430.4640,178.0928,22.5274,17.4148,0.8987,5.2114,44.6726,1.6219
17/12/2017 00:00:00,0.7723,0.5209,22.6998,1.0000,0.0000,8.7390,203.2129,37.7550,1.3300,1.0516,0.7737,434.2505,178.8501,29.1600,30.4363,0.9989,5.0613,57.8041,1.8500
18/12/2017 00:00:00,3.4651,0.5096,21.7998,1.0000,0.0000,8.5120,203.8375,39.0648,1.8519,1.4419,1.0986,438.0371,179.6074,39.5694,50.9324,1.3407,4.9113,78.4102,2.5491
19/12/2017 00:00:00,1.0567,0.4983,20.8998,1.0000,0.0000,8.2849,204.4621,40.3746,1.4795,1.1351,0.8948,441.8237,180.3647,30.8338,33.4899,1.0328,4.7613,61.0777,2.0170
20/12/2017 00:00:00,0.1020,0.4913,20.8267,1.0000,0.0000,8.0579,203.6093,41.6844,1.2421,0.9396,0.8218,445.6102,181.1220,25.2657,22.3321,0.8975,4.6113,50.0299,1.8014
21/12/2017 00:00:00,0.0953,0.4871,21.2207,1.0000,0.0000,7.8308,201.9222,42.9942,1.2326,0.9197,0.8195,449.3968,181.8794,24.4880,20.6649,0.8472,4.4612,48.4727,1.7486
22/12/2017 00:00:00,0.0841,0.4829,21.6146,1.0000,0.0000,7.6038,200.2350,44.3040,1.1927,0.8784,0.7942,453.1833,182.6367,23.1589,17.9076,0.7774,4.3112,45.8253,1.6509
23/12/2017 00:00:00,0.0772,0.4787,22.0085,1.0000,0.0000,7.3767,198.5479,45.6138,1.1818,0.8594,0.7888,456.9699,183.3940,22.4417,16.3627,0.7313,4.1612,44.3904,1.5990
24/12/2017 00:00:00,0.0709,0.4745,22.4024,1.0000,0.0000,7.1496,196.8607,46.9236,1.1743,0.8436,0.7852,460.7565,184.1513,21.8194,15.0064,0.6894,4.0112,43.1441,1.5531
25/12/2017 00:00:00,0.0629,0.4704,22.7963,1.0000,0.0000,6.9226,195.1736,48.2334,1.1486,0.8155,0.7671,464.5430,184.9086,20.8966,13.0572,0.6381,3.8611,41.3049,1.4819
26/12/2017 00:00:00,0.0606,0.4662,23.1902,1.0000,0.0000,6.6955,193.4864,49.5432,1.1738,0.8239,0.7869,468.3296,185.6659,20.9191,12.9772,0.6200,3.7111,41.3348,1.4856
27/12/2017 00:00:00,0.0567,0.4620,23.5842,1.0000,0.0000,6.4685,191.7993,50.8530,1.1790,0.8186,0.7908,472.1162,186.4232,20.5952,12.2131,0.5901,3.5611,40.6807,1.4600
28/12/2017 00:00:00,0.0547,0.4578,23.9781,1.0000,0.0000,6.2414,190.1121,52.1628,1.2035,0.8268,0.8096,475.9027,187.1805,20.6161,12.1303,0.5721,3.4111,40.7078,1.4626
29/12/2017 00:00:00,0.0538,0.4536,24.3720,1.0000,0.0000,6.0143,188.4250,53.4726,1.2396,0.8429,0.8375,479.6893,187.9379,20.8317,12.4316,0.5602,3.2610,41.1192,1.4815
30/12/2017 00:00:00,0.0520,0.4495,24.7659,1.0000,0.0000,5.7873,186.7378,54.7824,1.2622,0.8498,0.8549,483.4759,188.6952,20.8196,12.2836,0.5412,3.1110,41.0811,1.4816
31/12/2017 00:00:00,0.0481,0.4453,25.1598,1.0000,0.0000,5.5602,185.0507,56.0922,1.2565,0.8379,0.8507,487.2624,189.4525,20.3515,11.2362,0.5094,2.9610,40.1437,1.4452
01/01/2018 00:00:00,0.0457,0.4411,25.5538,1.0000,0.0000,5.3332,183.3635,57.4020,1.2660,0.8364,0.8580,491.0490,190.2098,20.1431,10.7017,0.4858,2.8110,39.7192,1.4296
02/01/2018 00:00:00,0.0445,0.4369,25.9477,1.0000,0.0000,5.1061,181.6764,58.7118,1.2913,0.8454,0.8776,494.8355,190.9671,20.1912,10.6730,0.4694,2.6609,39.8005,1.4347
03/01/2018 00:00:00,0.0417,0.4328,26.3416,1.0000,0.0000,5.4437,179.9892,60.0216,1.2850,0.8339,0.8722,498.6221,191.7244,19.7530,9.6862,0.4405,2.8870,38.9236,1.3999
04/01/2018 00:00:00,0.0409,0.4351,26.1691,1.0000,0.0000,6.2766,178.3142,59.7430,1.2890,0.8295,0.8867,500.0000,192.0000,20.1260,8.8665,0.4329,3.3703,39.0821,1.4083
05/01/2018 00:00:00,0.0401,0.4420,25.6724,1.0000,0.0000,7.1096,176.6462,58.5558,1.2800,0.8169,0.8972,500.0000,192.0000,20.6410,7.5453,0.4295,3.8536,39.2357,1.4164
06/01/2018 00:00:00,0.0388,0.4489,25.1756,1.0000,0.0000,7.9425,174.9781,57.3686,1.2605,0.7980,0.8981,500.0000,192.0000,20.9458,5.8722,0.4219,4.3370,39.0374,1.4099
07/01/2018 00:00:00,0.0375,0.4557,24.6788,1.0000,0.0000,8.7755,173.3100,56.1814,1.2425,0.7806,0.8995,500.0000,192.0000,21.2379,4.2245,0.4149,4.8203,38.8645,1.4044
08/01/2018 00:00:00,0.0360,0.4626,24.1821,1.0000,0.0000,9.6084,171.6419,54.9942,1.2184,0.7596,0.8948,500.0000,192.0000,21.3834,2.3563,0.4055,5.3036,38.4711,1.3897
09/01/2018 00:00:00,0.0335,0.4695,23.6853,1.0000,0.0000,9.9242,169.9739,53.8070,1.1737,0.7264,0.8713,500.0000,192.0000,21.1185,0.0000,0.3882,10.7788,37.3970,1.3467
10/01/2018 00:00:00,0.0379,0.4477,23.3457,1.0000,0.0000,9.7813,170.0904,53.7066,1.1202,0.6901,0.7512,496.1851,191.2370,19.8385,0.0000,0.3485,19.6695,35.3740,1.1748
11/01/2018 00:00:00,0.2223,0.4065,23.0941,1.0000,0.0000,9.6383,171.2066,54.2150,1.3183,0.8095,0.8934,490.2333,190.0467,22.4639,4.0972,0.4445,28.5601,40.8545,1.4272
12/01/2018 00:00:00,0.0312,0.3652,22.8425,1.0000,0.0000,9.4953,172.3228,54.7233,1.2278,0.7516,0.8265,484.2815,188.8563,20.1206,1.4190,0.4397,37.4508,37.3464,1.3489
13/01/2018 00:00:00,0.0311,0.3240,22.5910,1.0000,0.0000,9.3524,173.4389,55.2316,1.2643,0.7717,0.8199,478.3297,187.6659,19.9162,2.6562,0.4653,46.3414,37.7538,1.3672
14/01/2018 00:00:00,0.0297,0.2828,22.3394,1.0000,0.0000,9.2094,174.5551,55.7400,1.1462,0.6976,0.6737,472.3779,186.4756,17.3450,0.0000,0.4070,55.2321,33.6031,1.1480
15/01/2018 00:00:00,0.7020,0.2415,22.0878,1.0000,0.0000,9.0664,175.6713,56.2483,2.2885,1.3887,0.3992,466.4261,185.2852,33.2469,32.4392,0.2562,64.1227,65.8771,0.6954
16/01/2018 00:00:00,25.3645,0.2003,21.8362,1.0000,0.0000,8.9235,176.7874,56.7566,4.2034,2.5436,1.8725,460.4743,184.0949,58.5857,86.2146,1.2742,73.0134,118.8226,3.3340
17/01/2018 00:00:00,1.8244,0.1990,22.2113,1.0000,0.0000,8.7805,180.0223,57.2650,2.2451,1.3548,1.0365,454.5225,182.9045,29.9983,30.5515,0.7467,81.9040,62.3296,1.8869
18/01/2018 00:00:00,1.1207,0.2257,22.9366,1.0000,0.0000,8.6375,184.4409,57.7733,2.4474,1.4729,1.2674,448.5707,181.7141,31.3259,35.7911,0.9652,90.7947,66.7394,2.3593
19/01/2018 00:00:00,0.5828,0.2523,23.6618,1.0000,0.0000,8.4945,188.8595,58.2817,2.3950,1.4376,1.1935,442.6190,180.5238,29.3399,34.0372,0.9597,99.6853,64.1557,2.2726
20/01/2018 00:00:00,0.4628,0.2790,24.3871,1.0000,0.0000,8.3516,193.2781,58.7900,2.1883,1.3102,1.0284,436.6672,179.3334,25.6348,28.3015,0.8719,108.5760,57.5902,2.0031
21/01/2018 00:00:00,0.3731,0.3057,25.1123,1.0000,0.0000,8.2086,197.6967,59.2983,2.0206,1.2067,0.8927,430.7154,178.1431,22.6112,23.7879,0.7973,117.4667,52.2467,1.7793
22/01/2018 00:00:00,0.3092,0.3323,25.8376,1.0000,0.0000,8.0656,202.1153,59.8067,1.9032,1.1338,0.7922,424.7636,176.9527,20.3231,20.7274,0.7445,126.3573,48.3564,1.6159
23/01/2018 00:00:00,0.2632,0.3590,26.5628,1.0000,0.0000,7.8840,206.5339,60.3150,1.8257,1.0850,0.7186,418.8118,175.7624,18.5816,18.7862,0.7101,127.3443,45.5853,1.5006
24/01/2018 00:00:00,0.2296,0.3767,26.2864,1.0000,0.0000,7.6697,205.8678,60.6608,1.7338,1.0479,0.6793,412.8589,174.5718,17.7433,17.2238,0.6771,122.8453,43.7022,1.4243
25/01/2018 00:00:00,0.1985,0.3882,25.4463,1.0000,0.0000,7.4553,202.3405,60.9151,1.6110,1.0019,0.6448,406.9053,173.3811,17.1082,15.2076,0.6333,118.3464,41.6522,1.3426
26/01/2018 00:00:00,0.1760,0.3997,24.6061,1.0000,0.0000,7.2410,198.8132,61.1693,1.5171,0.9722,0.6261,400.9517,172.1903,16.7402,13.8724,0.6055,113.8474,40.2832,1.2942
27/01/2018 00:00:00,0.1584,0.4112,23.7660,1.0000,0.0000,7.0266,195.2859,61.4236,1.4387,0.9512,0.6147,394.9982,170.9996,16.5175,12.9056,0.5850,109.3484,39.2825,1.2612
28/01/2018 00:00:00,0.1454,0.4227,22.9259,1.0000,0.0000,6.8122,191.7586,61.6778,1.3823,0.9441,0.6152,389.0446,169.8089,16.5349,12.5175,0.5757,104.8494,38.8605,1.2525
29/01/2018 00:00:00,0.1290,0.4342,22.0858,1.0000,0.0000,6.5979,188.2314,61.9321,1.2921,0.9132,0.5961,383.0911,168.6182,16.1300,11.1498,0.5481,100.3504,37.4590,1.2038
30/01/2018 00:00:00,0.1142,0.4457,21.2457,1.0000,0.0000,6.3835,184.7041,62.1863,1.2024,0.8807,0.5758,377.1375,167.4275,15.6911,9.7286,0.5199,95.8514,36.0040,1.1533
31/01/2018 00:00:00,0.1012,0.4549,21.4403,1.0000,0.0000,6.1692,182.2068,62.4405,1.1157,0.8486,0.5565,371.1839,166.2368,15.2486,8.3255,0.4929,91.3524,34.5671,1.1051
01/02/2018 00:00:00,0.0933,0.4625,22.2146,1.0000,0.0000,5.9548,180.2867,62.6948,1.0627,0.8410,0.5570,365.2304,165.0461,15.2426,7.9262,0.4835,86.8534,34.1340,1.0962
02/02/2018 00:00:00,0.0886,0.4702,22.9890,1.0000,0.0000,5.7404,178.3666,62.9490,1.0320,0.8514,0.5727,359.2768,163.8554,15.5669,8.2596,0.4867,82.3544,34.4336,1.1166
03/02/2018 00:00:00,0.0833,0.4779,23.7633,1.0000,0.0000,5.5261,176.4465,63.2033,0.9922,0.8556,0.5837,353.3232,162.6646,15.7797,8.3337,0.4852,77.8554,34.4738,1.1273
04/02/2018 00:00:00,0.0818,0.4855,24.5376,1.0000,0.0000,5.3117,174.5264,63.4575,0.9709,0.8774,0.6091,347.3697,161.4739,16.3240,9.1131,0.4946,73.3564,35.2195,1.1647
05/02/2018 00:00:00,0.0776,0.4932,25.3120,1.0000,0.0000,5.0974,172.6063,63.7118,0.9349,0.8881,0.6250,341.4161,160.2832,16.6689,9.4402,0.4951,68.8574,35.5128,1.1827
06/02/2018 00:00:00,0.0758,0.5008,26.0863,1.0000,0.0000,5.0779,170.6862,63.9660,0.9088,0.9104,0.6516,335.4626,159.0925,17.2389,10.2241,0.5029,64.3584,36.2628,1.2196
07/02/2018 00:00:00,0.0729,0.5059,26.2055,1.0000,0.0000,5.2205,169.0811,65.1991,0.8988,0.8976,0.6755,337.1543,159.4309,17.3626,10.2240,0.4964,59.8594,36.5957,1.2395
08/02/2018 00:00:00,0.0744,0.5091,25.9604,1.0000,0.0000,5.3632,167.6514,66.9773,0.9359,0.9024,0.7295,343.1025,160.6205,17.9473,11.2911,0.5062,55.3604,38.2000,1.3086
09/02/2018 00:00:00,0.0704,0.5123,25.7154,1.0000,0.0000,5.5059,166.2216,68.7554,0.9280,0.8644,0.7420,349.0508,161.8102,17.6706,10.5161,0.4884,50.8614,37.9623,1.3045
10/02/2018 00:00:00,0.0648,0.5155,25.4703,1.0000,0.0000,5.6486,164.7918,70.5335,0.9069,0.8168,0.7412,354.9990,162.9998,17.1557,9.2000,0.4646,46.3624,37.1834,1.2799
11/02/2018 00:00:00,0.0645,0.5187,25.2252,1.0000,0.0000,5.7912,163.3620,72.3116,0.9277,0.8083,0.7785,360.9473,164.1895,17.4367,9.5915,0.4663,41.8634,38.1122,1.3226
12/02/2018 00:00:00,0.0583,0.5220,24.9802,1.0000,0.0000,5.9339,161.9322,74.0898,0.8941,0.7541,0.7613,366.8955,165.3791,16.7046,7.7484,0.4371,37.3644,36.8063,1.2745
13/02/2018 00:00:00,0.0552,0.5252,24.7351,1.0000,0.0000,6.0766,160.5024,75.8679,0.8854,0.7233,0.7671,372.8438,166.5688,16.4457,6.9197,0.4233,32.8654,36.5148,1.2671
14/02/2018 00:00:00,0.0556,0.5282,24.6416,1.0000,0.0000,6.2193,160.2311,77.6460,0.9108,0.7212,0.8072,378.7920,167.7584,16.8247,7.4986,0.4291,28.3664,37.6309,1.3170
15/02/2018 00:00:00,0.0537,0.5311,24.6302,1.0000,0.0000,6.3619,160.5874,79.4241,0.9105,0.6990,0.8197,384.7403,168.9481,16.7285,7.0095,0.4207,23.8674,37.6791,1.3223
16/02/2018 00:00:00,0.0461,0.5339,24.6188,1.0000,0.0000,6.5046,160.9438,81.2023,0.8343,0.6215,0.7461,390.6885,170.1377,15.2517,3.3774,0.3704,19.3684,34.5842,1.1911
17/02/2018 00:00:00,0.0640,0.5368,24.6074,1.0000,0.0000,6.6473,161.3001,82.9804,0.8109,0.5863,0.7366,396.6368,171.3274,14.7514,1.9214,0.3544,14.8694,33.6655,1.1647
18/02/2018 00:00:00,0.0481,0.5396,24.5960,1.0000,0.0000,6.7900,161.6564,84.7585,0.8844,0.6209,0.8274,402.5850,172.5170,16.0111,4.4853,0.3865,10.3705,36.7666,1.2966
19/02/2018 00:00:00,0.0472,0.5425,24.5846,1.0000,0.0000,6.9326,162.0127,86.5366,0.9106,0.6211,0.8645,408.5333,173.7067,16.4127,5.0944,0.3926,5.8715,37.9129,1.3436
20/02/2018 00:00:00,0.0452,0.5454,24.5732,1.0000,0.0000,6.8945,162.3690,88.3148,0.9021,0.5979,0.8646,414.4815,174.8963,16.1877,4.2511,0.3822,3.9221,37.6068,1.3333
21/02/2018 00:00:00,0.0431,0.5469,24.4071,1.0000,0.0000,6.6947,161.5389,88.2172,0.9184,0.5893,0.8512,420.1828,176.0366,15.9954,4.0037,0.3845,3.7887,37.2501,1.3207
22/02/2018 00:00:00,0.0428,0.5475,24.1511,1.0000,0.0000,6.4949,160.0193,87.0305,0.9716,0.6023,0.8526,425.7407,177.1481,16.1882,4.9611,0.4047,3.6554,37.7228,1.3426
23/02/2018 00:00:00,0.0422,0.5481,23.8951,1.0000,0.0000,6.2951,158.4998,85.8437,1.0233,0.6134,0.8493,431.2985,178.2597,16.3176,5.7721,0.4241,3.5220,38.0492,1.3583
24/02/2018 00:00:00,0.0407,0.5487,23.6391,1.0000,0.0000,6.0953,156.9802,84.6570,1.0635,0.6167,0.8325,436.8564,179.3713,16.2348,6.0891,0.4378,3.3887,37.8814,1.3535
25/02/2018 00:00:00,0.1061,0.5493,23.3831,1.0000,0.0000,5.8955,155.4606,83.4703,0.9350,0.5248,0.5028,442.4143,180.4829,13.6683,0.6075,0.2788,3.2553,31.9152,0.8319
26/02/2018 00:00:00,0.0887,0.5499,23.1271,1.0000,0.0000,5.6957,153.9410,82.2835,1.1102,0.6035,0.4290,447.9721,181.5944,15.5465,5.5042,0.2512,3.1219,36.3272,0.7231
27/02/2018 00:00:00,0.0436,0.5505,22.8711,1.0000,0.0000,5.4959,152.4215,81.0968,1.2501,0.6585,0.8204,453.5300,182.7060,16.7723,8.8825,0.5079,2.9886,39.2208,1.4103
28/02/2018 00:00:00,0.0396,0.5518,22.9778,1.0000,0.0000,5.2961,152.7003,79.9101,1.3086,0.6683,0.8098,459.0879,183.8176,16.8236,9.5179,0.5310,2.8552,39.3715,1.4218
01/03/2018 00:00:00,0.0396,0.5536,23.2882,1.0000,0.0000,5.0963,153.9892,78.7233,1.3822,0.6846,0.8046,464.6458,184.9292,17.0314,10.5211,0.5598,2.7218,39.8900,1.4449
02/03/2018 00:00:00,0.0369,0.5554,23.5987,1.0000,0.0000,4.8965,155.2780,77.5366,1.4089,0.6772,0.7666,470.2036,186.0407,16.6402,10.1224,0.5672,2.5885,39.0066,1.4104
03/03/2018 00:00:00,0.0352,0.5572,23.9091,1.0000,0.0000,4.6967,156.5668,76.3499,1.4505,0.6768,0.7373,475.7615,187.1523,16.4220,10.1295,0.5813,2.4551,38.5291,1.3923
04/03/2018 00:00:00,0.0348,0.5590,24.2196,1.0000,0.0000,4.4969,157.8557,75.1631,1.5190,0.6883,0.7216,481.3194,188.2639,16.4855,10.7985,0.6078,2.3217,38.7134,1.4015
05/03/2018 00:00:00,0.0305,0.5608,24.5300,1.0000,0.0000,4.2971,159.1445,73.9764,1.4930,0.6573,0.6549,486.8772,189.3755,15.5319,9.0785,0.5909,2.1884,36.5087,1.3113
06/03/2018 00:00:00,0.0317,0.5626,24.8405,1.0000,0.0000,4.0973,160.4333,72.7897,1.5321,0.6555,0.6237,492.4351,190.4870,15.2772,9.0003,0.6048,2.0550,35.9458,1.2908
07/03/2018 00:00:00,0.0288,0.5644,25.1509,1.0000,0.0000,4.1186,161.7221,71.6029,1.6077,0.6687,0.6063,497.9930,191.5986,15.3657,9.7307,0.6341,1.9549,36.1915,1.3010
08/03/2018 00:00:00,0.0287,0.5646,25.0865,1.0000,0.0000,4.3498,165.0165,71.5241,1.6224,0.6843,0.6129,500.0000,192.0000,15.4946,10.2884,0.6448,1.8781,36.5886,1.3190
09/03/2018 00:00:00,0.0303,0.5638,24.8103,1.0000,0.0000,4.5809,169.4443,72.0716,1.6428,0.7196,0.6528,500.0000,192.0000,16.0589,11.7265,0.6630,1.8013,38.0495,1.3810
10/03/2018 00:00:00,0.0288,0.5629,24.5341,1.0000,0.0000,4.8120,173.8720,72.6191,1.5762,0.7170,0.6538,500.0000,192.0000,15.7768,11.1611,0.6406,1.7245,37.5067,1.3598
11/03/2018 00:00:00,0.0263,0.5620,24.2579,1.0000,0.0000,5.0432,178.2998,73.1665,1.4745,0.6968,0.6362,500.0000,192.0000,15.1189,9.6939,0.6011,1.6477,36.0622,1.3009
12/03/2018 00:00:00,0.0245,0.5612,23.9817,1.0000,0.0000,5.2743,182.7276,73.7140,1.3934,0.6842,0.6265,500.0000,192.0000,14.6435,8.6526,0.5704,1.5709,35.0436,1.2595
13/03/2018 00:00:00,0.0228,0.5603,23.7055,1.0000,0.0000,5.5055,187.1553,74.2615,1.3113,0.6692,0.6140,500.0000,192.0000,14.1310,7.5143,0.5384,1.4941,33.9281,1.2138
14/03/2018 00:00:00,0.0746,0.5598,23.4800,1.0000,0.0000,5.7366,189.6067,74.8089,1.2102,0.6420,0.3666,500.0000,192.0000,13.3805,5.7942,0.3094,1.4173,32.2306,0.7127
15/03/2018 00:00:00,0.6971,0.5595,23.2830,1.0000,0.0000,5.9677,190.9457,75.3564,2.0005,1.1037,0.9548,500.0000,192.0000,22.7059,28.4106,0.7749,1.3405,54.8698,1.8252
16/03/2018 00:00:00,0.0320,0.5592,23.0861,1.0000,0.0000,6.1989,192.2846,75.9039,1.5169,0.8706,0.8406,500.0000,192.0000,17.6840,16.3890,0.6555,1.2637,42.8709,1.5802
17/03/2018 00:00:00,0.0270,0.5589,22.8891,1.0000,0.0000,6.4300,193.6236,76.4513,1.3255,0.7917,0.7647,500.0000,192.0000,15.8815,12.1188,0.5725,1.1869,38.6234,1.4137
18/03/2018 00:00:00,0.0268,0.5586,22.6922,1.0000,0.0000,6.6612,194.9625,76.9988,1.2936,0.8045,0.7840,500.0000,192.0000,15.9394,12.3589,0.5631,1.1101,38.8862,1.4255
19/03/2018 00:00:00,0.0270,0.5583,22.4952,1.0000,0.0000,6.8923,196.3014,77.5463,1.2657,0.8198,0.8066,500.0000,192.0000,16.0484,12.7245,0.5552,1.0333,39.2745,1.4424
20/03/2018 00:00:00,0.0253,0.5580,22.2983,1.0000,0.0000,7.0000,197.6404,78.0937,1.2022,0.8116,0.8036,500.0000,192.0000,15.6988,11.9653,0.5295,3.8720,38.5380,1.4134
21/03/2018 00:00:00,0.0249,0.5624,22.1813,1.0000,0.0000,7.0000,197.9826,78.2918,1.1822,0.8250,0.8034,496.4537,191.2907,15.7486,11.9450,0.5299,8.9464,38.5207,1.4137
22/03/2018 00:00:00,0.0367,0.5701,22.1098,1.0000,0.0000,7.0000,197.7594,78.2918,0.8486,0.6092,0.5337,490.8968,190.1794,11.4694,1.2780,0.3616,14.0208,27.8453,0.9486
23/03/2018 00:00:00,0.0243,0.5778,22.0382,1.0000,0.0000,7.0000,197.5362,78.2918,1.1680,0.8626,0.7899,485.3400,189.0680,16.0208,12.0447,0.5500,19.0952,38.6037,1.4189
24/03/2018 00:00:00,0.0237,0.5855,21.9666,1.0000,0.0000,7.0000,197.3130,78.2918,1.1563,0.8786,0.7796,479.7831,187.9566,16.0994,11.9496,0.5580,24.1697,38.5003,1.4156
25/03/2018 00:00:00,0.0271,0.5931,21.8951,1.0000,0.0000,7.0000,197.0898,78.2918,1.0929,0.8545,0.7072,474.2263,186.8453,15.4504,10.1249,0.5207,29.2441,36.6674,1.2986
26/03/2018 00:00:00,0.1397,0.6008,21.8235,1.0000,0.0000,7.0000,196.8666,78.2918,1.0613,0.8538,0.5331,468.6694,185.7339,15.2369,9.3493,0.4038,34.3185,35.8835,0.9902
27/03/2018 00:00:00,0.2369,0.6085,21.7519,1.0000,0.0000,7.0000,196.6434,78.2918,1.2148,1.0056,0.5401,463.1126,184.6225,17.7149,14.8713,0.4213,39.3929,41.3971,1.0154
28/03/2018 00:00:00,0.0740,0.6068,21.8700,1.0000,0.0000,7.0000,196.3133,78.2918,1.5156,1.2911,1.0136,457.5558,183.5112,22.4562,25.5509,0.8143,44.4673,52.0684,1.9293
29/03/2018 00:00:00,0.0283,0.5986,22.0959,1.0000,0.0000,7.0000,195.9225,78.2918,1.2228,1.0721,0.8168,451.9989,182.3998,18.4128,15.8492,0.6762,49.5418,42.3584,1.5747
30/03/2018 00:00:00,0.0269,0.5904,22.3217,1.0000,0.0000,7.0000,195.5317,78.2918,1.1732,1.0588,0.7778,446.4421,181.2884,17.9590,14.4868,0.6640,54.6162,40.9878,1.5195
31/03/2018 00:00:00,0.0249,0.5822,22.5476,1.0000,0.0000,7.0000,195.1408,78.2918,1.1627,1.0802,0.7684,440.8852,180.1770,18.0986,14.4846,0.6768,59.6906,40.9772,1.5221
01/04/2018 00:00:00,0.0236,0.5740,22.7735,1.0000,0.0000,7.0000,194.7500,78.2918,1.1347,1.0854,0.7452,435.3284,179.0657,17.9651,13.8638,0.6777,64.7650,40.3481,1.4974
02/04/2018 00:00:00,0.0224,0.5658,22.9993,1.0000,0.0000,7.0000,194.3592,78.2918,1.1075,1.0908,0.7225,429.7716,177.9543,17.8397,13.2660,0.6788,69.8394,39.7421,1.4736
03/04/2018 00:00:00,0.0221,0.5576,23.2252,1.0000,0.0000,7.0000,193.9684,78.2918,1.0959,1.1117,0.7108,424.2147,176.8429,17.9662,13.2295,0.6904,74.9138,39.6973,1.4723
04/04/2018 00:00:00,0.0228,0.5494,23.4511,1.0000,0.0000,7.1244,193.5775,78.2918,1.1014,1.1508,0.7107,418.6579,175.7316,18.3816,13.8214,0.7142,75.1429,40.2808,1.4960
05/04/2018 00:00:00,0.0222,0.5471,23.3610,1.0000,0.0000,7.3547,192.9699,77.9407,1.0837,1.1667,0.7067,416.6667,175.3333,18.3653,13.7164,0.7120,71.9894,40.0970,1.4894
06/04/2018 00:00:00,0.0252,0.5488,23.0945,1.0000,0.0000,7.5850,192.2413,77.3935,1.0303,1.1430,0.6794,416.6667,175.3333,17.7040,12.3477,0.6740,68.8359,38.6103,1.4214
07/04/2018 00:00:00,0.0225,0.5505,22.8281,1.0000,0.0000,7.8153,191.5127,76.8464,1.0691,1.2224,0.7273,416.6667,175.3333,18.6331,14.4465,0.7101,65.6824,40.5910,1.5102
08/04/2018 00:00:00,0.0239,0.5522,22.5616,1.0000,0.0000,8.0456,190.7841,76.2992,1.0786,1.2714,0.7504,416.6667,175.3333,19.0739,15.4777,0.7207,62.5289,41.5040,1.5462
09/04/2018 00:00:00,0.0281,0.5539,22.2951,1.0000,0.0000,8.2759,190.0555,75.7520,0.9774,1.1881,0.6334,416.6667,175.3333,17.5437,12.2225,0.5981,59.3754,38.1307,1.2949
10/04/2018 00:00:00,0.2015,0.5556,22.0287,1.0000,0.0000,8.5062,189.3268,75.2048,1.1135,1.3962,0.6866,416.6667,175.3333,20.2948,18.2687,0.6372,56.2219,44.0588,1.3925
11/04/2018 00:00:00,0.0242,0.5551,21.8319,1.0000,0.0000,8.7365,189.8871,74.6577,1.0265,1.3280,0.7618,416.6667,175.3333,19.0042,15.5368,0.6942,53.0684,41.2087,1.5322
12/04/2018 00:00:00,0.0339,0.5530,21.6748,1.0000,0.0000,8.9668,191.1813,74.1105,0.9242,1.2342,0.5594,416.6667,175.3333,17.3886,12.1070,0.5004,49.9149,37.6608,1.1158
13/04/2018 00:00:00,0.7102,0.5509,21.5177,1.0000,0.0000,9.1971,192.4754,73.5633,1.3974,1.9266,0.9641,416.6667,175.3333,26.7288,32.3849,0.8459,46.7614,57.8206,1.9064
14/04/2018 00:00:00,0.0252,0.5487,21.3607,1.0000,0.0000,9.4274,193.7695,73.0161,0.9979,1.4211,0.7986,416.6667,175.3333,19.4143,16.6292,0.6869,43.6078,41.9468,1.5654
15/04/2018 00:00:00,0.0261,0.5466,21.2036,1.0000,0.0000,9.6577,195.0636,72.4690,0.9721,1.4303,0.7959,416.6667,175.3333,19.2436,16.3276,0.6706,40.4543,41.5271,1.5462
16/04/2018 00:00:00,0.0228,0.5445,21.0465,1.0000,0.0000,9.8880,196.3578,71.9218,0.9768,1.4856,0.8265,416.6667,175.3333,19.6863,17.3485,0.6816,37.3008,42.4299,1.5908
17/04/2018 00:00:00,0.0289,0.5423,20.8894,1.0000,0.0000,9.9633,197.6519,71.3746,0.8645,1.3596,0.6467,416.6667,175.3333,17.7459,13.2368,0.5217,35.8321,38.2000,1.2331
18/04/2018 00:00:00,0.7123,0.5369,20.7635,1.0000,0.0000,9.8918,198.1250,70.8520,1.2634,2.0555,1.0077,416.6667,175.3333,26.5122,32.1293,0.8413,35.5463,57.0440,1.9497
19/04/2018 00:00:00,0.0936,0.5289,20.6556,1.0000,0.0000,9.8203,198.1250,70.3435,0.7650,1.2882,0.5341,416.6667,175.3333,16.4512,10.4903,0.4762,35.2606,35.3967,1.0637
20/04/2018 00:00:00,0.4076,0.5210,20.5476,1.0000,0.0000,9.7488,198.1250,69.8350,1.0480,1.8276,0.8400,416.6667,175.3333,23.1093,24.8242,0.7981,34.9748,49.7223,1.7220
21/04/2018 00:00:00,0.0255,0.5131,20.4396,1.0000,0.0000,9.6773,198.1250,69.3265,0.8934,1.6142,0.7770,416.6667,175.3333,20.2131,18.6009,0.7854,34.6890,43.4907,1.6401
22/04/2018 00:00:00,1.1735,0.5051,20.3317,1.0000,0.0000,9.6058,198.1250,68.8180,1.2547,2.3504,0.9635,416.6667,175.3333,29.1476,37.8328,1.0347,34.4033,62.7143,2.0945
23/04/2018 00:00:00,0.9751,0.4972,20.2237,1.0000,0.0000,9.5343,198.1250,68.3095,1.1452,2.2257,0.7790,416.6667,175.3333,27.3375,33.9464,0.8874,34.1175,58.8197,1.7443
24/04/2018 00:00:00,0.0323,0.4893,20.1158,1.0000,0.0000,9.4628,198.1250,67.8010,0.8047,1.6235,0.6842,416.6667,175.3333,19.7530,17.6358,0.8258,33.8317,42.5007,1.5784
25/04/2018 00:00:00,0.0285,0.4813,20.1008,1.0000,0.0000,9.3913,197.4387,67.2926,0.7958,1.6679,0.6870,416.6667,175.3333,20.1022,18.3955,0.8777,33.5459,43.2521,1.6334
26/04/2018 00:00:00,0.0283,0.4733,20.1379,1.0000,0.0000,9.3198,196.3679,66.7841,0.7846,1.7095,0.6803,416.6667,175.3333,20.4130,19.0726,0.9190,33.2602,43.9209,1.6674
27/04/2018 00:00:00,0.0279,0.4653,20.1750,1.0000,0.0000,9.2483,195.2971,66.2756,0.7578,1.7180,0.6579,416.6667,175.3333,20.3254,18.8923,0.9390,32.9744,43.7324,1.6627
28/04/2018 00:00:00,0.0305,0.4573,20.2122,1.0000,0.0000,9.1768,194.2262,65.7671,0.6995,1.6514,0.5874,416.6667,175.3333,19.3596,16.8226,0.8850,32.6886,41.6543,1.5312
29/04/2018 00:00:00,0.0262,0.4493,20.2493,1.0000,0.0000,9.1053,193.1554,65.2586,0.7046,1.7338,0.6163,416.6667,175.3333,20.1417,18.5136,0.9796,32.4029,43.3371,1.6575
30/04/2018 00:00:00,0.0248,0.4413,20.2864,1.0000,0.0000,9.0338,192.0846,64.7501,0.6736,1.7296,0.5917,416.6667,175.3333,19.9130,18.0299,0.9916,32.1171,42.8450,1.6424
01/05/2018 00:00:00,0.0259,0.4333,20.3235,1.0000,0.0000,9.0378,191.0137,64.2416,0.6573,1.7629,0.5796,416.6667,175.3333,20.1161,18.4753,1.0237,41.1828,43.2821,1.6613
02/05/2018 00:00:00,0.1779,0.4276,20.0828,1.0000,0.0000,9.1093,193.7515,63.7332,1.1527,2.6225,0.8057,416.6667,175.3333,29.4448,38.6534,1.4274,56.7396,63.4520,2.3137
03/05/2018 00:00:00,0.3905,0.4235,19.6837,1.0000,0.0000,9.1808,198.6597,63.2248,1.2696,2.2999,0.6641,416.6667,175.3333,25.3011,29.8673,1.1465,72.2963,54.6577,1.8770
04/05/2018 00:00:00,0.0295,0.4194,19.2846,1.0000,0.0000,9.2523,203.5680,62.7165,1.2865,1.9418,0.6290,416.6667,175.3333,20.9286,20.5441,1.0574,87.8531,45.3263,1.7493
05/05/2018 00:00:00,0.0396,0.4152,18.8855,1.0000,0.0000,9.3239,208.4763,62.2081,1.4070,1.8246,0.5251,416.6667,175.3333,19.2646,17.0566,0.8586,103.4099,41.8304,1.4363
06/05/2018 00:00:00,0.6198,0.4111,18.4864,1.0000,0.0000,9.3954,213.3845,61.6998,2.1606,2.4611,0.7081,416.6667,175.3333,25.4553,30.6530,1.1249,118.9666,55.4186,1.9038
07/05/2018 00:00:00,0.0844,0.4070,18.0874,1.0000,0.0000,9.4669,218.2928,61.1914,1.9842,2.0189,0.5719,416.6667,175.3333,20.4530,19.8911,0.8818,134.5234,44.6485,1.5108
08/05/2018 00:00:00,0.0360,0.4028,17.6883,1.0000,0.0000,9.5385,223.2010,60.6830,2.3912,2.2017,0.7107,416.6667,175.3333,21.8465,23.0728,1.0623,150.0802,47.8219,1.8441
09/05/2018 00:00:00,0.0389,0.4023,17.6305,1.0000,0.0000,9.6100,223.7269,60.1747,2.7290,2.2980,0.7414,416.6667,175.3333,22.3310,24.2796,1.0729,165.6369,49.0204,1.8885
10/05/2018 00:00:00,0.0375,0.4041,17.7703,1.0000,0.0000,9.6815,221.7173,59.6663,3.0522,2.3708,0.7691,416.6667,175.3333,22.5609,24.9353,1.0760,181.1937,49.6680,1.9221
11/05/2018 00:00:00,0.0367,0.4060,17.9101,1.0000,0.0000,9.7531,219.7077,59.1579,3.3872,2.4445,0.7965,416.6667,175.3333,22.7777,25.5689,1.0757,196.7505,50.2933,1.9519
12/05/2018 00:00:00,0.0366,0.4079,18.0498,1.0000,0.0000,9.8246,217.6980,58.6496,3.7181,2.5085,0.8197,416.6667,175.3333,22.8841,25.9649,1.0669,212.3073,50.6810,1.9686
13/05/2018 00:00:00,0.0371,0.4098,18.1896,1.0000,0.0000,9.8961,215.6884,58.1412,4.0779,2.5854,0.8473,416.6667,175.3333,23.0893,26.5855,1.0609,227.8640,51.2934,1.9929
14/05/2018 00:00:00,0.0386,0.4116,18.3294,1.0000,0.0000,9.9677,213.6787,57.6329,4.4707,2.6757,0.8790,416.6667,175.3333,23.3908,27.4282,1.0567,243.4208,52.1279,2.0237
15/05/2018 00:00:00,0.0380,0.4135,18.4691,1.0000,0.0000,10.0000,211.6691,57.1245,4.8467,2.7492,0.9076,416.6667,175.3333,23.5220,27.8987,1.0454,240.9683,52.5901,2.0438
16/05/2018 00:00:00,0.0377,0.4156,18.4264,1.0000,0.0000,10.0000,211.3357,57.2630,5.1709,2.7897,0.9074,416.6667,175.3333,23.3989,28.3275,1.0644,225.3177,53.0431,2.0625
17/05/2018 00:00:00,0.0407,0.4178,18.2793,1.0000,0.0000,10.0000,211.9619,57.7716,5.5256,2.8441,0.8999,416.6667,175.3333,23.4083,29.3717,1.1099,209.6670,54.1300,2.0998
18/05/2018 00:00:00,0.0409,0.4199,18.1322,1.0000,0.0000,10.0000,212.5880,58.2802,5.8443,2.8780,0.8894,416.6667,175.3333,23.2414,30.0253,1.1481,194.0164,54.8263,2.1265
19/05/2018 00:00:00,0.0418,0.4221,17.9850,1.0000,0.0000,10.0000,213.2142,58.7888,6.1634,2.9111,0.8797,416.6667,175.3333,23.0650,30.6650,1.1840,178.3658,55.5086,2.1517
20/05/2018 00:00:00,0.0438,0.4243,17.8379,1.0000,0.0000,10.0000,213.8403,59.2974,6.5125,2.9570,0.8740,416.6667,175.3333,22.9844,31.5483,1.2223,162.7152,56.4346,2.1838
21/05/2018 00:00:00,0.0461,0.4265,17.6908,1.0000,0.0000,10.0000,214.4665,59.8060,6.8692,3.0045,0.8697,416.6667,175.3333,22.9093,32.4636,1.2601,147.0646,57.3926,2.2167
22/05/2018 00:00:00,0.0476,0.4286,17.5437,1.0000,0.0000,10.0000,215.0926,60.3146,7.2343,3.0538,0.8670,416.6667,175.3333,22.8400,33.4135,1.2982,131.4139,58.3851,2.2519
23/05/2018 00:00:00,0.0481,0.4153,17.3396,1.0000,0.0000,10.0000,213.8655,60.8232,7.5703,3.0894,0.8619,416.6667,175.3333,22.6629,34.1029,1.3305,115.7633,59.1172,2.2786
24/05/2018 00:00:00,0.1405,0.3915,17.1046,1.0000,0.0000,10.0000,211.6355,61.3317,6.9385,2.7418,0.3191,416.6667,175.3333,19.7253,27.4536,0.5069,100.1127,52.5106,0.8579
25/05/2018 00:00:00,5.5726,0.3677,16.8697,1.0000,0.0000,10.0000,209.4055,61.8403,11.4980,4.4059,0.9730,416.6667,175.3333,31.0831,59.3518,1.5872,84.4621,84.4515,2.6575
26/05/2018 00:00:00,5.5880,0.3438,16.6348,1.0000,0.0000,10.0000,207.1755,62.3489,11.8544,4.4108,0.9953,416.6667,175.3333,30.5119,59.4729,1.6644,68.8115,84.6152,2.7592
27/05/2018 00:00:00,1.7145,0.3200,16.3999,1.0000,0.0000,10.0000,204.9455,62.8575,9.6383,3.4866,0.7519,416.6667,175.3333,23.6467,41.7550,1.2873,53.1608,66.9401,2.1143
28/05/2018 00:00:00,0.5570,0.2962,16.1650,1.0000,0.0000,10.0000,202.7155,63.3661,8.4521,2.9760,0.6556,416.6667,175.3333,19.7867,31.9551,1.1476,37.5102,57.1828,1.8688
29/05/2018 00:00:00,0.2228,0.2724,15.9301,1.0000,0.0000,9.7993,200.4855,63.8747,8.7803,3.0124,0.7175,416.6667,175.3333,19.6328,32.6584,1.2823,30.4577,57.9288,2.0716
30/05/2018 00:00:00,0.1872,0.2703,15.8698,1.0000,0.0000,9.4424,200.6657,64.3833,9.7185,3.3405,0.7867,420.4882,176.0976,21.6721,38.1346,1.4086,29.5292,63.8952,2.2740
31/05/2018 00:00:00,0.1816,0.2834,15.9070,1.0000,0.0000,9.0855,202.1890,64.8920,8.6548,3.0240,0.6316,426.4438,177.2888,19.6955,30.8578,1.1214,28.6007,57.3586,1.8162
01/06/2018 00:00:00,1.6295,0.2965,15.9441,1.0000,0.0000,8.7287,203.7124,65.4007,10.7956,3.8315,0.7820,432.3995,178.4799,25.0465,44.8585,1.3760,27.6721,72.0996,2.2362
02/06/2018 00:00:00,0.1871,0.3096,15.9812,1.0000,0.0000,8.3718,205.2357,65.9093,9.6025,3.4596,0.8081,438.3551,179.6710,22.6932,36.6289,1.4083,26.7436,64.6102,2.2972
03/06/2018 00:00:00,0.1858,0.3227,16.0183,1.0000,0.0000,8.0150,206.7590,66.4180,9.6112,3.5130,0.8194,444.3107,180.8621,23.1179,36.4139,1.4134,25.8151,65.1354,2.3148
04/06/2018 00:00:00,0.2009,0.3358,16.0555,1.0000,0.0000,7.6581,208.2824,66.9267,9.3264,3.4563,0.7897,450.2663,182.0533,22.8147,34.1845,1.3473,24.8866,63.6461,2.2160
05/06/2018 00:00:00,0.9317,0.3488,16.0926,1.0000,0.0000,7.3012,209.8057,67.4353,9.5064,3.5701,0.7948,456.2220,183.2444,23.6339,35.1100,1.3401,23.9580,65.3119,2.2144
06/06/2018 00:00:00,2.1448,0.3619,16.1297,1.0000,0.0000,6.9444,211.3290,67.9440,10.4450,3.9730,0.8711,462.1776,184.4355,26.3731,41.2868,1.4503,23.0295,72.2289,2.4085
07/06/2018 00:00:00,2.4235,0.3518,16.0034,1.0000,0.0000,6.5875,214.6522,68.4527,10.4329,4.0174,0.9155,468.1332,185.6266,26.7374,40.9188,1.5037,22.1010,72.6011,2.5108
08/06/2018 00:00:00,0.7946,0.3252,15.7858,1.0000,0.0000,6.2307,218.9807,68.9613,8.9182,3.4750,0.8211,474.0889,186.8178,23.1845,30.0178,1.3289,21.1725,62.4403,2.2321
09/06/2018 00:00:00,0.4020,0.2986,15.5681,1.0000,0.0000,5.8738,223.3092,69.4700,9.1420,3.6031,0.7627,480.0445,188.0089,24.0954,31.2246,1.2148,20.2439,64.3873,2.0538
10/06/2018 00:00:00,4.2004,0.2720,15.3505,1.0000,0.0000,5.5170,227.6378,69.9787,12.1764,4.8522,1.0522,486.0001,189.2000,32.5204,52.3488,1.6469,19.3154,86.2517,2.8043
11/06/2018 00:00:00,2.7755,0.2454,15.1329,1.0000,0.0000,5.1601,231.9663,70.4873,10.5557,4.2513,0.9999,491.9558,190.3912,28.5535,40.5461,1.5357,18.3869,75.1892,2.6356
12/06/2018 00:00:00,0.9466,0.2188,14.9153,1.0000,0.0000,5.0000,236.2949,70.9960,9.2699,3.7719,1.0323,497.9114,191.5823,25.3853,31.0047,1.5526,17.3290,66.3880,2.6882
13/06/2018 00:00:00,1.1874,0.2238,14.7242,1.0000,0.0000,5.0000,237.9284,70.5143,9.2365,4.0104,0.9886,496.1357,191.2271,25.2903,29.8624,1.4662,16.1787,65.5785,2.5536
14/06/2018 00:00:00,0.5142,0.2502,14.5473,1.0000,0.0000,5.0000,238.1070,69.4977,9.3538,4.4349,1.0605,490.1842,190.0368,25.4388,29.4964,1.5571,15.0284,65.3254,2.7237
15/06/2018 00:00:00,0.4946,0.2766,14.3705,1.0000,0.0000,5.0000,238.2855,68.4810,9.4470,4.8580,1.0391,484.2327,188.8465,25.5174,28.9339,1.5092,13.8781,64.8757,2.6522
16/06/2018 00:00:00,0.4701,0.3029,14.1937,1.0000,0.0000,5.0000,238.4641,67.4644,9.5736,5.3086,1.0210,478.2812,187.6562,25.6817,28.5711,1.4659,12.7279,64.6258,2.5890
17/06/2018 00:00:00,0.4938,0.3293,14.0168,1.0000,0.0000,5.0000,238.6426,66.4478,9.3860,5.5840,0.8733,472.3297,186.4659,25.0031,26.0891,1.2384,11.5776,62.2566,2.1991
18/06/2018 00:00:00,3.2628,0.3557,13.8400,1.0000,0.0000,5.0000,238.8212,65.4311,12.0616,7.6654,1.0670,466.3782,185.2756,31.9048,42.3016,1.4928,10.4273,78.5819,2.6666
19/06/2018 00:00:00,1.0560,0.3821,13.6632,1.0000,0.0000,5.0000,238.9997,64.4145,9.8842,6.6845,0.9616,460.4267,184.0853,25.9593,26.8327,1.3259,9.2770,63.2259,2.3837
20/06/2018 00:00:00,1.4263,0.3899,13.8285,1.0000,0.0000,5.0000,242.9988,63.3979,10.9529,7.8554,1.0346,454.4752,182.8950,28.5593,32.2542,1.4043,8.1267,68.7603,2.5424
21/06/2018 00:00:00,0.6864,0.3854,14.1793,1.0000,0.0000,5.0000,249.0690,62.3813,10.3184,7.8242,1.0380,448.5237,181.7047,26.7091,26.9265,1.3849,6.9764,63.5454,2.5267
22/06/2018 00:00:00,0.8386,0.3810,14.5300,1.0000,0.0000,5.0000,255.1393,61.3646,10.3293,8.2585,0.9849,442.5722,180.5144,26.5407,25.6431,1.2895,5.8261,62.3749,2.3729
23/06/2018 00:00:00,0.5591,0.3766,14.8808,1.0000,0.0000,5.0000,261.2095,60.3480,10.7753,9.0614,1.0576,436.6207,179.3241,27.4808,26.9273,1.3563,4.6759,63.7719,2.5196
24/06/2018 00:00:00,0.5450,0.3721,15.2316,1.0000,0.0000,5.0000,267.2797,59.3314,11.0229,9.7280,1.0661,430.6692,178.1338,27.9008,26.9484,1.3362,3.5256,63.9059,2.5089
25/06/2018 00:00:00,0.5214,0.3677,15.5824,1.0000,0.0000,5.0000,273.3499,58.3148,11.2169,10.3676,1.0621,424.7177,176.9435,28.1757,26.5999,1.2979,2.3753,63.6703,2.4662
26/06/2018 00:00:00,0.5913,0.3632,15.9332,1.0000,0.0000,5.0000,279.4201,57.2981,11.3068,10.9247,0.9562,418.7662,175.7532,28.1828,25.6204,1.1358,1.9712,62.8036,2.1877
27/06/2018 00:00:00,5.6824,0.3507,15.9570,1.0000,0.0000,5.0000,282.0817,57.9251,16.5736,16.7111,1.3746,424.3599,176.8720,41.5797,55.6114,1.5235,2.0925,93.2044,3.0356
28/06/2018 00:00:00,3.3645,0.3322,15.8024,1.0000,0.0000,5.0000,282.8840,59.4479,14.3694,15.0960,1.3439,436.2463,179.2493,36.5645,45.1456,1.3606,2.2138,83.3101,2.8389
29/06/2018 00:00:00,1.1806,0.3137,15.6479,1.0000,0.0000,5.0000,283.6864,60.9708,11.9958,13.1115,1.3709,448.1328,181.6266,30.9557,32.9085,1.2668,2.3352,71.6447,2.7748
30/06/2018 00:00:00,1.0277,0.2952,15.4933,1.0000,0.0000,5.0000,284.4888,62.4936,11.0617,12.5619,1.3339,460.0193,184.0039,28.9447,28.6996,1.1239,2.4565,68.0073,2.5912
01/07/2018 00:00:00,0.9173,0.2767,15.3388,1.0000,0.0000,5.0000,285.2911,64.0164,10.3385,12.1830,1.3001,471.9058,186.3812,27.4270,25.5034,0.9972,2.5778,65.3828,2.4273
02/07/2018 00:00:00,1.2976,0.2582,15.1842,1.0000,0.0000,5.0000,286.0935,65.5392,9.9156,12.1107,1.1680,483.7923,188.7585,26.6660,24.0117,0.8141,2.6992,64.4627,2.0989
03/07/2018 00:00:00,4.8682,0.2397,15.0297,1.0000,0.0000,5.0000,286.8958,67.0620,13.5272,17.1055,1.6630,495.6788,191.1358,36.8731,49.3231,1.0504,2.8205,90.3457,2.8797
04/07/2018 00:00:00,2.9350,0.2429,14.8751,1.0000,0.0000,5.0000,287.6982,68.5849,12.4347,16.2627,1.4934,507.5653,193.5130,34.3513,43.6728,0.8523,2.9418,85.2670,2.4950
05/07/2018 00:00:00,3.7083,0.2632,14.7206,1.0000,0.0000,5.0000,288.5006,70.1077,14.0425,18.9764,1.8408,519.4517,195.8903,39.3106,56.6423,0.9456,3.0631,98.8081,2.9705
06/07/2018 00:00:00,2.2998,0.2835,14.5660,1.0000,0.0000,5.0000,289.3029,71.6305,18.3662,25.6215,2.3354,531.3382,198.2676,52.0938,89.7972,1.0748,3.1845,132.5347,3.6438
07/07/2018 00:00:00,1.5476,0.3038,14.4115,1.0000,0.0000,5.0000,290.1053,73.1533,16.3555,23.5340,2.2240,543.2247,200.6449,46.9984,77.6705,0.9119,3.3058,120.9795,3.3583
08/07/2018 00:00:00,1.3307,0.3241,14.2569,1.0000,0.0000,5.0000,290.9076,74.6762,14.1655,21.0069,2.1063,555.1112,203.0222,41.2341,63.4697,0.7641,3.4271,107.3504,3.0810
09/07/2018 00:00:00,1.1637,0.3444,14.1024,1.0000,0.0000,5.0000,291.7100,76.1990,12.2678,18.7353,1.9842,566.9977,205.3995,36.1698,50.7515,0.6313,3.5484,95.2037,2.8139
10/07/2018 00:00:00,1.0627,0.3647,13.9478,1.0000,0.0000,5.1131,292.5123,77.7218,11.1463,17.5177,1.9433,578.8842,207.7768,33.2826,43.5153,0.5365,3.6247,88.5392,2.6742
11/07/2018 00:00:00,0.9752,0.3666,13.9721,1.0000,0.0000,5.3277,290.1787,79.0876,10.0992,16.5804,1.7744,590.7876,210.1575,30.7776,36.6522,0.6051,3.6675,82.6461,2.5570
12/07/2018 00:00:00,0.9522,0.3547,14.1033,1.0000,0.0000,5.5423,285.9708,80.3596,9.2624,16.0006,1.5507,602.7012,212.5402,28.9315,31.1411,0.7190,3.7104,78.3434,2.4248
13/07/2018 00:00:00,2.2372,0.3427,14.2346,1.0000,0.0000,5.7569,281.7629,81.6315,9.1378,16.5721,1.5168,614.6149,214.9230,29.2401,31.4008,0.8797,3.7533,79.8115,2.5482
14/07/2018 00:00:00,1.1610,0.3308,14.3658,1.0000,0.0000,5.9714,277.5550,82.9034,10.2935,19.5582,1.5214,626.5285,217.3057,33.7278,43.1398,1.0505,3.7961,92.7590,2.7241
15/07/2018 00:00:00,4.3502,0.3189,14.4970,1.0000,0.0000,6.1860,273.3471,84.1753,9.9076,19.6851,1.5510,638.4421,219.6884,33.2262,41.2112,1.2341,3.8390,92.0387,2.9402
16/07/2018 00:00:00,2.9005,0.3070,14.6282,1.0000,0.0000,6.4006,269.1392,85.4472,12.6759,26.2909,1.7063,650.3558,222.0712,43.4905,69.2634,1.5285,3.8819,121.2994,3.4055
17/07/2018 00:00:00,2.1070,0.2951,14.7594,1.0000,0.0000,6.6152,264.9314,86.7192,14.2651,30.8362,1.7963,662.2694,224.4539,50.0509,87.2670,1.7806,3.9248,140.5113,3.7565
18/07/2018 00:00:00,1.4790,0.2895,14.7896,1.0000,0.0000,6.8298,263.2362,87.9911,13.7457,30.9222,1.6911,674.1830,226.8366,49.3006,84.8172,1.8305,3.9676,139.2700,3.6908
19/07/2018 00:00:00,1.8278,0.2882,14.7642,1.0000,0.0000,7.0444,262.9240,89.2630,10.6709,24.9476,1.3773,686.0966,229.2193,39.1083,55.4763,1.6107,4.0105,111.1374,3.1257
20/07/2018 00:00:00,1.2880,0.2868,14.7388,1.0000,0.0000,7.2589,262.6118,90.5349,12.1069,29.3787,1.4899,698.0103,231.6021,45.3235,72.6660,1.8666,4.0534,129.5356,3.5054
21/07/2018 00:00:00,2.2723,0.2855,14.7134,1.0000,0.0000,7.4735,262.2997,91.8068,8.6159,21.6751,1.1160,709.9239,233.9848,32.9355,36.5673,1.4873,4.0962,94.6452,2.7149
22/07/2018 00:00:00,6.2423,0.2842,14.6880,1.0000,0.0000,7.6881,261.9875,93.0787,9.0811,23.6576,1.2235,721.8375,236.3675,35.4341,43.0724,1.7241,4.1391,102.3588,3.0699
23/07/2018 00:00:00,3.7491,0.2828,14.6626,1.0000,0.0000,7.9027,261.6754,94.3507,14.4574,38.9628,1.5766,733.7511,238.7502,57.5644,106.6283,2.3372,4.1820,167.1230,4.0715
24/07/2018 00:00:00,3.0158,0.2815,14.6372,1.0000,0.0000,9.3260,261.3632,95.6226,11.8287,32.9459,1.3663,745.6648,241.1330,48.0447,78.4549,2.1216,4.2000,140.1581,3.6246
25/07/2018 00:00:00,2.4522,0.2867,14.5189,1.0000,0.0000,11.7523,261.0791,97.7020,10.0625,29.7922,1.2067,757.5712,243.5143,41.4164,59.6829,1.8726,4.2000,122.5655,3.2000
26/07/2018 00:00:00,7.3611,0.2964,14.3477,1.0000,0.0000,14.1786,260.8110,100.2435,8.9597,28.5826,1.2657,769.4736,245.8947,37.2378,48.3444,1.9161,4.2000,112.3902,3.3084
27/07/2018 00:00:00,4.2257,0.3062,14.1766,1.0000,0.0000,16.6049,260.5429,102.7849,22.1898,76.0309,2.5084,781.3760,248.2752,93.1442,221.4486,3.7094,4.2000,286.6573,6.4686
28/07/2018 00:00:00,3.4790,0.3160,14.0054,1.0000,0.0000,19.0312,260.2748,105.3264,13.3811,49.1051,1.7460,793.2785,250.6557,56.7398,111.6512,2.5253,4.2000,178.0230,4.4459
29/07/2018 00:00:00,2.3614,0.3258,13.8343,1.0000,0.0000,21.4575,260.0067,107.8678,12.5235,49.0991,1.7020,805.1808,253.0362,53.6546,104.0571,2.4105,4.2000,171.5919,4.2827
30/07/2018 00:00:00,3.1397,0.3356,13.6631,1.0000,0.0000,23.8837,259.7386,110.4092,8.2070,34.2982,1.2787,817.0833,255.4167,35.5336,47.1141,1.7752,4.2000,115.8119,3.1818
31/07/2018 00:00:00,2.2463,0.3453,13.4920,1.0000,0.0000,26.3100,259.4705,112.9507,8.2629,36.7360,1.2332,828.9857,257.7971,36.1623,50.2330,1.6799,4.2000,120.0939,3.0364
01/08/2018 00:00:00,6.3151,0.3476,13.4574,1.0000,0.0000,28.7363,258.8297,115.4921,6.8583,32.3795,1.2338,840.8881,260.1776,30.3464,31.6479,1.6507,4.2000,102.6718,3.0078
02/08/2018 00:00:00,6.4395,0.3449,13.4983,1.0000,0.0000,31.1626,257.9828,118.0335,8.6868,43.4816,1.4729,852.7905,262.5581,38.8702,61.7716,1.9370,4.2000,133.9586,3.5571
03/08/2018 00:00:00,6.8986,0.3422,13.5392,1.0000,0.0000,33.5889,257.1358,120.5750,10.2220,54.1684,1.7178,864.6929,264.9386,46.2666,89.0415,2.2223,4.2000,162.3915,4.1118
04/08/2018 00:00:00,12.5106,0.3395,13.5802,1.0000,0.0000,36.0152,256.2888,123.1164,7.9253,44.4039,1.5302,876.5953,267.3191,36.2935,55.2053,1.9488,4.2000,129.7183,3.6320
05/08/2018 00:00:00,9.8130,0.3368,13.6211,1.0000,0.0000,38.4414,255.4419,125.6579,10.5321,62.3161,1.7124,888.4977,269.6995,48.8113,101.9499,2.1484,4.2000,177.6260,4.0320
06/08/2018 00:00:00,6.0535,0.3341,13.6621,1.0000,0.0000,40.8677,254.5949,128.1993,9.1817,57.3096,1.6446,900.4001,272.0800,43.0763,82.7404,2.0338,4.2000,159.5795,3.8429
07/08/2018 00:00:00,4.0904,0.3314,13.7030,1.0000,0.0000,40.7802,253.7480,130.7407,7.9092,52.0281,1.4980,912.3025,274.4605,37.5732,63.6784,1.8272,4.2000,141.6805,3.4750
08/08/2018 00:00:00,3.5154,0.3297,13.7952,1.0000,0.0000,38.4930,255.7579,132.6389,6.5288,44.1919,1.3343,927.9807,277.5961,32.4348,41.0467,1.5966,4.2000,120.5291,3.0643
09/08/2018 00:00:00,8.3989,0.3288,13.9170,1.0000,0.0000,36.2058,259.4213,134.1647,6.0821,41.7956,1.3105,945.8449,281.1690,32.1252,34.5340,1.5326,4.2000,115.6803,2.9741
10/08/2018 00:00:00,9.2524,0.3278,14.0388,1.0000,0.0000,33.9186,263.0846,135.6905,7.6679,53.5033,1.5367,963.7091,284.7418,42.9658,67.4177,1.7555,4.2000,150.2279,3.4459
11/08/2018 00:00:00,5.4131,0.3269,14.1606,1.0000,0.0000,31.6314,266.7479,137.2162,8.2271,58.2948,1.7370,981.5734,288.3147,48.8059,81.5261,1.9373,4.2000,166.0002,3.8480
12/08/2018 00:00:00,3.6408,0.3260,14.2824,1.0000,0.0000,29.3442,270.4112,138.7420,6.3750,45.8777,1.4720,999.4376,291.8875,39.9667,46.3151,1.6019,4.2000,132.4532,3.2211
13/08/2018 00:00:00,3.0520,0.3250,14.4042,1.0000,0.0000,27.0570,274.0745,140.2678,5.0691,37.0547,1.2405,1017.3018,295.4604,33.5289,20.6313,1.3163,4.2000,108.4334,2.6808
14/08/2018 00:00:00,6.8341,0.3241,14.5260,1.0000,0.0000,24.7698,277.7379,141.7935,4.4220,32.8382,1.2158,1035.1661,299.0332,30.8121,7.9073,1.2571,4.2000,97.3732,2.5944
15/08/2018 00:00:00,4.0148,0.3284,14.7429,1.0000,0.0000,22.4827,277.9224,143.3193,6.1591,46.4721,1.5327,1053.0303,302.6061,45.1483,48.4675,1.5433,4.2000,139.5974,3.2292
16/08/2018 00:00:00,3.2807,0.3364,15.0138,1.0000,0.0000,20.1955,276.1365,144.8451,4.9163,37.6948,1.3845,1070.8945,306.1789,37.8642,21.8845,1.3565,4.2000,114.6782,2.8795
17/08/2018 00:00:00,2.9589,0.3444,15.2847,1.0000,0.0000,17.9083,274.3507,146.3709,4.3842,34.1641,1.3468,1088.7588,309.7518,35.4365,10.7813,1.2831,4.2000,105.2390,2.7645
18/08/2018 00:00:00,2.1675,0.3523,15.5556,1.0000,0.0000,15.6211,272.5648,147.8966,3.9801,31.5269,1.2951,1106.6230,313.3246,33.7264,2.1872,1.1987,4.2000,98.3088,2.6234
19/08/2018 00:00:00,1.8844,0.3603,15.8264,1.0000,0.0000,13.3339,270.7790,149.4224,3.4045,27.4159,1.1968,1124.4872,316.8974,30.2139,0.0000,1.0753,4.2000,86.5201,2.3917
20/08/2018 00:00:00,1.7465,0.3682,16.0973,1.0000,0.0000,11.0467,268.9931,150.9482,3.0236,24.7578,1.1376,1142.3515,320.4703,28.0785,0.0000,0.9912,4.2000,79.0557,2.2425
21/08/2018 00:00:00,2.3419,0.3762,16.3682,1.0000,0.0000,9.9225,267.2072,152.4739,2.9282,24.3839,1.1292,1160.2157,324.0431,28.4310,0.0000,0.9534,4.1545,78.7655,2.1955
22/08/2018 00:00:00,4.4189,0.3823,16.4833,1.0000,0.0000,9.7797,273.1322,151.5649,3.3188,27.9817,1.4699,1162.8679,324.5736,32.9392,0.0000,1.2174,4.0759,90.8860,2.8343
23/08/2018 00:00:00,1.9966,0.3871,16.5103,1.0000,0.0000,9.6368,283.4138,149.2796,3.6863,31.4008,1.5016,1156.9220,323.3844,36.9513,3.4950,1.2288,3.9973,102.2191,2.8806
24/08/2018 00:00:00,1.7798,0.3920,16.5373,1.0000,0.0000,9.4940,293.6954,146.9944,3.2569,28.0427,1.3781,1150.9761,322.1952,32.9878,0.0000,1.1142,3.9188,91.4980,2.6302
25/08/2018 00:00:00,1.6352,0.3968,16.5644,1.0000,0.0000,9.3512,303.9770,144.7091,2.9894,26.0303,1.3141,1145.0302,321.0060,30.6092,0.0000,1.0495,3.8402,85.1346,2.4951
26/08/2018 00:00:00,1.5052,0.4017,16.5914,1.0000,0.0000,9.2083,314.2585,142.4239,2.7274,24.0311,1.2474,1139.0843,319.8169,28.2474,0.0000,0.9840,3.7616,78.7901,2.3562
27/08/2018 00:00:00,1.4501,0.4065,16.6185,1.0000,0.0000,9.0655,324.5401,140.1386,2.5058,22.3538,1.1661,1133.1384,318.6277,26.2654,0.0000,0.9084,3.6830,73.4785,2.1911
28/08/2018 00:00:00,3.6507,0.4114,16.6455,1.0000,0.0000,8.9226,334.8217,137.8534,2.7450,24.8094,1.2874,1127.1925,317.4385,29.1386,0.0000,0.9902,3.6044,81.7664,2.4063
29/08/2018 00:00:00,7.0843,0.4094,16.7300,1.0000,0.0000,8.7798,332.9576,135.5681,3.3313,30.5263,1.4635,1121.2467,316.2493,35.8375,13.1078,1.1112,3.5258,100.8846,2.7211
30/08/2018 00:00:00,7.3628,0.4030,16.8458,1.0000,0.0000,8.6369,324.5052,133.2829,3.6450,33.8888,1.4207,1115.3008,315.0602,39.7672,26.3645,1.0648,3.4472,112.3168,2.6276
31/08/2018 00:00:00,4.3807,0.3965,16.9615,1.0000,0.0000,8.4941,316.0527,130.9976,4.6772,44.1581,1.8012,1109.3549,313.8710,51.7936,62.6580,1.3322,3.3686,146.7857,3.3136
01/09/2018 00:00:00,3.1067,0.3901,17.0772,1.0000,0.0000,8.3513,307.6003,128.7123,3.8624,37.0632,1.6394,1103.4090,312.6818,43.4506,41.2778,1.1964,3.2900,123.5810,2.9998
02/09/2018 00:00:00,2.4796,0.3836,17.1930,1.0000,0.0000,8.2084,299.1479,126.4271,3.2354,31.5861,1.4850,1097.4631,311.4926,37.0108,25.1774,1.0691,3.2114,105.6560,2.7026
03/09/2018 00:00:00,2.1294,0.3772,17.3087,1.0000,0.0000,8.0656,290.6955,124.1418,2.8170,28.0099,1.3824,1091.5172,310.3034,32.8029,15.3516,0.9816,3.1328,94.0057,2.5023
04/09/2018 00:00:00,3.0606,0.3707,17.4245,1.0000,0.0000,8.3480,282.2430,121.8566,2.5926,26.2866,1.4203,1085.5713,309.1143,30.7676,11.6989,0.9946,3.0459,88.5285,2.5570
05/09/2018 00:00:00,3.1504,0.3660,17.4389,1.0000,0.0000,8.9912,282.1890,120.0445,2.7196,27.0901,1.4035,1083.3333,308.6667,32.0278,15.3153,1.0799,2.9530,91.4733,2.6237
06/09/2018 00:00:00,2.3780,0.3628,17.3922,1.0000,0.0000,9.6344,287.2018,118.5180,3.0644,29.3262,1.3680,1083.3333,308.6667,35.2479,23.0466,1.2263,2.8602,99.2290,2.7311
07/09/2018 00:00:00,2.7500,0.3596,17.3455,1.0000,0.0000,10.2776,292.2146,116.9914,2.9686,27.3144,1.2373,1083.3333,308.6667,33.3775,16.4100,1.2840,2.7673,92.6168,2.6451
08/09/2018 00:00:00,2.8376,0.3563,17.2988,1.0000,0.0000,10.9208,297.2274,115.4649,3.4663,30.6873,1.2556,1083.3333,308.6667,38.1273,28.0461,1.5018,2.6745,104.2772,2.8830
09/09/2018 00:00:00,2.0705,0.3531,17.2521,1.0000,0.0000,11.5640,302.2401,113.9384,3.5454,30.2198,1.1418,1083.3333,308.6667,38.1778,26.6581,1.5697,2.5816,102.9135,2.8257
10/09/2018 00:00:00,2.5108,0.3498,17.2054,1.0000,0.0000,12.2072,307.2529,112.4118,3.2769,26.9100,0.9750,1083.3333,308.6667,34.5704,15.5664,1.5382,2.4888,91.8462,2.6108
11/09/2018 00:00:00,2.4216,0.3466,17.1587,1.0000,0.0000,12.8504,312.2657,110.8853,3.3278,26.3434,0.8681,1083.3333,308.6667,34.4163,13.8125,1.5715,2.3959,90.1166,2.5264
12/09/2018 00:00:00,1.8251,0.3518,16.9827,1.0000,0.0000,13.4936,317.6684,109.3588,3.6860,28.1441,0.8285,1083.3333,308.6667,37.3951,20.1710,1.7229,2.3030,96.4994,2.6342
13/09/2018 00:00:00,1.8415,0.3628,16.7343,1.0000,0.0000,14.1368,323.2890,107.8323,3.5275,25.9920,0.7205,1083.3333,308.6667,35.1265,12.9781,1.7259,2.2102,89.3309,2.5184
14/09/2018 00:00:00,1.8923,0.3738,16.4859,1.0000,0.0000,14.7800,328.9096,106.3057,3.4261,24.3729,0.6256,1083.3333,308.6667,33.5047,7.5908,1.7331,2.1173,83.9680,2.4213
15/09/2018 00:00:00,1.4198,0.3848,16.2375,1.0000,0.0000,15.4232,334.5301,104.7792,3.3420,22.9648,0.5366,1083.3333,308.6667,32.1143,2.9093,1.7294,2.0245,79.3108,2.3197
16/09/2018 00:00:00,1.3300,0.3959,15.9891,1.0000,0.0000,16.0665,340.1507,103.2527,3.2247,21.4124,0.4560,1083.3333,308.6667,30.4634,0.0000,1.7235,1.9316,74.1347,2.2251
17/09/2018 00:00:00,1.3337,0.4069,15.7408,1.0000,0.0000,16.7097,345.7713,101.7261,3.1397,20.1542,0.3875,1083.3333,308.6667,29.1738,0.0000,1.7370,1.8388,69.9565,2.1633
18/09/2018 00:00:00,1.1870,0.4179,15.4924,1.0000,0.0000,16.8039,351.3919,100.1996,3.0686,19.0494,0.3190,1083.3333,308.6667,28.0585,0.0000,1.7209,1.7584,66.2942,2.0718
19/09/2018 00:00:00,1.0996,0.4254,15.6581,1.0000,0.0000,16.4465,343.8750,98.3497,3.0221,18.1492,0.3076,1064.3892,304.8778,26.5470,0.0000,1.6544,1.6869,62.7459,1.9928
20/09/2018 00:00:00,1.0483,0.4304,16.0608,1.0000,0.0000,16.0891,328.8410,96.3149,3.0494,17.7217,0.3295,1034.6081,298.9216,25.3650,0.0000,1.5850,1.6154,60.5235,1.9474
21/09/2018 00:00:00,0.9902,0.4355,16.4634,1.0000,0.0000,15.7317,313.8069,94.2800,3.0799,17.3264,0.3503,1004.8270,292.9654,24.2420,0.0000,1.5188,1.5439,58.4285,1.9041
22/09/2018 00:00:00,0.9319,0.4405,16.8661,1.0000,0.0000,15.3743,298.7729,92.2451,3.1140,16.9621,0.3678,975.0459,287.0092,23.1736,0.0000,1.4461,1.4725,56.4530,1.8508
23/09/2018 00:00:00,0.8470,0.4455,17.2688,1.0000,0.0000,15.0169,283.7388,90.2103,3.1162,16.4400,0.3769,945.2648,281.0530,21.9056,0.0000,1.3506,1.4010,53.9735,1.7652
24/09/2018 00:00:00,0.7938,0.4505,17.6714,1.0000,0.0000,14.6595,268.7047,88.1754,3.2134,16.4231,0.3973,915.4837,275.0967,21.3154,0.0000,1.3040,1.3295,53.1588,1.7410
25/09/2018 00:00:00,0.7841,0.4556,18.0741,1.0000,0.0000,14.3021,253.6707,86.1405,3.3820,16.7487,0.4294,885.7026,269.1405,21.1445,0.0000,1.2953,1.2581,53.4191,1.7677
26/09/2018 00:00:00,0.7701,0.4606,18.4768,1.0000,0.0000,13.9447,238.6366,84.1057,3.5664,17.1175,0.4648,855.9215,263.1843,20.9883,0.0000,1.2930,1.1866,53.7639,1.8043
27/09/2018 00:00:00,0.7451,0.4580,18.3873,1.0000,0.0000,13.5872,232.9610,82.0708,3.7376,17.3893,0.4944,826.1404,257.2281,20.6736,0.0000,1.2722,1.1151,53.7512,1.8161
28/09/2018 00:00:00,0.6935,0.4504,18.0377,1.0000,0.0000,13.2298,232.2326,80.0359,3.8687,17.4504,0.5113,796.3593,251.2719,20.0792,0.0000,1.2198,1.0436,53.0481,1.7823
29/09/2018 00:00:00,1.0968,0.4428,17.6880,1.0000,0.0000,12.8724,231.5042,78.0011,4.2605,18.6347,0.5448,766.5782,245.3156,20.7110,0.0000,1.2077,0.9722,55.6709,1.8070
30/09/2018 00:00:00,1.8641,0.4352,17.3384,1.0000,0.0000,12.5150,230.7758,75.9662,5.4414,23.0806,0.6829,736.7970,239.3594,24.7228,9.9540,1.4093,0.9007,67.7100,2.1605
01/10/2018 00:00:00,0.7897,0.4276,16.9888,1.0000,0.0000,12.1576,230.0474,73.9313,4.6489,19.1261,0.6157,707.0159,233.4032,19.6959,0.0000,1.1850,0.8292,55.0513,1.8623
02/10/2018 00:00:00,0.7562,0.4200,16.6391,1.0000,0.0000,11.8806,229.3190,71.8965,4.8137,19.2102,0.6382,677.2348,227.4470,18.9663,0.0000,1.1470,0.8169,54.2018,1.8491
03/10/2018 00:00:00,0.7557,0.4173,16.7804,1.0000,0.0000,11.6671,231.0021,70.5189,4.6643,19.0255,0.6020,666.6667,225.3333,18.8394,0.0000,1.0789,0.8454,53.6077,1.7411
04/10/2018 00:00:00,1.9309,0.4181,17.1885,1.0000,0.0000,11.4536,233.9962,69.5029,5.4886,23.6312,0.7241,666.6667,225.3333,24.0846,13.8430,1.3425,0.8740,67.2107,2.1390
05/10/2018 00:00:00,1.1088,0.4189,17.5966,1.0000,0.0000,11.2400,236.9902,68.4869,4.1646,19.0171,0.5956,666.6667,225.3333,19.9487,1.6014,1.1444,0.9025,54.6054,1.7996
06/10/2018 00:00:00,1.3274,0.4197,18.0048,1.0000,0.0000,11.0265,239.9843,67.4708,4.1853,20.3825,0.6542,666.6667,225.3333,22.0058,6.4567,1.3051,0.9310,59.0970,2.0247
07/10/2018 00:00:00,0.8914,0.4205,18.4129,1.0000,0.0000,10.8130,242.9784,66.4548,3.5355,18.4827,0.5880,666.6667,225.3333,20.5380,1.8452,1.2204,0.9596,54.1218,1.8672
08/10/2018 00:00:00,0.8552,0.4213,18.8210,1.0000,0.0000,10.5994,245.9725,65.4388,3.2488,18.3744,0.5780,666.6667,225.3333,21.0148,2.4374,1.2509,0.9881,54.3503,1.8866
09/10/2018 00:00:00,0.7829,0.4221,19.2291,1.0000,0.0000,10.3859,248.9665,64.4228,2.8789,17.7817,0.5345,666.6667,225.3333,20.9323,1.5921,1.2091,1.0167,53.1413,1.7971
10/10/2018 00:00:00,1.7589,0.4120,19.3192,1.0000,0.0000,10.1724,258.0166,63.4068,3.3977,23.1862,0.6611,666.6667,225.3333,28.0944,18.8385,1.5674,1.0452,70.0240,2.2946
11/10/2018 00:00:00,0.8740,0.3948,19.2415,1.0000,0.0000,9.9588,270.2590,62.3907,2.7673,21.1744,0.5737,666.6667,225.3333,26.4102,13.8149,1.4299,1.0738,64.6367,2.0609
12/10/2018 00:00:00,0.9579,0.3777,19.1639,1.0000,0.0000,9.7453,282.5014,61.3747,2.3024,20.1359,0.5315,666.6667,225.3333,25.8541,11.6841,1.3974,1.1023,62.1423,1.9821
13/10/2018 00:00:00,1.0992,0.3605,19.0862,1.0000,0.0000,9.5318,294.7438,60.3587,1.8837,19.3257,0.4947,666.6667,225.3333,25.5461,10.2165,1.3772,1.1308,60.3109,1.9214
14/10/2018 00:00:00,3.8508,0.3434,19.0086,1.0000,0.0000,9.3182,306.9862,59.3427,1.9506,24.3685,0.6378,666.6667,225.3333,33.1656,27.1891,1.8884,1.1594,76.9199,2.5899
15/10/2018 00:00:00,2.6168,0.3262,18.9310,1.0000,0.0000,9.1047,319.2286,58.3267,1.3855,22.3312,0.5181,666.6667,225.3333,31.2956,21.9469,1.6399,1.1879,71.3140,2.2098
16/10/2018 00:00:00,1.3861,0.3090,18.8533,1.0000,0.0000,8.9269,331.4710,57.3106,0.9625,22.1632,0.4841,666.6667,225.3333,31.9866,22.6208,1.6474,1.2000,71.6242,2.1800
17/10/2018 00:00:00,1.1982,0.3062,18.7838,1.0000,0.0000,8.7835,328.0494,56.2938,0.7391,19.2606,0.4235,666.6667,225.3333,28.1474,14.2054,1.4178,1.2000,62.6345,1.8837
18/10/2018 00:00:00,2.3186,0.3138,18.7189,1.0000,0.0000,8.6401,315.6303,55.2765,0.8676,20.9262,0.4998,666.6667,225.3333,30.6677,20.5204,1.5571,1.2000,68.2540,2.1069
19/10/2018 00:00:00,3.1203,0.3215,18.6540,1.0000,0.0000,8.4966,303.2113,54.2592,1.0250,22.9557,0.6151,666.6667,225.3333,33.7398,28.0661,1.7791,1.2000,75.1042,2.4557
20/10/2018 00:00:00,1.5041,0.3291,18.5891,1.0000,0.0000,8.3532,290.7922,53.2420,1.1505,23.9868,0.6066,666.6667,225.3333,35.3613,32.3849,1.6246,1.2000,78.7274,2.2918
21/10/2018 00:00:00,1.4491,0.3368,18.5242,1.0000,0.0000,8.2098,278.3732,52.2247,1.1680,22.7263,0.6225,666.6667,225.3333,33.6073,29.1889,1.5391,1.2000,74.8359,2.2238
22/10/2018 00:00:00,1.5678,0.3444,18.4593,1.0000,0.0000,8.0664,265.9541,51.2074,1.1660,21.2179,0.6230,666.6667,225.3333,31.4776,25.1551,1.4173,1.2000,70.1066,2.1027
23/10/2018 00:00:00,1.1156,0.3521,18.3944,1.0000,0.0000,7.9230,253.5351,50.1901,1.1929,20.3376,0.6518,666.6667,225.3333,30.2721,23.1788,1.3588,1.2000,67.4347,2.0758
24/10/2018 00:00:00,0.9966,0.3633,18.6539,1.0000,0.0000,7.7795,244.4046,49.1728,1.1750,18.8016,0.6518,666.6667,225.3333,28.0823,19.0088,1.2392,1.2000,62.5692,1.9562
25/10/2018 00:00:00,0.9356,0.3771,19.0961,1.0000,0.0000,7.6361,237.1250,48.1556,1.2045,18.1158,0.6824,666.6667,225.3333,27.1547,17.6499,1.1768,1.2000,60.5148,1.9274
26/10/2018 00:00:00,0.7847,0.3909,19.5383,1.0000,0.0000,7.4927,229.8455,47.1383,1.1252,15.9266,0.6426,666.6667,225.3333,23.9616,11.2409,0.9987,1.2000,53.4103,1.7056
27/10/2018 00:00:00,0.6840,0.4047,19.9804,1.0000,0.0000,7.3493,222.5659,46.1210,1.0992,14.6593,0.6342,666.6667,225.3333,22.1397,7.8862,0.8813,1.2000,49.3600,1.5789
28/10/2018 00:00:00,0.6164,0.4186,20.4226,1.0000,0.0000,7.2059,215.2864,45.1037,1.1343,14.2691,0.6653,666.6667,225.3333,21.6364,7.4706,0.8188,1.2000,48.2489,1.5506
29/10/2018 00:00:00,0.5677,0.4324,20.8648,1.0000,0.0000,7.0624,208.0068,44.0864,1.1888,14.1186,0.7121,666.6667,225.3333,21.4970,7.8664,0.7672,1.2000,47.9492,1.5505
30/10/2018 00:00:00,0.5178,0.4462,21.3069,1.0000,0.0000,7.0000,200.7273,43.0692,1.2412,13.9273,0.7613,666.6667,225.3333,21.2972,8.1279,0.7071,1.4285,47.5151,1.5445
31/10/2018 00:00:00,0.4815,0.4549,21.3374,1.0000,0.0000,7.0000,199.2996,42.7046,1.2548,13.7000,0.7707,662.8455,224.5691,21.3793,8.5193,0.7075,1.8217,47.5320,1.5553
01/11/2018 00:00:00,0.4534,0.4600,21.1388,1.0000,0.0000,7.0000,201.1277,42.7046,1.2442,13.4287,0.7547,656.8905,223.3781,21.5845,8.9050,0.7399,2.2148,47.7225,1.5700
02/11/2018 00:00:00,0.4170,0.4651,20.9402,1.0000,0.0000,7.0000,202.9558,42.7046,1.2259,13.0755,0.7361,650.9354,222.1871,21.6578,8.9995,0.7661,2.6080,47.6217,1.5758
03/11/2018 00:00:00,0.4491,0.4702,20.7416,1.0000,0.0000,7.0000,204.7838,42.7046,1.2620,13.2955,0.7580,644.9804,220.9961,22.7057,11.2270,0.8331,3.0011,49.6539,1.6669
04/11/2018 00:00:00,0.3913,0.4753,20.5429,1.0000,0.0000,7.0000,206.6119,42.7046,1.2221,12.7117,0.7138,639.0254,219.8051,22.3947,10.4773,0.8250,3.3943,48.7089,1.6102
05/11/2018 00:00:00,0.7027,0.4804,20.3443,1.0000,0.0000,7.0000,208.4400,42.7046,1.3539,13.8974,0.7780,633.0703,218.6141,25.2722,16.6360,0.9421,3.7874,54.6724,1.7979
06/11/2018 00:00:00,0.3858,0.4855,20.1457,1.0000,0.0000,7.0000,210.2681,42.7046,1.1940,12.0882,0.6980,627.1153,217.4231,22.7038,11.0135,0.8824,4.1806,48.8546,1.6502
07/11/2018 00:00:00,0.3276,0.4880,20.2314,1.0000,0.0000,7.0000,210.3421,42.7046,1.1742,11.7196,0.6804,621.1602,216.2320,22.7488,11.0466,0.8953,4.5737,48.6924,1.6437
08/11/2018 00:00:00,0.3073,0.4886,20.4814,1.0000,0.0000,7.0000,209.4026,42.7046,1.1579,11.3859,0.6681,615.2052,215.0410,22.8571,11.2169,0.9128,4.9669,48.6675,1.6478
09/11/2018 00:00:00,0.2900,0.4893,20.7313,1.0000,0.0000,7.0000,208.4632,42.7046,1.1449,11.0855,0.6580,609.2502,213.8500,23.0318,11.5287,0.9312,5.3600,48.7840,1.6551
10/11/2018 00:00:00,0.2644,0.4900,20.9813,1.0000,0.0000,7.0000,207.5237,42.7046,1.1046,10.5236,0.6295,603.2951,212.6590,22.6461,10.6590,0.9207,5.7532,47.7190,1.6131
11/11/2018 00:00:00,0.3641,0.4906,21.2312,1.0000,0.0000,7.0000,206.5843,42.7046,1.1542,10.8133,0.6864,597.3401,211.4680,24.1212,13.7016,1.0357,6.1463,50.5664,1.7908
12/11/2018 00:00:00,0.2547,0.4913,21.4812,1.0000,0.0000,7.0000,205.6448,42.7046,1.0961,10.0903,0.6242,591.3850,210.2770,23.3524,12.0358,0.9698,6.5395,48.7053,1.6564
13/11/2018 00:00:00,0.2511,0.4919,21.7311,1.0000,0.0000,7.5825,204.7054,42.7046,1.0922,9.8712,0.6223,585.4300,209.0860,23.7240,12.7558,0.9941,6.5267,49.2300,1.6786
14/11/2018 00:00:00,0.2426,0.4951,21.7310,1.0000,0.0000,8.6538,205.7926,42.7046,1.0701,9.4876,0.6238,583.3333,208.6667,23.6090,13.0986,0.9976,6.2339,49.2784,1.6837
15/11/2018 00:00:00,0.2250,0.5000,21.5952,1.0000,0.0000,9.7250,207.9790,42.7046,1.0223,8.8832,0.6146,583.3333,208.6667,22.8632,12.4494,0.9709,5.9410,48.2807,1.6469
16/11/2018 00:00:00,0.1971,0.5049,21.4594,1.0000,0.0000,10.7963,210.1655,42.7046,0.9262,7.8800,0.5701,583.3333,208.6667,21.0013,9.3795,0.8901,5.6482,44.8624,1.5171
17/11/2018 00:00:00,0.1812,0.5098,21.3236,1.0000,0.0000,11.8676,212.3520,42.7046,0.8991,7.4812,0.5722,583.3333,208.6667,20.6725,9.5310,0.8836,5.3553,44.6655,1.5130
18/11/2018 00:00:00,0.1778,0.5147,21.1878,1.0000,0.0000,12.9388,214.5384,42.7046,0.8850,7.1943,0.5835,583.3333,208.6667,20.6396,10.3130,0.8915,5.0624,45.0992,1.5334
19/11/2018 00:00:00,0.1727,0.5196,21.0520,1.0000,0.0000,14.0101,216.7249,42.7046,0.8602,6.8227,0.5855,583.3333,208.6667,20.3516,10.5297,0.8853,4.7696,44.9675,1.5293
20/11/2018 00:00:00,0.1681,0.5246,20.9162,1.0000,0.0000,15.0814,218.9114,42.7046,0.8463,6.5402,0.5969,583.3333,208.6667,20.3164,11.2972,0.8938,4.4767,45.3865,1.5503
21/11/2018 00:00:00,0.1768,0.5277,20.7894,1.0000,0.0000,16.1527,217.8781,42.7046,0.8143,6.1221,0.5914,583.3333,208.6667,19.8388,11.0637,0.8774,4.1839,44.8046,1.5279
22/11/2018 00:00:00,0.1748,0.5296,20.6676,1.0000,0.0000,17.2239,215.0729,42.7046,0.8029,5.8634,0.5826,583.3333,208.6667,19.8578,11.9404,0.8566,3.8910,45.3329,1.4975
23/11/2018 00:00:00,0.5340,0.5315,20.5458,1.0000,0.0000,18.2952,212.2677,42.7046,0.9810,6.9459,0.7409,583.3333,208.6667,24.6358,23.7987,1.0798,3.5982,56.8429,1.8948
24/11/2018 00:00:00,0.1460,0.5334,20.4239,1.0000,0.0000,19.3665,209.4625,42.7046,0.7563,5.1816,0.6075,583.3333,208.6667,19.2898,12.2838,0.8782,3.3053,44.9795,1.5465
25/11/2018 00:00:00,0.1429,0.5353,20.3021,1.0000,0.0000,20.4377,206.6573,42.7046,0.7294,4.8248,0.6006,583.3333,208.6667,18.8988,12.1825,0.8612,3.0124,44.5299,1.5218
26/11/2018 00:00:00,0.2386,0.5372,20.1803,1.0000,0.0000,21.5090,203.8521,42.7046,0.7232,4.6069,0.5750,583.3333,208.6667,19.0388,13.3264,0.8183,2.7196,45.3253,1.4508
27/11/2018 00:00:00,0.1363,0.5390,20.0585,1.0000,0.0000,21.4975,201.0469,42.7046,0.7059,4.3186,0.6242,583.3333,208.6667,18.8876,13.7767,0.8817,2.5873,45.4272,1.5683
28/11/2018 00:00:00,0.1295,0.5390,20.3067,1.0000,0.0000,20.5697,200.3640,42.7046,0.7035,4.0231,0.6211,579.6086,207.9217,18.6121,13.7096,0.8692,2.5659,44.9383,1.5524
29/11/2018 00:00:00,0.1222,0.5375,20.7754,1.0000,0.0000,19.6420,200.9448,42.7046,0.7133,3.7455,0.6170,573.6556,206.7311,18.3574,13.5660,0.8544,2.5445,44.3289,1.5331
30/11/2018 00:00:00,0.1082,0.5359,21.2440,1.0000,0.0000,18.7142,201.5256,42.7046,0.7011,3.3669,0.5936,567.7026,205.5405,17.5578,12.1059,0.8134,2.5231,42.4031,1.4664
01/12/2018 00:00:00,0.1063,0.5344,21.7127,1.0000,0.0000,17.7865,202.1064,42.7046,0.7257,3.1732,0.6042,561.7497,204.3499,17.6942,12.9067,0.8194,2.5017,42.7381,1.4840
02/12/2018 00:00:00,0.1057,0.5329,22.1813,1.0000,0.0000,16.8588,202.6872,42.7046,0.7548,2.9890,0.6181,555.7967,203.1593,17.9248,13.9348,0.8296,2.4803,43.3004,1.5095
03/12/2018 00:00:00,0.0951,0.5313,22.6499,1.0000,0.0000,15.9310,203.2680,42.7046,0.7463,2.6589,0.5982,549.8437,201.9687,17.2648,12.8117,0.7947,2.4589,41.7116,1.4527
04/12/2018 00:00:00,0.0870,0.5298,23.1186,1.0000,0.0000,15.0033,203.8488,42.7046,0.7438,2.3663,0.5848,543.8908,200.7782,16.7700,12.0873,0.7690,2.4375,40.5213,1.4123
05/12/2018 00:00:00,0.0919,0.5302,23.3296,1.0000,0.0000,14.0755,201.9759,42.7046,0.7843,2.2072,0.6043,537.9378,199.5876,17.2393,13.6924,0.7868,2.4161,41.6607,1.4516
06/12/2018 00:00:00,0.1768,0.5322,23.3907,1.0000,0.0000,13.1478,198.6745,42.7046,0.8224,2.0238,0.6025,531.9848,198.3970,17.6300,15.1081,0.7766,2.3947,42.6107,1.4393
07/12/2018 00:00:00,0.0891,0.5342,23.4518,1.0000,0.0000,12.2200,195.3732,42.7046,0.8470,1.7957,0.6342,526.0318,197.2064,17.7121,15.7782,0.8095,2.3733,42.8150,1.5071
08/12/2018 00:00:00,0.0867,0.5362,23.5129,1.0000,0.0000,11.2923,192.0718,42.7046,0.8616,1.5436,0.6332,520.0789,196.0158,17.5812,15.9332,0.8003,2.3519,42.5042,1.4968
09/12/2018 00:00:00,0.0824,0.5382,23.5740,1.0000,0.0000,10.3646,188.7705,42.7046,0.8799,1.2973,0.6361,514.1259,194.8252,17.5241,16.2669,0.7961,2.3305,42.3721,1.4959
10/12/2018 00:00:00,0.0758,0.5402,23.6351,1.0000,0.0000,9.4368,185.4691,42.7046,0.8789,1.0268,0.6247,508.1729,193.6346,17.0907,15.6905,0.7742,2.3091,41.3300,1.4613
11/12/2018 00:00:00,0.0712,0.5421,23.6962,1.0000,0.0000,9.0000,182.1678,42.7046,0.8848,0.7719,0.6177,502.2200,192.4440,16.8011,15.4618,0.7582,2.2799,40.6355,1.4377
12/12/2018 00:00:00,0.1073,0.5440,23.6320,1.0000,0.0000,9.0000,182.9821,42.8988,0.8352,0.6345,0.5790,500.0000,192.0000,15.7933,12.7692,0.6993,2.2451,37.9878,1.3362
13/12/2018 00:00:00,0.0660,0.5458,23.4932,1.0000,0.0000,9.0000,186.2414,43.2084,0.8881,0.6678,0.6276,500.0000,192.0000,16.9131,14.7606,0.7433,2.2103,40.3277,1.4337
14/12/2018 00:00:00,0.0602,0.5475,23.3545,1.0000,0.0000,9.0000,189.5006,43.5181,0.8632,0.6423,0.6157,500.0000,192.0000,16.5520,13.2147,0.7152,2.1755,39.1305,1.3925
15/12/2018 00:00:00,0.0787,0.5493,23.2158,1.0000,0.0000,9.0000,192.7598,43.8277,0.8227,0.6060,0.6223,500.0000,192.0000,15.8841,10.9735,0.7093,2.1407,37.2378,1.3939
16/12/2018 00:00:00,0.1023,0.5510,23.0771,1.0000,0.0000,9.0000,196.0190,44.1373,0.7948,0.5795,0.5106,500.0000,192.0000,15.4469,9.3038,0.5711,2.1059,35.9168,1.1327
17/12/2018 00:00:00,0.0559,0.5528,22.9383,1.0000,0.0000,9.0000,199.2782,44.4469,0.8523,0.6151,0.6292,500.0000,192.0000,16.6738,11.4968,0.6908,2.0711,38.4583,1.3829
18/12/2018 00:00:00,0.0519,0.5546,22.7996,1.0000,0.0000,9.0000,202.5375,44.7566,0.8582,0.6132,0.6365,500.0000,192.0000,16.8963,11.3548,0.6863,2.0363,38.6649,1.3865
19/12/2018 00:00:00,0.0467,0.5559,22.7931,1.0000,0.0000,9.0000,202.6943,45.0662,0.8281,0.5857,0.6176,500.0000,192.0000,16.4041,9.5902,0.6540,2.0015,37.2489,1.3334
20/12/2018 00:00:00,0.0440,0.5570,22.8650,1.0000,0.0000,9.0000,201.0132,45.3758,0.8171,0.5721,0.6136,500.0000,192.0000,16.2866,8.6947,0.6384,1.9667,36.7020,1.3134
21/12/2018 00:00:00,0.0396,0.5581,22.9369,1.0000,0.0000,9.0000,199.3320,45.6855,0.7861,0.5449,0.5916,500.0000,192.0000,15.7618,6.8997,0.6050,1.9319,35.2555,1.2557
22/12/2018 00:00:00,0.0331,0.5591,23.0088,1.0000,0.0000,9.0000,197.6509,45.9951,0.7164,0.4917,0.5328,500.0000,192.0000,14.4494,3.3798,0.5356,1.8971,32.0842,1.1216
23/12/2018 00:00:00,0.0321,0.5602,23.0806,1.0000,0.0000,9.0000,195.9697,46.3047,0.7174,0.4875,0.5370,500.0000,192.0000,14.5520,3.0278,0.5307,1.8623,32.0808,1.1215
24/12/2018 00:00:00,0.0326,0.5613,23.1525,1.0000,0.0000,9.0000,194.2886,46.6144,0.7389,0.4972,0.5608,500.0000,192.0000,15.0731,3.5945,0.5450,1.8275,32.9961,1.1618
25/12/2018 00:00:00,0.0315,0.5623,23.2244,1.0000,0.0000,9.0000,192.6074,46.9240,0.7398,0.4930,0.5649,500.0000,192.0000,15.1765,3.2429,0.5401,1.7926,32.9931,1.1615
26/12/2018 00:00:00,0.0310,0.5634,23.2963,1.0000,0.0000,9.0000,190.9263,47.2336,0.7463,0.4925,0.5747,500.0000,192.0000,15.3932,3.1385,0.5405,1.7578,33.2373,1.1726
27/12/2018 00:00:00,0.0316,0.5645,23.3681,1.0000,0.0000,9.0000,189.2451,47.5433,0.7704,0.5034,0.6009,500.0000,192.0000,15.9742,3.8148,0.5561,1.7230,34.2621,1.2171
28/12/2018 00:00:00,0.0299,0.5655,23.4400,1.0000,0.0000,9.0000,187.5640,47.8529,0.7573,0.4901,0.5925,500.0000,192.0000,15.7844,2.8374,0.5397,1.6882,33.6334,1.1914
29/12/2018 00:00:00,0.0297,0.5666,23.5119,1.0000,0.0000,9.0000,185.8828,48.1625,0.7669,0.4915,0.6054,500.0000,192.0000,16.0670,2.8709,0.5429,1.6534,34.0154,1.2088
30/12/2018 00:00:00,0.0292,0.5676,23.5838,1.0000,0.0000,9.0000,184.2017,48.4722,0.7714,0.4897,0.6135,500.0000,192.0000,16.2427,2.6769,0.5417,1.6186,34.1700,1.2165
31/12/2018 00:00:00,0.0290,0.5687,23.6556,1.0000,0.0000,9.0000,182.5205,48.7818,0.7812,0.4911,0.6265,500.0000,192.0000,16.5295,2.7155,0.5448,1.5838,34.5571,1.2340
01/01/2019 00:00:00,0.0278,0.5698,23.7275,1.0000,0.0000,9.0000,180.8394,49.0914,0.7730,0.4814,0.6226,500.0000,192.0000,16.4369,1.9633,0.5333,1.5490,34.1535,1.2182
